0.000000000000000000e+00,9.961832061068702782e-01,0.000000000000000000e+00,0.000000000000000000e+00,0.000000000000000000e+00,1.818181818181817955e-01,9.722222222222220989e-01,0.000000000000000000e+00,0.000000000000000000e+00,5.000000000000000000e-01,0.000000000000000000e+00,0.000000000000000000e+00,0.000000000000000000e+00,0.000000000000000000e+00,0.000000000000000000e+00,0.000000000000000000e+00,6.281991624011172559e-02,0.000000000000000000e+00,9.962546816479400658e-01,0.000000000000000000e+00,5.000000000000000000e-01,0.000000000000000000e+00,4.999999999999998890e-01,0.000000000000000000e+00,0.000000000000000000e+00,4.999999999999997224e-01,6.603773584905682503e-02,9.090909090909090606e-01,1.000000000000000000e+00,0.000000000000000000e+00,0.000000000000000000e+00,0.000000000000000000e+00,0.000000000000000000e+00,0.000000000000000000e+00,1.000000000000000000e+00,1.333333333333334980e-01,9.814814814814815103e-01,7.368421052631580759e-01,6.249999999999998890e-01,4.655172413793112196e-01,5.714285714285715079e-01,5.000000000000000000e-01,0.000000000000000000e+00,0.000000000000000000e+00,1.000000000000000000e+00,4.628099173553713586e-01,1.000000000000000000e+00,0.000000000000000000e+00,0.000000000000000000e+00,0.000000000000000000e+00,0.000000000000000000e+00,0.000000000000000000e+00
0.000000000000000000e+00,1.000000000000000000e+00,0.000000000000000000e+00,0.000000000000000000e+00,0.000000000000000000e+00,1.818181818181817955e-01,9.722222222222220989e-01,1.156069364161850174e-02,0.000000000000000000e+00,5.000000000000000000e-01,0.000000000000000000e+00,0.000000000000000000e+00,0.000000000000000000e+00,0.000000000000000000e+00,0.000000000000000000e+00,0.000000000000000000e+00,6.281991624011172559e-02,0.000000000000000000e+00,9.962546816479400658e-01,0.000000000000000000e+00,5.000000000000000000e-01,0.000000000000000000e+00,4.999999999999998890e-01,0.000000000000000000e+00,0.000000000000000000e+00,4.999999999999997224e-01,6.603773584905682503e-02,9.090909090909090606e-01,1.000000000000000000e+00,0.000000000000000000e+00,0.000000000000000000e+00,0.000000000000000000e+00,0.000000000000000000e+00,0.000000000000000000e+00,1.000000000000000000e+00,1.333333333333334980e-01,9.814814814814815103e-01,7.368421052631580759e-01,6.249999999999998890e-01,3.448275862068971853e-01,5.714285714285715079e-01,5.000000000000000000e-01,0.000000000000000000e+00,0.000000000000000000e+00,1.000000000000000000e+00,4.628099173553713586e-01,1.000000000000000000e+00,0.000000000000000000e+00,0.000000000000000000e+00,0.000000000000000000e+00,0.000000000000000000e+00,0.000000000000000000e+00
0.000000000000000000e+00,1.000000000000000000e+00,0.000000000000000000e+00,0.000000000000000000e+00,0.000000000000000000e+00,1.818181818181817955e-01,9.444444444444444198e-01,1.156069364161850174e-02,0.000000000000000000e+00,5.000000000000000000e-01,0.000000000000000000e+00,0.000000000000000000e+00,0.000000000000000000e+00,0.000000000000000000e+00,0.000000000000000000e+00,0.000000000000000000e+00,6.281991624011172559e-02,0.000000000000000000e+00,9.962546816479400658e-01,0.000000000000000000e+00,5.000000000000000000e-01,0.000000000000000000e+00,4.999999999999998890e-01,0.000000000000000000e+00,0.000000000000000000e+00,4.999999999999997224e-01,6.603773584905682503e-02,8.181818181818181213e-01,1.000000000000000000e+00,0.000000000000000000e+00,0.000000000000000000e+00,0.000000000000000000e+00,0.000000000000000000e+00,0.000000000000000000e+00,1.000000000000000000e+00,1.333333333333334980e-01,9.768518518518517491e-01,7.368421052631580759e-01,6.249999999999998890e-01,3.448275862068971853e-01,5.714285714285715079e-01,2.499999999999999722e-01,0.000000000000000000e+00,0.000000000000000000e+00,1.000000000000000000e+00,4.628099173553713586e-01,8.333333333333333703e-01,0.000000000000000000e+00,0.000000000000000000e+00,0.000000000000000000e+00,0.000000000000000000e+00,0.000000000000000000e+00
0.000000000000000000e+00,1.000000000000000000e+00,0.000000000000000000e+00,0.000000000000000000e+00,0.000000000000000000e+00,1.818181818181817955e-01,9.444444444444444198e-01,1.156069364161850174e-02,0.000000000000000000e+00,5.000000000000000000e-01,0.000000000000000000e+00,0.000000000000000000e+00,0.000000000000000000e+00,0.000000000000000000e+00,0.000000000000000000e+00,0.000000000000000000e+00,6.281991624011172559e-02,0.000000000000000000e+00,9.962546816479400658e-01,0.000000000000000000e+00,5.000000000000000000e-01,0.000000000000000000e+00,4.999999999999998890e-01,0.000000000000000000e+00,0.000000000000000000e+00,4.999999999999997224e-01,6.603773584905682503e-02,8.181818181818181213e-01,1.000000000000000000e+00,0.000000000000000000e+00,0.000000000000000000e+00,0.000000000000000000e+00,0.000000000000000000e+00,0.000000000000000000e+00,1.000000000000000000e+00,1.333333333333334980e-01,9.768518518518517491e-01,7.368421052631580759e-01,6.249999999999998890e-01,3.448275862068971853e-01,5.714285714285715079e-01,2.499999999999999722e-01,0.000000000000000000e+00,0.000000000000000000e+00,7.500000000000000000e-01,4.628099173553713586e-01,8.333333333333333703e-01,0.000000000000000000e+00,0.000000000000000000e+00,0.000000000000000000e+00,0.000000000000000000e+00,0.000000000000000000e+00
0.000000000000000000e+00,1.000000000000000000e+00,0.000000000000000000e+00,0.000000000000000000e+00,0.000000000000000000e+00,1.818181818181817955e-01,9.444444444444444198e-01,1.156069364161850174e-02,0.000000000000000000e+00,5.000000000000000000e-01,0.000000000000000000e+00,0.000000000000000000e+00,0.000000000000000000e+00,0.000000000000000000e+00,0.000000000000000000e+00,0.000000000000000000e+00,6.281991624011172559e-02,0.000000000000000000e+00,9.962546816479400658e-01,0.000000000000000000e+00,5.000000000000000000e-01,0.000000000000000000e+00,4.999999999999998890e-01,0.000000000000000000e+00,0.000000000000000000e+00,4.999999999999997224e-01,6.603773584905682503e-02,6.363636363636363535e-01,1.000000000000000000e+00,0.000000000000000000e+00,0.000000000000000000e+00,0.000000000000000000e+00,0.000000000000000000e+00,0.000000000000000000e+00,1.000000000000000000e+00,1.370370370370372903e-01,9.768518518518517491e-01,7.368421052631580759e-01,6.249999999999998890e-01,3.448275862068971853e-01,5.714285714285715079e-01,7.500000000000000000e-01,0.000000000000000000e+00,0.000000000000000000e+00,7.500000000000000000e-01,4.628099173553713586e-01,8.333333333333333703e-01,0.000000000000000000e+00,0.000000000000000000e+00,0.000000000000000000e+00,0.000000000000000000e+00,0.000000000000000000e+00
0.000000000000000000e+00,1.000000000000000000e+00,0.000000000000000000e+00,0.000000000000000000e+00,0.000000000000000000e+00,1.818181818181817955e-01,9.444444444444444198e-01,1.156069364161850174e-02,0.000000000000000000e+00,5.000000000000000000e-01,0.000000000000000000e+00,0.000000000000000000e+00,0.000000000000000000e+00,0.000000000000000000e+00,0.000000000000000000e+00,0.000000000000000000e+00,6.281991624011172559e-02,0.000000000000000000e+00,9.962546816479400658e-01,0.000000000000000000e+00,5.000000000000000000e-01,0.000000000000000000e+00,4.999999999999998890e-01,0.000000000000000000e+00,0.000000000000000000e+00,4.999999999999997224e-01,6.603773584905682503e-02,5.454545454545454142e-01,1.000000000000000000e+00,0.000000000000000000e+00,0.000000000000000000e+00,0.000000000000000000e+00,0.000000000000000000e+00,0.000000000000000000e+00,1.000000000000000000e+00,1.370370370370372903e-01,9.768518518518517491e-01,7.368421052631580759e-01,6.249999999999998890e-01,2.068965517241383167e-01,5.714285714285715079e-01,7.500000000000000000e-01,0.000000000000000000e+00,0.000000000000000000e+00,7.500000000000000000e-01,4.628099173553713586e-01,8.333333333333333703e-01,0.000000000000000000e+00,0.000000000000000000e+00,0.000000000000000000e+00,0.000000000000000000e+00,0.000000000000000000e+00
0.000000000000000000e+00,1.000000000000000000e+00,0.000000000000000000e+00,0.000000000000000000e+00,0.000000000000000000e+00,1.818181818181817955e-01,9.444444444444444198e-01,1.156069364161850174e-02,0.000000000000000000e+00,5.000000000000000000e-01,0.000000000000000000e+00,0.000000000000000000e+00,0.000000000000000000e+00,0.000000000000000000e+00,0.000000000000000000e+00,0.000000000000000000e+00,6.281991624011172559e-02,0.000000000000000000e+00,1.000000000000000000e+00,0.000000000000000000e+00,5.000000000000000000e-01,0.000000000000000000e+00,4.999999999999998890e-01,0.000000000000000000e+00,0.000000000000000000e+00,4.999999999999997224e-01,6.603773584905682503e-02,5.454545454545454142e-01,1.000000000000000000e+00,0.000000000000000000e+00,0.000000000000000000e+00,0.000000000000000000e+00,0.000000000000000000e+00,0.000000000000000000e+00,1.000000000000000000e+00,1.370370370370372903e-01,9.768518518518517491e-01,7.368421052631580759e-01,6.249999999999998890e-01,1.379310344827588963e-01,1.428571428571428770e-01,7.500000000000000000e-01,0.000000000000000000e+00,0.000000000000000000e+00,7.500000000000000000e-01,4.628099173553713586e-01,8.333333333333333703e-01,0.000000000000000000e+00,0.000000000000000000e+00,0.000000000000000000e+00,0.000000000000000000e+00,0.000000000000000000e+00
0.000000000000000000e+00,9.961832061068702782e-01,0.000000000000000000e+00,0.000000000000000000e+00,0.000000000000000000e+00,1.818181818181817955e-01,9.444444444444444198e-01,1.156069364161850174e-02,0.000000000000000000e+00,5.000000000000000000e-01,0.000000000000000000e+00,0.000000000000000000e+00,0.000000000000000000e+00,0.000000000000000000e+00,0.000000000000000000e+00,0.000000000000000000e+00,6.281991624011172559e-02,0.000000000000000000e+00,1.000000000000000000e+00,0.000000000000000000e+00,5.000000000000000000e-01,0.000000000000000000e+00,4.999999999999998890e-01,0.000000000000000000e+00,0.000000000000000000e+00,4.999999999999997224e-01,6.603773584905682503e-02,5.454545454545454142e-01,1.000000000000000000e+00,0.000000000000000000e+00,0.000000000000000000e+00,0.000000000000000000e+00,0.000000000000000000e+00,0.000000000000000000e+00,1.000000000000000000e+00,1.370370370370372903e-01,9.768518518518517491e-01,7.368421052631580759e-01,5.000000000000000000e-01,2.758620689655177372e-01,1.428571428571428770e-01,7.500000000000000000e-01,0.000000000000000000e+00,0.000000000000000000e+00,1.000000000000000000e+00,4.628099173553713586e-01,1.000000000000000000e+00,0.000000000000000000e+00,0.000000000000000000e+00,0.000000000000000000e+00,0.000000000000000000e+00,0.000000000000000000e+00
0.000000000000000000e+00,9.961832061068702782e-01,0.000000000000000000e+00,0.000000000000000000e+00,0.000000000000000000e+00,1.818181818181817955e-01,9.444444444444444198e-01,1.734104046242777517e-02,0.000000000000000000e+00,5.000000000000000000e-01,0.000000000000000000e+00,0.000000000000000000e+00,0.000000000000000000e+00,0.000000000000000000e+00,0.000000000000000000e+00,0.000000000000000000e+00,6.281991624011172559e-02,0.000000000000000000e+00,9.962546816479400658e-01,0.000000000000000000e+00,5.000000000000000000e-01,0.000000000000000000e+00,4.999999999999998890e-01,0.000000000000000000e+00,0.000000000000000000e+00,4.999999999999997224e-01,6.603773584905682503e-02,5.454545454545454142e-01,1.000000000000000000e+00,0.000000000000000000e+00,0.000000000000000000e+00,0.000000000000000000e+00,0.000000000000000000e+00,0.000000000000000000e+00,1.000000000000000000e+00,1.370370370370372903e-01,9.768518518518517491e-01,7.368421052631580759e-01,3.750000000000000000e-01,4.137931034482766335e-01,1.428571428571428770e-01,7.500000000000000000e-01,0.000000000000000000e+00,0.000000000000000000e+00,1.000000000000000000e+00,4.628099173553713586e-01,1.000000000000000000e+00,0.000000000000000000e+00,0.000000000000000000e+00,0.000000000000000000e+00,0.000000000000000000e+00,0.000000000000000000e+00
0.000000000000000000e+00,9.961832061068702782e-01,0.000000000000000000e+00,0.000000000000000000e+00,0.000000000000000000e+00,1.818181818181817955e-01,9.444444444444444198e-01,1.734104046242777517e-02,0.000000000000000000e+00,5.000000000000000000e-01,0.000000000000000000e+00,0.000000000000000000e+00,0.000000000000000000e+00,0.000000000000000000e+00,0.000000000000000000e+00,0.000000000000000000e+00,6.281991624011172559e-02,0.000000000000000000e+00,9.962546816479400658e-01,0.000000000000000000e+00,5.000000000000000000e-01,0.000000000000000000e+00,4.999999999999998890e-01,0.000000000000000000e+00,0.000000000000000000e+00,4.999999999999997224e-01,9.433962264150944077e-02,5.454545454545454142e-01,1.000000000000000000e+00,0.000000000000000000e+00,0.000000000000000000e+00,0.000000000000000000e+00,0.000000000000000000e+00,0.000000000000000000e+00,1.000000000000000000e+00,1.370370370370372903e-01,9.768518518518517491e-01,7.368421052631580759e-01,3.750000000000000000e-01,4.827586206896560816e-01,5.714285714285715079e-01,7.500000000000000000e-01,0.000000000000000000e+00,0.000000000000000000e+00,1.000000000000000000e+00,4.628099173553713586e-01,1.000000000000000000e+00,0.000000000000000000e+00,0.000000000000000000e+00,0.000000000000000000e+00,0.000000000000000000e+00,0.000000000000000000e+00
0.000000000000000000e+00,1.000000000000000000e+00,0.000000000000000000e+00,0.000000000000000000e+00,0.000000000000000000e+00,1.818181818181817955e-01,9.444444444444444198e-01,1.734104046242777517e-02,0.000000000000000000e+00,5.000000000000000000e-01,0.000000000000000000e+00,0.000000000000000000e+00,0.000000000000000000e+00,0.000000000000000000e+00,0.000000000000000000e+00,0.000000000000000000e+00,6.281991624011172559e-02,0.000000000000000000e+00,9.962546816479400658e-01,0.000000000000000000e+00,5.000000000000000000e-01,0.000000000000000000e+00,4.999999999999998890e-01,0.000000000000000000e+00,0.000000000000000000e+00,4.999999999999997224e-01,9.433962264150944077e-02,4.545454545454545303e-01,1.000000000000000000e+00,0.000000000000000000e+00,0.000000000000000000e+00,0.000000000000000000e+00,0.000000000000000000e+00,0.000000000000000000e+00,1.000000000000000000e+00,1.370370370370372903e-01,9.768518518518517491e-01,7.368421052631580759e-01,3.750000000000000000e-01,4.827586206896560816e-01,5.714285714285715079e-01,7.500000000000000000e-01,0.000000000000000000e+00,0.000000000000000000e+00,1.000000000000000000e+00,4.628099173553713586e-01,1.000000000000000000e+00,0.000000000000000000e+00,0.000000000000000000e+00,0.000000000000000000e+00,0.000000000000000000e+00,0.000000000000000000e+00
0.000000000000000000e+00,1.000000000000000000e+00,0.000000000000000000e+00,0.000000000000000000e+00,0.000000000000000000e+00,1.818181818181817955e-01,9.444444444444444198e-01,1.734104046242777517e-02,0.000000000000000000e+00,5.000000000000000000e-01,0.000000000000000000e+00,0.000000000000000000e+00,0.000000000000000000e+00,0.000000000000000000e+00,0.000000000000000000e+00,0.000000000000000000e+00,6.281991624011172559e-02,0.000000000000000000e+00,9.962546816479400658e-01,0.000000000000000000e+00,5.000000000000000000e-01,0.000000000000000000e+00,4.999999999999998890e-01,0.000000000000000000e+00,0.000000000000000000e+00,4.999999999999997224e-01,9.433962264150944077e-02,3.636363636363635909e-01,1.000000000000000000e+00,0.000000000000000000e+00,0.000000000000000000e+00,0.000000000000000000e+00,0.000000000000000000e+00,0.000000000000000000e+00,1.000000000000000000e+00,1.370370370370372903e-01,9.768518518518517491e-01,7.368421052631580759e-01,3.750000000000000000e-01,4.827586206896560816e-01,5.714285714285715079e-01,7.500000000000000000e-01,0.000000000000000000e+00,0.000000000000000000e+00,7.500000000000000000e-01,4.628099173553713586e-01,8.333333333333333703e-01,0.000000000000000000e+00,0.000000000000000000e+00,0.000000000000000000e+00,0.000000000000000000e+00,0.000000000000000000e+00
0.000000000000000000e+00,9.961832061068702782e-01,0.000000000000000000e+00,0.000000000000000000e+00,0.000000000000000000e+00,1.818181818181817955e-01,9.444444444444444198e-01,1.734104046242777517e-02,0.000000000000000000e+00,5.000000000000000000e-01,0.000000000000000000e+00,0.000000000000000000e+00,0.000000000000000000e+00,0.000000000000000000e+00,0.000000000000000000e+00,0.000000000000000000e+00,6.281991624011172559e-02,0.000000000000000000e+00,9.962546816479400658e-01,0.000000000000000000e+00,5.000000000000000000e-01,0.000000000000000000e+00,4.999999999999998890e-01,0.000000000000000000e+00,0.000000000000000000e+00,4.999999999999997224e-01,9.433962264150944077e-02,3.636363636363635909e-01,1.000000000000000000e+00,0.000000000000000000e+00,0.000000000000000000e+00,0.000000000000000000e+00,0.000000000000000000e+00,0.000000000000000000e+00,1.000000000000000000e+00,1.370370370370372903e-01,9.768518518518517491e-01,7.368421052631580759e-01,3.750000000000000000e-01,2.931034482758625992e-01,5.714285714285715079e-01,7.500000000000000000e-01,0.000000000000000000e+00,0.000000000000000000e+00,7.500000000000000000e-01,4.628099173553713586e-01,8.333333333333333703e-01,0.000000000000000000e+00,0.000000000000000000e+00,0.000000000000000000e+00,0.000000000000000000e+00,0.000000000000000000e+00
0.000000000000000000e+00,9.961832061068702782e-01,0.000000000000000000e+00,0.000000000000000000e+00,0.000000000000000000e+00,1.818181818181817955e-01,9.444444444444444198e-01,1.734104046242777517e-02,0.000000000000000000e+00,5.000000000000000000e-01,0.000000000000000000e+00,0.000000000000000000e+00,0.000000000000000000e+00,0.000000000000000000e+00,0.000000000000000000e+00,0.000000000000000000e+00,6.281991624011172559e-02,0.000000000000000000e+00,9.962546816479400658e-01,0.000000000000000000e+00,5.000000000000000000e-01,0.000000000000000000e+00,4.999999999999998890e-01,0.000000000000000000e+00,0.000000000000000000e+00,4.999999999999997224e-01,9.433962264150944077e-02,3.636363636363635909e-01,1.000000000000000000e+00,0.000000000000000000e+00,0.000000000000000000e+00,0.000000000000000000e+00,0.000000000000000000e+00,0.000000000000000000e+00,1.000000000000000000e+00,1.370370370370372903e-01,9.768518518518517491e-01,7.368421052631580759e-01,3.750000000000000000e-01,2.586206896551728751e-01,7.142857142857143016e-01,7.500000000000000000e-01,0.000000000000000000e+00,0.000000000000000000e+00,7.500000000000000000e-01,4.628099173553713586e-01,8.333333333333333703e-01,0.000000000000000000e+00,0.000000000000000000e+00,0.000000000000000000e+00,0.000000000000000000e+00,0.000000000000000000e+00
0.000000000000000000e+00,9.961832061068702782e-01,0.000000000000000000e+00,0.000000000000000000e+00,0.000000000000000000e+00,1.818181818181817955e-01,9.444444444444444198e-01,1.734104046242777517e-02,0.000000000000000000e+00,5.000000000000000000e-01,0.000000000000000000e+00,0.000000000000000000e+00,0.000000000000000000e+00,0.000000000000000000e+00,0.000000000000000000e+00,0.000000000000000000e+00,6.281991624011172559e-02,0.000000000000000000e+00,9.962546816479400658e-01,0.000000000000000000e+00,5.000000000000000000e-01,0.000000000000000000e+00,4.999999999999998890e-01,0.000000000000000000e+00,0.000000000000000000e+00,4.999999999999997224e-01,9.433962264150944077e-02,3.636363636363635909e-01,1.000000000000000000e+00,0.000000000000000000e+00,0.000000000000000000e+00,0.000000000000000000e+00,0.000000000000000000e+00,0.000000000000000000e+00,1.000000000000000000e+00,1.370370370370372903e-01,9.768518518518517491e-01,7.368421052631580759e-01,3.750000000000000000e-01,2.586206896551728751e-01,7.142857142857143016e-01,7.500000000000000000e-01,0.000000000000000000e+00,0.000000000000000000e+00,7.500000000000000000e-01,4.628099173553713586e-01,6.666666666666667407e-01,0.000000000000000000e+00,0.000000000000000000e+00,0.000000000000000000e+00,0.000000000000000000e+00,0.000000000000000000e+00
0.000000000000000000e+00,9.961832061068702782e-01,0.000000000000000000e+00,0.000000000000000000e+00,0.000000000000000000e+00,1.818181818181817955e-01,9.444444444444444198e-01,1.734104046242777517e-02,0.000000000000000000e+00,5.000000000000000000e-01,0.000000000000000000e+00,0.000000000000000000e+00,0.000000000000000000e+00,0.000000000000000000e+00,0.000000000000000000e+00,0.000000000000000000e+00,6.281991624011172559e-02,0.000000000000000000e+00,1.000000000000000000e+00,0.000000000000000000e+00,5.000000000000000000e-01,0.000000000000000000e+00,4.999999999999998890e-01,0.000000000000000000e+00,0.000000000000000000e+00,4.999999999999997224e-01,9.433962264150944077e-02,2.727272727272727071e-01,1.000000000000000000e+00,0.000000000000000000e+00,0.000000000000000000e+00,0.000000000000000000e+00,0.000000000000000000e+00,0.000000000000000000e+00,1.000000000000000000e+00,1.370370370370372903e-01,9.768518518518517491e-01,5.833333333333335924e-01,5.000000000000000000e-01,4.137931034482766335e-01,7.142857142857143016e-01,7.500000000000000000e-01,0.000000000000000000e+00,0.000000000000000000e+00,7.500000000000000000e-01,4.628099173553713586e-01,6.666666666666667407e-01,0.000000000000000000e+00,0.000000000000000000e+00,0.000000000000000000e+00,0.000000000000000000e+00,0.000000000000000000e+00
0.000000000000000000e+00,9.961832061068702782e-01,0.000000000000000000e+00,0.000000000000000000e+00,0.000000000000000000e+00,1.818181818181817955e-01,9.444444444444444198e-01,1.734104046242777517e-02,0.000000000000000000e+00,5.000000000000000000e-01,0.000000000000000000e+00,0.000000000000000000e+00,0.000000000000000000e+00,0.000000000000000000e+00,0.000000000000000000e+00,0.000000000000000000e+00,6.281991624011172559e-02,0.000000000000000000e+00,1.000000000000000000e+00,0.000000000000000000e+00,5.000000000000000000e-01,0.000000000000000000e+00,4.999999999999998890e-01,0.000000000000000000e+00,0.000000000000000000e+00,4.999999999999997224e-01,9.433962264150944077e-02,1.818181818181817955e-01,1.000000000000000000e+00,0.000000000000000000e+00,0.000000000000000000e+00,0.000000000000000000e+00,0.000000000000000000e+00,0.000000000000000000e+00,1.000000000000000000e+00,1.370370370370372903e-01,9.768518518518517491e-01,5.833333333333335924e-01,5.000000000000000000e-01,5.862068965517233110e-01,1.000000000000000000e+00,7.500000000000000000e-01,0.000000000000000000e+00,0.000000000000000000e+00,7.500000000000000000e-01,4.628099173553713586e-01,6.666666666666667407e-01,0.000000000000000000e+00,0.000000000000000000e+00,0.000000000000000000e+00,0.000000000000000000e+00,0.000000000000000000e+00
0.000000000000000000e+00,9.961832061068702782e-01,0.000000000000000000e+00,0.000000000000000000e+00,0.000000000000000000e+00,1.818181818181817955e-01,9.444444444444444198e-01,1.734104046242777517e-02,0.000000000000000000e+00,5.000000000000000000e-01,0.000000000000000000e+00,0.000000000000000000e+00,0.000000000000000000e+00,0.000000000000000000e+00,0.000000000000000000e+00,0.000000000000000000e+00,6.281991624011172559e-02,0.000000000000000000e+00,1.000000000000000000e+00,0.000000000000000000e+00,5.000000000000000000e-01,0.000000000000000000e+00,4.999999999999998890e-01,0.000000000000000000e+00,0.000000000000000000e+00,4.999999999999997224e-01,9.433962264150944077e-02,1.818181818181817955e-01,1.000000000000000000e+00,0.000000000000000000e+00,0.000000000000000000e+00,0.000000000000000000e+00,0.000000000000000000e+00,0.000000000000000000e+00,1.000000000000000000e+00,1.370370370370372903e-01,9.768518518518517491e-01,5.833333333333335924e-01,5.000000000000000000e-01,7.068965517241374563e-01,1.000000000000000000e+00,7.500000000000000000e-01,0.000000000000000000e+00,0.000000000000000000e+00,7.500000000000000000e-01,4.628099173553713586e-01,6.666666666666667407e-01,0.000000000000000000e+00,0.000000000000000000e+00,0.000000000000000000e+00,0.000000000000000000e+00,0.000000000000000000e+00
0.000000000000000000e+00,9.961832061068702782e-01,0.000000000000000000e+00,0.000000000000000000e+00,0.000000000000000000e+00,1.818181818181817955e-01,9.444444444444444198e-01,1.734104046242777517e-02,0.000000000000000000e+00,5.000000000000000000e-01,0.000000000000000000e+00,0.000000000000000000e+00,0.000000000000000000e+00,0.000000000000000000e+00,0.000000000000000000e+00,0.000000000000000000e+00,6.281991624011172559e-02,0.000000000000000000e+00,1.000000000000000000e+00,0.000000000000000000e+00,5.000000000000000000e-01,0.000000000000000000e+00,4.999999999999998890e-01,0.000000000000000000e+00,0.000000000000000000e+00,4.999999999999997224e-01,9.433962264150944077e-02,1.818181818181817955e-01,1.000000000000000000e+00,0.000000000000000000e+00,0.000000000000000000e+00,0.000000000000000000e+00,0.000000000000000000e+00,0.000000000000000000e+00,1.000000000000000000e+00,1.370370370370372903e-01,9.768518518518517491e-01,6.929824561403512551e-01,5.000000000000000000e-01,7.241379310344822073e-01,1.000000000000000000e+00,7.500000000000000000e-01,0.000000000000000000e+00,0.000000000000000000e+00,7.500000000000000000e-01,4.628099173553713586e-01,6.666666666666667407e-01,0.000000000000000000e+00,0.000000000000000000e+00,0.000000000000000000e+00,0.000000000000000000e+00,0.000000000000000000e+00
0.000000000000000000e+00,9.961832061068702782e-01,0.000000000000000000e+00,0.000000000000000000e+00,0.000000000000000000e+00,1.818181818181817955e-01,9.444444444444444198e-01,1.734104046242777517e-02,0.000000000000000000e+00,5.000000000000000000e-01,0.000000000000000000e+00,0.000000000000000000e+00,0.000000000000000000e+00,0.000000000000000000e+00,0.000000000000000000e+00,0.000000000000000000e+00,6.281991624011172559e-02,0.000000000000000000e+00,1.000000000000000000e+00,0.000000000000000000e+00,5.000000000000000000e-01,0.000000000000000000e+00,4.999999999999998890e-01,0.000000000000000000e+00,0.000000000000000000e+00,4.999999999999997224e-01,9.433962264150944077e-02,1.818181818181817955e-01,1.000000000000000000e+00,0.000000000000000000e+00,0.000000000000000000e+00,0.000000000000000000e+00,0.000000000000000000e+00,0.000000000000000000e+00,1.000000000000000000e+00,1.370370370370372903e-01,9.768518518518517491e-01,7.807017543859647857e-01,5.000000000000000000e-01,6.034482758620682841e-01,7.142857142857143016e-01,7.500000000000000000e-01,0.000000000000000000e+00,0.000000000000000000e+00,7.500000000000000000e-01,4.628099173553713586e-01,6.666666666666667407e-01,0.000000000000000000e+00,0.000000000000000000e+00,0.000000000000000000e+00,0.000000000000000000e+00,0.000000000000000000e+00
0.000000000000000000e+00,9.961832061068702782e-01,0.000000000000000000e+00,0.000000000000000000e+00,0.000000000000000000e+00,1.818181818181817955e-01,9.444444444444444198e-01,1.734104046242777517e-02,0.000000000000000000e+00,5.000000000000000000e-01,0.000000000000000000e+00,0.000000000000000000e+00,0.000000000000000000e+00,0.000000000000000000e+00,0.000000000000000000e+00,0.000000000000000000e+00,6.281991624011172559e-02,0.000000000000000000e+00,9.962546816479400658e-01,0.000000000000000000e+00,5.000000000000000000e-01,0.000000000000000000e+00,4.999999999999998890e-01,0.000000000000000000e+00,0.000000000000000000e+00,4.999999999999997224e-01,9.433962264150944077e-02,1.818181818181817955e-01,1.000000000000000000e+00,0.000000000000000000e+00,0.000000000000000000e+00,0.000000000000000000e+00,0.000000000000000000e+00,0.000000000000000000e+00,1.000000000000000000e+00,1.370370370370372903e-01,9.768518518518517491e-01,7.807017543859647857e-01,5.000000000000000000e-01,5.172413793103457502e-01,7.142857142857143016e-01,7.500000000000000000e-01,0.000000000000000000e+00,0.000000000000000000e+00,7.500000000000000000e-01,4.628099173553713586e-01,6.666666666666667407e-01,0.000000000000000000e+00,0.000000000000000000e+00,0.000000000000000000e+00,0.000000000000000000e+00,0.000000000000000000e+00
0.000000000000000000e+00,9.961832061068702782e-01,0.000000000000000000e+00,0.000000000000000000e+00,0.000000000000000000e+00,1.818181818181817955e-01,9.444444444444444198e-01,1.734104046242777517e-02,0.000000000000000000e+00,5.000000000000000000e-01,0.000000000000000000e+00,0.000000000000000000e+00,0.000000000000000000e+00,0.000000000000000000e+00,0.000000000000000000e+00,0.000000000000000000e+00,6.281991624011172559e-02,0.000000000000000000e+00,9.962546816479400658e-01,0.000000000000000000e+00,5.000000000000000000e-01,0.000000000000000000e+00,4.999999999999998890e-01,0.000000000000000000e+00,0.000000000000000000e+00,4.999999999999997224e-01,9.433962264150944077e-02,1.818181818181817955e-01,1.000000000000000000e+00,0.000000000000000000e+00,0.000000000000000000e+00,0.000000000000000000e+00,0.000000000000000000e+00,0.000000000000000000e+00,1.000000000000000000e+00,1.370370370370372903e-01,9.768518518518517491e-01,7.807017543859647857e-01,5.000000000000000000e-01,3.965517241379317714e-01,7.142857142857143016e-01,5.833333333333333703e-01,0.000000000000000000e+00,0.000000000000000000e+00,7.500000000000000000e-01,4.628099173553713586e-01,8.333333333333333703e-01,0.000000000000000000e+00,0.000000000000000000e+00,0.000000000000000000e+00,0.000000000000000000e+00,0.000000000000000000e+00
0.000000000000000000e+00,9.961832061068702782e-01,0.000000000000000000e+00,0.000000000000000000e+00,0.000000000000000000e+00,1.818181818181817955e-01,9.444444444444444198e-01,1.734104046242777517e-02,0.000000000000000000e+00,5.000000000000000000e-01,0.000000000000000000e+00,0.000000000000000000e+00,0.000000000000000000e+00,0.000000000000000000e+00,0.000000000000000000e+00,0.000000000000000000e+00,6.281991624011172559e-02,0.000000000000000000e+00,9.962546816479400658e-01,0.000000000000000000e+00,5.000000000000000000e-01,0.000000000000000000e+00,4.999999999999998890e-01,0.000000000000000000e+00,0.000000000000000000e+00,4.999999999999997224e-01,9.433962264150944077e-02,3.636363636363635909e-01,1.000000000000000000e+00,0.000000000000000000e+00,0.000000000000000000e+00,0.000000000000000000e+00,0.000000000000000000e+00,0.000000000000000000e+00,1.000000000000000000e+00,1.370370370370372903e-01,9.768518518518517491e-01,7.807017543859647857e-01,3.750000000000000000e-01,2.758620689655177372e-01,7.142857142857143016e-01,5.833333333333333703e-01,0.000000000000000000e+00,0.000000000000000000e+00,1.000000000000000000e+00,4.628099173553713586e-01,1.000000000000000000e+00,0.000000000000000000e+00,0.000000000000000000e+00,0.000000000000000000e+00,0.000000000000000000e+00,0.000000000000000000e+00
0.000000000000000000e+00,9.923664122137404453e-01,0.000000000000000000e+00,0.000000000000000000e+00,0.000000000000000000e+00,1.818181818181817955e-01,9.444444444444444198e-01,1.734104046242777517e-02,0.000000000000000000e+00,5.000000000000000000e-01,0.000000000000000000e+00,0.000000000000000000e+00,0.000000000000000000e+00,0.000000000000000000e+00,0.000000000000000000e+00,0.000000000000000000e+00,6.281991624011172559e-02,0.000000000000000000e+00,9.962546816479400658e-01,0.000000000000000000e+00,5.000000000000000000e-01,0.000000000000000000e+00,4.999999999999998890e-01,0.000000000000000000e+00,0.000000000000000000e+00,4.999999999999997224e-01,9.433962264150944077e-02,3.636363636363635909e-01,1.000000000000000000e+00,0.000000000000000000e+00,0.000000000000000000e+00,0.000000000000000000e+00,0.000000000000000000e+00,0.000000000000000000e+00,1.000000000000000000e+00,1.370370370370372903e-01,9.768518518518517491e-01,7.807017543859647857e-01,2.500000000000000000e-01,2.586206896551728751e-01,7.142857142857143016e-01,5.833333333333333703e-01,0.000000000000000000e+00,0.000000000000000000e+00,1.000000000000000000e+00,4.628099173553713586e-01,1.000000000000000000e+00,0.000000000000000000e+00,0.000000000000000000e+00,0.000000000000000000e+00,0.000000000000000000e+00,0.000000000000000000e+00
0.000000000000000000e+00,9.961832061068702782e-01,0.000000000000000000e+00,0.000000000000000000e+00,0.000000000000000000e+00,1.818181818181817955e-01,9.166666666666665186e-01,1.734104046242777517e-02,0.000000000000000000e+00,5.000000000000000000e-01,0.000000000000000000e+00,0.000000000000000000e+00,0.000000000000000000e+00,0.000000000000000000e+00,0.000000000000000000e+00,0.000000000000000000e+00,6.281991624011172559e-02,0.000000000000000000e+00,9.962546816479400658e-01,0.000000000000000000e+00,5.000000000000000000e-01,0.000000000000000000e+00,4.999999999999998890e-01,0.000000000000000000e+00,0.000000000000000000e+00,4.999999999999997224e-01,9.433962264150944077e-02,2.727272727272727071e-01,1.000000000000000000e+00,0.000000000000000000e+00,0.000000000000000000e+00,0.000000000000000000e+00,0.000000000000000000e+00,0.000000000000000000e+00,1.000000000000000000e+00,1.370370370370372903e-01,9.768518518518517491e-01,7.807017543859647857e-01,2.500000000000000000e-01,1.379310344827588963e-01,7.142857142857143016e-01,5.833333333333333703e-01,0.000000000000000000e+00,0.000000000000000000e+00,1.000000000000000000e+00,4.628099173553713586e-01,1.000000000000000000e+00,0.000000000000000000e+00,0.000000000000000000e+00,0.000000000000000000e+00,0.000000000000000000e+00,0.000000000000000000e+00
0.000000000000000000e+00,9.961832061068702782e-01,0.000000000000000000e+00,0.000000000000000000e+00,0.000000000000000000e+00,1.818181818181817955e-01,9.166666666666665186e-01,1.734104046242777517e-02,0.000000000000000000e+00,5.000000000000000000e-01,0.000000000000000000e+00,0.000000000000000000e+00,0.000000000000000000e+00,0.000000000000000000e+00,0.000000000000000000e+00,0.000000000000000000e+00,6.281991624011172559e-02,0.000000000000000000e+00,9.962546816479400658e-01,0.000000000000000000e+00,5.000000000000000000e-01,0.000000000000000000e+00,4.999999999999998890e-01,0.000000000000000000e+00,0.000000000000000000e+00,4.999999999999997224e-01,9.433962264150944077e-02,2.727272727272727071e-01,1.000000000000000000e+00,0.000000000000000000e+00,0.000000000000000000e+00,0.000000000000000000e+00,0.000000000000000000e+00,0.000000000000000000e+00,1.000000000000000000e+00,1.370370370370372903e-01,9.768518518518517491e-01,7.807017543859647857e-01,2.500000000000000000e-01,3.448275862068971853e-01,7.142857142857143016e-01,7.500000000000000000e-01,0.000000000000000000e+00,0.000000000000000000e+00,1.000000000000000000e+00,4.628099173553713586e-01,1.000000000000000000e+00,0.000000000000000000e+00,0.000000000000000000e+00,0.000000000000000000e+00,0.000000000000000000e+00,0.000000000000000000e+00
0.000000000000000000e+00,9.961832061068702782e-01,0.000000000000000000e+00,0.000000000000000000e+00,0.000000000000000000e+00,1.818181818181817955e-01,9.166666666666665186e-01,1.734104046242777517e-02,0.000000000000000000e+00,5.000000000000000000e-01,0.000000000000000000e+00,0.000000000000000000e+00,0.000000000000000000e+00,0.000000000000000000e+00,0.000000000000000000e+00,0.000000000000000000e+00,6.281991624011172559e-02,0.000000000000000000e+00,9.962546816479400658e-01,0.000000000000000000e+00,5.000000000000000000e-01,0.000000000000000000e+00,4.999999999999998890e-01,0.000000000000000000e+00,0.000000000000000000e+00,4.999999999999997224e-01,9.433962264150944077e-02,2.727272727272727071e-01,1.000000000000000000e+00,0.000000000000000000e+00,0.000000000000000000e+00,0.000000000000000000e+00,0.000000000000000000e+00,0.000000000000000000e+00,1.000000000000000000e+00,9.259259259259260133e-02,9.768518518518517491e-01,7.807017543859647857e-01,3.750000000000000000e-01,4.655172413793112196e-01,7.142857142857143016e-01,7.500000000000000000e-01,0.000000000000000000e+00,0.000000000000000000e+00,1.000000000000000000e+00,4.628099173553713586e-01,8.333333333333333703e-01,0.000000000000000000e+00,0.000000000000000000e+00,0.000000000000000000e+00,0.000000000000000000e+00,0.000000000000000000e+00
0.000000000000000000e+00,9.961832061068702782e-01,0.000000000000000000e+00,0.000000000000000000e+00,0.000000000000000000e+00,1.818181818181817955e-01,9.166666666666665186e-01,1.734104046242777517e-02,0.000000000000000000e+00,5.000000000000000000e-01,0.000000000000000000e+00,0.000000000000000000e+00,0.000000000000000000e+00,0.000000000000000000e+00,0.000000000000000000e+00,0.000000000000000000e+00,6.281991624011172559e-02,0.000000000000000000e+00,9.962546816479400658e-01,0.000000000000000000e+00,5.000000000000000000e-01,0.000000000000000000e+00,4.999999999999998890e-01,0.000000000000000000e+00,0.000000000000000000e+00,4.999999999999997224e-01,9.433962264150944077e-02,2.727272727272727071e-01,1.000000000000000000e+00,0.000000000000000000e+00,0.000000000000000000e+00,0.000000000000000000e+00,0.000000000000000000e+00,0.000000000000000000e+00,1.000000000000000000e+00,9.259259259259260133e-02,9.768518518518517491e-01,7.807017543859647857e-01,3.750000000000000000e-01,5.862068965517233110e-01,7.142857142857143016e-01,7.500000000000000000e-01,0.000000000000000000e+00,0.000000000000000000e+00,1.000000000000000000e+00,4.628099173553713586e-01,8.333333333333333703e-01,0.000000000000000000e+00,0.000000000000000000e+00,0.000000000000000000e+00,0.000000000000000000e+00,0.000000000000000000e+00
0.000000000000000000e+00,9.961832061068702782e-01,0.000000000000000000e+00,0.000000000000000000e+00,0.000000000000000000e+00,1.818181818181817955e-01,9.166666666666665186e-01,1.734104046242777517e-02,0.000000000000000000e+00,5.000000000000000000e-01,0.000000000000000000e+00,0.000000000000000000e+00,0.000000000000000000e+00,0.000000000000000000e+00,0.000000000000000000e+00,0.000000000000000000e+00,6.281991624011172559e-02,0.000000000000000000e+00,9.962546816479400658e-01,0.000000000000000000e+00,5.000000000000000000e-01,0.000000000000000000e+00,4.999999999999998890e-01,0.000000000000000000e+00,0.000000000000000000e+00,4.999999999999997224e-01,9.433962264150944077e-02,3.636363636363635909e-01,1.000000000000000000e+00,0.000000000000000000e+00,0.000000000000000000e+00,0.000000000000000000e+00,0.000000000000000000e+00,0.000000000000000000e+00,1.000000000000000000e+00,9.259259259259260133e-02,9.768518518518517491e-01,7.807017543859647857e-01,3.750000000000000000e-01,6.034482758620682841e-01,7.142857142857143016e-01,7.500000000000000000e-01,0.000000000000000000e+00,0.000000000000000000e+00,1.000000000000000000e+00,4.628099173553713586e-01,8.333333333333333703e-01,0.000000000000000000e+00,0.000000000000000000e+00,0.000000000000000000e+00,0.000000000000000000e+00,0.000000000000000000e+00
0.000000000000000000e+00,9.961832061068702782e-01,0.000000000000000000e+00,0.000000000000000000e+00,0.000000000000000000e+00,1.818181818181817955e-01,9.166666666666665186e-01,1.734104046242777517e-02,0.000000000000000000e+00,5.000000000000000000e-01,0.000000000000000000e+00,0.000000000000000000e+00,0.000000000000000000e+00,0.000000000000000000e+00,0.000000000000000000e+00,0.000000000000000000e+00,6.281991624011172559e-02,0.000000000000000000e+00,9.962546816479400658e-01,0.000000000000000000e+00,5.000000000000000000e-01,0.000000000000000000e+00,4.999999999999998890e-01,0.000000000000000000e+00,0.000000000000000000e+00,4.999999999999997224e-01,9.433962264150944077e-02,6.363636363636363535e-01,1.000000000000000000e+00,0.000000000000000000e+00,0.000000000000000000e+00,0.000000000000000000e+00,0.000000000000000000e+00,0.000000000000000000e+00,1.000000000000000000e+00,9.259259259259260133e-02,9.768518518518517491e-01,7.807017543859647857e-01,3.750000000000000000e-01,3.448275862068971853e-01,7.142857142857143016e-01,7.500000000000000000e-01,0.000000000000000000e+00,0.000000000000000000e+00,1.000000000000000000e+00,4.628099173553713586e-01,8.333333333333333703e-01,0.000000000000000000e+00,0.000000000000000000e+00,0.000000000000000000e+00,0.000000000000000000e+00,0.000000000000000000e+00
0.000000000000000000e+00,9.961832061068702782e-01,0.000000000000000000e+00,0.000000000000000000e+00,0.000000000000000000e+00,1.818181818181817955e-01,9.166666666666665186e-01,1.734104046242777517e-02,0.000000000000000000e+00,5.000000000000000000e-01,0.000000000000000000e+00,0.000000000000000000e+00,0.000000000000000000e+00,0.000000000000000000e+00,0.000000000000000000e+00,0.000000000000000000e+00,6.281991624011172559e-02,0.000000000000000000e+00,9.962546816479400658e-01,0.000000000000000000e+00,5.000000000000000000e-01,0.000000000000000000e+00,4.999999999999998890e-01,0.000000000000000000e+00,0.000000000000000000e+00,4.999999999999997224e-01,9.433962264150944077e-02,6.363636363636363535e-01,1.000000000000000000e+00,0.000000000000000000e+00,0.000000000000000000e+00,0.000000000000000000e+00,0.000000000000000000e+00,0.000000000000000000e+00,1.000000000000000000e+00,9.259259259259260133e-02,9.768518518518517491e-01,7.807017543859647857e-01,3.750000000000000000e-01,2.931034482758625992e-01,7.142857142857143016e-01,5.833333333333333703e-01,0.000000000000000000e+00,0.000000000000000000e+00,7.500000000000000000e-01,4.628099173553713586e-01,8.333333333333333703e-01,0.000000000000000000e+00,0.000000000000000000e+00,0.000000000000000000e+00,0.000000000000000000e+00,0.000000000000000000e+00
0.000000000000000000e+00,9.961832061068702782e-01,0.000000000000000000e+00,0.000000000000000000e+00,0.000000000000000000e+00,1.818181818181817955e-01,9.166666666666665186e-01,1.734104046242777517e-02,0.000000000000000000e+00,5.000000000000000000e-01,0.000000000000000000e+00,0.000000000000000000e+00,0.000000000000000000e+00,0.000000000000000000e+00,0.000000000000000000e+00,0.000000000000000000e+00,6.281991624011172559e-02,0.000000000000000000e+00,9.962546816479400658e-01,0.000000000000000000e+00,5.000000000000000000e-01,0.000000000000000000e+00,4.999999999999998890e-01,0.000000000000000000e+00,0.000000000000000000e+00,4.999999999999997224e-01,9.433962264150944077e-02,6.363636363636363535e-01,1.000000000000000000e+00,0.000000000000000000e+00,0.000000000000000000e+00,0.000000000000000000e+00,0.000000000000000000e+00,0.000000000000000000e+00,1.000000000000000000e+00,9.259259259259260133e-02,9.768518518518517491e-01,7.807017543859647857e-01,3.750000000000000000e-01,3.448275862068971853e-01,1.000000000000000000e+00,5.833333333333333703e-01,0.000000000000000000e+00,0.000000000000000000e+00,7.500000000000000000e-01,4.628099173553713586e-01,8.333333333333333703e-01,0.000000000000000000e+00,0.000000000000000000e+00,0.000000000000000000e+00,0.000000000000000000e+00,0.000000000000000000e+00
0.000000000000000000e+00,9.961832061068702782e-01,0.000000000000000000e+00,0.000000000000000000e+00,0.000000000000000000e+00,1.818181818181817955e-01,9.166666666666665186e-01,1.734104046242777517e-02,0.000000000000000000e+00,5.000000000000000000e-01,0.000000000000000000e+00,0.000000000000000000e+00,0.000000000000000000e+00,0.000000000000000000e+00,0.000000000000000000e+00,0.000000000000000000e+00,6.281991624011172559e-02,0.000000000000000000e+00,9.962546816479400658e-01,0.000000000000000000e+00,5.000000000000000000e-01,0.000000000000000000e+00,4.999999999999998890e-01,0.000000000000000000e+00,0.000000000000000000e+00,4.999999999999997224e-01,9.433962264150944077e-02,6.363636363636363535e-01,1.000000000000000000e+00,0.000000000000000000e+00,0.000000000000000000e+00,0.000000000000000000e+00,0.000000000000000000e+00,0.000000000000000000e+00,1.000000000000000000e+00,9.259259259259260133e-02,9.768518518518517491e-01,7.807017543859647857e-01,3.750000000000000000e-01,3.448275862068971853e-01,1.000000000000000000e+00,5.833333333333333703e-01,0.000000000000000000e+00,0.000000000000000000e+00,7.500000000000000000e-01,4.628099173553713586e-01,8.333333333333333703e-01,0.000000000000000000e+00,0.000000000000000000e+00,0.000000000000000000e+00,0.000000000000000000e+00,0.000000000000000000e+00
0.000000000000000000e+00,9.923664122137404453e-01,0.000000000000000000e+00,0.000000000000000000e+00,0.000000000000000000e+00,1.818181818181817955e-01,9.166666666666665186e-01,1.734104046242777517e-02,0.000000000000000000e+00,5.000000000000000000e-01,0.000000000000000000e+00,0.000000000000000000e+00,0.000000000000000000e+00,0.000000000000000000e+00,0.000000000000000000e+00,0.000000000000000000e+00,6.281991624011172559e-02,0.000000000000000000e+00,9.962546816479400658e-01,0.000000000000000000e+00,5.000000000000000000e-01,0.000000000000000000e+00,4.999999999999998890e-01,0.000000000000000000e+00,0.000000000000000000e+00,4.999999999999997224e-01,9.433962264150944077e-02,6.363636363636363535e-01,1.000000000000000000e+00,0.000000000000000000e+00,0.000000000000000000e+00,0.000000000000000000e+00,0.000000000000000000e+00,0.000000000000000000e+00,1.000000000000000000e+00,9.259259259259260133e-02,9.768518518518517491e-01,7.807017543859647857e-01,3.750000000000000000e-01,3.448275862068971853e-01,1.000000000000000000e+00,5.833333333333333703e-01,0.000000000000000000e+00,0.000000000000000000e+00,7.500000000000000000e-01,4.628099173553713586e-01,8.333333333333333703e-01,0.000000000000000000e+00,0.000000000000000000e+00,0.000000000000000000e+00,0.000000000000000000e+00,0.000000000000000000e+00
0.000000000000000000e+00,9.923664122137404453e-01,0.000000000000000000e+00,0.000000000000000000e+00,0.000000000000000000e+00,1.818181818181817955e-01,9.166666666666665186e-01,1.734104046242777517e-02,0.000000000000000000e+00,5.000000000000000000e-01,0.000000000000000000e+00,0.000000000000000000e+00,0.000000000000000000e+00,0.000000000000000000e+00,0.000000000000000000e+00,0.000000000000000000e+00,6.281991624011172559e-02,0.000000000000000000e+00,1.000000000000000000e+00,0.000000000000000000e+00,5.000000000000000000e-01,0.000000000000000000e+00,4.999999999999998890e-01,0.000000000000000000e+00,0.000000000000000000e+00,4.999999999999997224e-01,9.433962264150944077e-02,7.272727272727271819e-01,1.000000000000000000e+00,0.000000000000000000e+00,0.000000000000000000e+00,0.000000000000000000e+00,0.000000000000000000e+00,0.000000000000000000e+00,1.000000000000000000e+00,1.000000000000002692e-01,9.768518518518517491e-01,7.807017543859647857e-01,2.500000000000000000e-01,5.000000000000008882e-01,1.000000000000000000e+00,5.833333333333333703e-01,0.000000000000000000e+00,0.000000000000000000e+00,7.500000000000000000e-01,4.628099173553713586e-01,6.666666666666667407e-01,0.000000000000000000e+00,0.000000000000000000e+00,0.000000000000000000e+00,0.000000000000000000e+00,0.000000000000000000e+00
0.000000000000000000e+00,9.923664122137404453e-01,0.000000000000000000e+00,0.000000000000000000e+00,0.000000000000000000e+00,1.818181818181817955e-01,9.166666666666665186e-01,1.734104046242777517e-02,0.000000000000000000e+00,5.000000000000000000e-01,0.000000000000000000e+00,0.000000000000000000e+00,0.000000000000000000e+00,0.000000000000000000e+00,0.000000000000000000e+00,0.000000000000000000e+00,6.281991624011172559e-02,0.000000000000000000e+00,9.962546816479400658e-01,0.000000000000000000e+00,5.000000000000000000e-01,0.000000000000000000e+00,4.999999999999998890e-01,0.000000000000000000e+00,0.000000000000000000e+00,4.999999999999997224e-01,9.433962264150944077e-02,7.272727272727271819e-01,1.000000000000000000e+00,0.000000000000000000e+00,0.000000000000000000e+00,0.000000000000000000e+00,0.000000000000000000e+00,0.000000000000000000e+00,1.000000000000000000e+00,1.000000000000002692e-01,9.768518518518517491e-01,7.807017543859647857e-01,2.500000000000000000e-01,5.344827586206888359e-01,1.000000000000000000e+00,5.833333333333333703e-01,0.000000000000000000e+00,0.000000000000000000e+00,7.500000000000000000e-01,5.371900826446276422e-01,6.666666666666667407e-01,0.000000000000000000e+00,0.000000000000000000e+00,0.000000000000000000e+00,0.000000000000000000e+00,0.000000000000000000e+00
0.000000000000000000e+00,9.923664122137404453e-01,0.000000000000000000e+00,0.000000000000000000e+00,0.000000000000000000e+00,1.818181818181817955e-01,9.166666666666665186e-01,1.734104046242777517e-02,0.000000000000000000e+00,5.000000000000000000e-01,0.000000000000000000e+00,0.000000000000000000e+00,0.000000000000000000e+00,0.000000000000000000e+00,0.000000000000000000e+00,0.000000000000000000e+00,6.281991624011172559e-02,0.000000000000000000e+00,1.000000000000000000e+00,0.000000000000000000e+00,5.000000000000000000e-01,0.000000000000000000e+00,4.999999999999998890e-01,0.000000000000000000e+00,0.000000000000000000e+00,4.999999999999997224e-01,9.433962264150944077e-02,7.272727272727271819e-01,1.000000000000000000e+00,0.000000000000000000e+00,0.000000000000000000e+00,0.000000000000000000e+00,0.000000000000000000e+00,0.000000000000000000e+00,1.000000000000000000e+00,1.000000000000002692e-01,9.768518518518517491e-01,7.807017543859647857e-01,2.500000000000000000e-01,3.103448275862074612e-01,1.000000000000000000e+00,7.500000000000000000e-01,0.000000000000000000e+00,0.000000000000000000e+00,1.000000000000000000e+00,1.000000000000000000e+00,8.333333333333333703e-01,0.000000000000000000e+00,0.000000000000000000e+00,0.000000000000000000e+00,0.000000000000000000e+00,0.000000000000000000e+00
0.000000000000000000e+00,9.923664122137404453e-01,0.000000000000000000e+00,0.000000000000000000e+00,0.000000000000000000e+00,1.818181818181817955e-01,9.444444444444444198e-01,1.734104046242777517e-02,0.000000000000000000e+00,5.000000000000000000e-01,0.000000000000000000e+00,0.000000000000000000e+00,0.000000000000000000e+00,0.000000000000000000e+00,0.000000000000000000e+00,0.000000000000000000e+00,6.281991624011172559e-02,0.000000000000000000e+00,9.962546816479400658e-01,0.000000000000000000e+00,5.000000000000000000e-01,0.000000000000000000e+00,4.999999999999998890e-01,0.000000000000000000e+00,0.000000000000000000e+00,4.999999999999997224e-01,9.433962264150944077e-02,7.272727272727271819e-01,1.000000000000000000e+00,0.000000000000000000e+00,0.000000000000000000e+00,0.000000000000000000e+00,0.000000000000000000e+00,0.000000000000000000e+00,1.000000000000000000e+00,1.000000000000002692e-01,9.768518518518517491e-01,7.807017543859647857e-01,2.500000000000000000e-01,1.379310344827588963e-01,8.571428571428570953e-01,7.500000000000000000e-01,0.000000000000000000e+00,0.000000000000000000e+00,1.000000000000000000e+00,1.000000000000000000e+00,8.333333333333333703e-01,0.000000000000000000e+00,0.000000000000000000e+00,0.000000000000000000e+00,0.000000000000000000e+00,0.000000000000000000e+00
0.000000000000000000e+00,9.923664122137404453e-01,0.000000000000000000e+00,0.000000000000000000e+00,0.000000000000000000e+00,1.818181818181817955e-01,9.444444444444444198e-01,1.734104046242777517e-02,0.000000000000000000e+00,5.000000000000000000e-01,0.000000000000000000e+00,0.000000000000000000e+00,0.000000000000000000e+00,0.000000000000000000e+00,0.000000000000000000e+00,0.000000000000000000e+00,6.281991624011172559e-02,0.000000000000000000e+00,1.000000000000000000e+00,0.000000000000000000e+00,5.000000000000000000e-01,0.000000000000000000e+00,4.999999999999998890e-01,0.000000000000000000e+00,0.000000000000000000e+00,4.999999999999997224e-01,9.433962264150944077e-02,5.454545454545454142e-01,1.000000000000000000e+00,0.000000000000000000e+00,0.000000000000000000e+00,0.000000000000000000e+00,0.000000000000000000e+00,0.000000000000000000e+00,1.000000000000000000e+00,1.000000000000002692e-01,9.768518518518517491e-01,7.807017543859647857e-01,3.750000000000000000e-01,1.379310344827588963e-01,8.571428571428570953e-01,7.500000000000000000e-01,0.000000000000000000e+00,0.000000000000000000e+00,1.000000000000000000e+00,1.000000000000000000e+00,1.000000000000000000e+00,0.000000000000000000e+00,0.000000000000000000e+00,0.000000000000000000e+00,0.000000000000000000e+00,0.000000000000000000e+00
0.000000000000000000e+00,9.961832061068702782e-01,0.000000000000000000e+00,0.000000000000000000e+00,0.000000000000000000e+00,1.818181818181817955e-01,9.444444444444444198e-01,1.734104046242777517e-02,0.000000000000000000e+00,5.000000000000000000e-01,0.000000000000000000e+00,0.000000000000000000e+00,0.000000000000000000e+00,0.000000000000000000e+00,0.000000000000000000e+00,0.000000000000000000e+00,6.281991624011172559e-02,0.000000000000000000e+00,9.962546816479400658e-01,0.000000000000000000e+00,5.000000000000000000e-01,0.000000000000000000e+00,4.999999999999998890e-01,0.000000000000000000e+00,0.000000000000000000e+00,4.999999999999997224e-01,9.433962264150944077e-02,5.454545454545454142e-01,1.000000000000000000e+00,0.000000000000000000e+00,0.000000000000000000e+00,0.000000000000000000e+00,0.000000000000000000e+00,0.000000000000000000e+00,1.000000000000000000e+00,1.000000000000002692e-01,9.768518518518517491e-01,7.807017543859647857e-01,5.000000000000000000e-01,2.068965517241383167e-01,8.571428571428570953e-01,7.500000000000000000e-01,0.000000000000000000e+00,0.000000000000000000e+00,1.000000000000000000e+00,1.000000000000000000e+00,1.000000000000000000e+00,0.000000000000000000e+00,0.000000000000000000e+00,0.000000000000000000e+00,0.000000000000000000e+00,0.000000000000000000e+00
0.000000000000000000e+00,9.961832061068702782e-01,0.000000000000000000e+00,0.000000000000000000e+00,0.000000000000000000e+00,1.818181818181817955e-01,9.444444444444444198e-01,1.734104046242777517e-02,0.000000000000000000e+00,5.000000000000000000e-01,0.000000000000000000e+00,0.000000000000000000e+00,0.000000000000000000e+00,0.000000000000000000e+00,0.000000000000000000e+00,0.000000000000000000e+00,6.281991624011172559e-02,0.000000000000000000e+00,1.000000000000000000e+00,0.000000000000000000e+00,5.000000000000000000e-01,0.000000000000000000e+00,4.999999999999998890e-01,0.000000000000000000e+00,0.000000000000000000e+00,4.999999999999997224e-01,9.433962264150944077e-02,5.454545454545454142e-01,1.000000000000000000e+00,0.000000000000000000e+00,0.000000000000000000e+00,0.000000000000000000e+00,0.000000000000000000e+00,0.000000000000000000e+00,1.000000000000000000e+00,1.000000000000002692e-01,9.768518518518517491e-01,7.807017543859647857e-01,6.249999999999998890e-01,4.482758620689663576e-01,5.714285714285715079e-01,7.500000000000000000e-01,0.000000000000000000e+00,0.000000000000000000e+00,1.000000000000000000e+00,6.694214876033053319e-01,1.000000000000000000e+00,0.000000000000000000e+00,0.000000000000000000e+00,0.000000000000000000e+00,0.000000000000000000e+00,0.000000000000000000e+00
0.000000000000000000e+00,9.961832061068702782e-01,0.000000000000000000e+00,0.000000000000000000e+00,0.000000000000000000e+00,1.818181818181817955e-01,9.444444444444444198e-01,1.734104046242777517e-02,0.000000000000000000e+00,5.000000000000000000e-01,0.000000000000000000e+00,0.000000000000000000e+00,0.000000000000000000e+00,0.000000000000000000e+00,0.000000000000000000e+00,0.000000000000000000e+00,6.281991624011172559e-02,0.000000000000000000e+00,1.000000000000000000e+00,0.000000000000000000e+00,5.000000000000000000e-01,0.000000000000000000e+00,4.999999999999998890e-01,0.000000000000000000e+00,0.000000000000000000e+00,4.999999999999997224e-01,9.433962264150944077e-02,5.454545454545454142e-01,1.000000000000000000e+00,0.000000000000000000e+00,0.000000000000000000e+00,0.000000000000000000e+00,0.000000000000000000e+00,0.000000000000000000e+00,1.000000000000000000e+00,1.000000000000002692e-01,9.768518518518517491e-01,7.807017543859647857e-01,6.249999999999998890e-01,5.862068965517233110e-01,5.714285714285715079e-01,7.500000000000000000e-01,0.000000000000000000e+00,0.000000000000000000e+00,1.000000000000000000e+00,6.694214876033053319e-01,1.000000000000000000e+00,0.000000000000000000e+00,0.000000000000000000e+00,0.000000000000000000e+00,0.000000000000000000e+00,0.000000000000000000e+00
0.000000000000000000e+00,9.961832061068702782e-01,0.000000000000000000e+00,0.000000000000000000e+00,0.000000000000000000e+00,1.818181818181817955e-01,9.444444444444444198e-01,1.734104046242777517e-02,0.000000000000000000e+00,5.000000000000000000e-01,0.000000000000000000e+00,0.000000000000000000e+00,0.000000000000000000e+00,0.000000000000000000e+00,0.000000000000000000e+00,0.000000000000000000e+00,6.281991624011172559e-02,0.000000000000000000e+00,1.000000000000000000e+00,0.000000000000000000e+00,5.000000000000000000e-01,0.000000000000000000e+00,4.999999999999998890e-01,0.000000000000000000e+00,0.000000000000000000e+00,4.999999999999997224e-01,9.433962264150944077e-02,5.454545454545454142e-01,1.000000000000000000e+00,0.000000000000000000e+00,0.000000000000000000e+00,0.000000000000000000e+00,0.000000000000000000e+00,0.000000000000000000e+00,1.000000000000000000e+00,1.000000000000002692e-01,9.768518518518517491e-01,7.807017543859647857e-01,6.249999999999998890e-01,6.206896551724130351e-01,5.714285714285715079e-01,7.500000000000000000e-01,0.000000000000000000e+00,0.000000000000000000e+00,1.000000000000000000e+00,6.694214876033053319e-01,1.000000000000000000e+00,0.000000000000000000e+00,0.000000000000000000e+00,0.000000000000000000e+00,0.000000000000000000e+00,0.000000000000000000e+00
0.000000000000000000e+00,9.961832061068702782e-01,0.000000000000000000e+00,0.000000000000000000e+00,0.000000000000000000e+00,1.818181818181817955e-01,9.444444444444444198e-01,1.734104046242777517e-02,0.000000000000000000e+00,5.000000000000000000e-01,0.000000000000000000e+00,0.000000000000000000e+00,0.000000000000000000e+00,0.000000000000000000e+00,0.000000000000000000e+00,0.000000000000000000e+00,6.281991624011172559e-02,0.000000000000000000e+00,9.962546816479400658e-01,0.000000000000000000e+00,5.000000000000000000e-01,0.000000000000000000e+00,4.999999999999998890e-01,0.000000000000000000e+00,0.000000000000000000e+00,4.999999999999997224e-01,9.433962264150944077e-02,5.454545454545454142e-01,1.000000000000000000e+00,0.000000000000000000e+00,0.000000000000000000e+00,0.000000000000000000e+00,0.000000000000000000e+00,0.000000000000000000e+00,1.000000000000000000e+00,1.000000000000002692e-01,9.768518518518517491e-01,7.807017543859647857e-01,6.249999999999998890e-01,6.206896551724130351e-01,5.714285714285715079e-01,7.500000000000000000e-01,0.000000000000000000e+00,0.000000000000000000e+00,1.000000000000000000e+00,6.694214876033053319e-01,1.000000000000000000e+00,0.000000000000000000e+00,0.000000000000000000e+00,0.000000000000000000e+00,0.000000000000000000e+00,0.000000000000000000e+00
0.000000000000000000e+00,9.961832061068702782e-01,0.000000000000000000e+00,0.000000000000000000e+00,0.000000000000000000e+00,1.818181818181817955e-01,9.444444444444444198e-01,1.734104046242777517e-02,0.000000000000000000e+00,5.000000000000000000e-01,0.000000000000000000e+00,0.000000000000000000e+00,0.000000000000000000e+00,0.000000000000000000e+00,0.000000000000000000e+00,0.000000000000000000e+00,6.281991624011172559e-02,0.000000000000000000e+00,9.962546816479400658e-01,0.000000000000000000e+00,5.000000000000000000e-01,0.000000000000000000e+00,4.999999999999998890e-01,0.000000000000000000e+00,0.000000000000000000e+00,4.999999999999997224e-01,9.433962264150944077e-02,5.454545454545454142e-01,1.000000000000000000e+00,0.000000000000000000e+00,0.000000000000000000e+00,0.000000000000000000e+00,0.000000000000000000e+00,0.000000000000000000e+00,1.000000000000000000e+00,1.000000000000002692e-01,9.768518518518517491e-01,7.807017543859647857e-01,6.249999999999998890e-01,5.000000000000008882e-01,5.714285714285715079e-01,7.500000000000000000e-01,0.000000000000000000e+00,0.000000000000000000e+00,1.000000000000000000e+00,6.694214876033053319e-01,1.000000000000000000e+00,0.000000000000000000e+00,0.000000000000000000e+00,0.000000000000000000e+00,0.000000000000000000e+00,0.000000000000000000e+00
0.000000000000000000e+00,9.961832061068702782e-01,0.000000000000000000e+00,0.000000000000000000e+00,0.000000000000000000e+00,1.818181818181817955e-01,9.444444444444444198e-01,1.734104046242777517e-02,0.000000000000000000e+00,5.000000000000000000e-01,0.000000000000000000e+00,0.000000000000000000e+00,0.000000000000000000e+00,0.000000000000000000e+00,0.000000000000000000e+00,0.000000000000000000e+00,6.281991624011172559e-02,0.000000000000000000e+00,9.962546816479400658e-01,0.000000000000000000e+00,5.000000000000000000e-01,0.000000000000000000e+00,4.999999999999998890e-01,0.000000000000000000e+00,0.000000000000000000e+00,4.999999999999997224e-01,9.433962264150944077e-02,5.454545454545454142e-01,1.000000000000000000e+00,0.000000000000000000e+00,0.000000000000000000e+00,0.000000000000000000e+00,0.000000000000000000e+00,0.000000000000000000e+00,1.000000000000000000e+00,1.000000000000002692e-01,9.768518518518517491e-01,7.807017543859647857e-01,6.249999999999998890e-01,5.517241379310335869e-01,5.714285714285715079e-01,7.500000000000000000e-01,0.000000000000000000e+00,0.000000000000000000e+00,1.000000000000000000e+00,2.644628099173546576e-01,1.000000000000000000e+00,0.000000000000000000e+00,0.000000000000000000e+00,0.000000000000000000e+00,0.000000000000000000e+00,0.000000000000000000e+00
0.000000000000000000e+00,9.961832061068702782e-01,0.000000000000000000e+00,0.000000000000000000e+00,0.000000000000000000e+00,1.818181818181817955e-01,9.444444444444444198e-01,1.734104046242777517e-02,0.000000000000000000e+00,5.000000000000000000e-01,0.000000000000000000e+00,0.000000000000000000e+00,0.000000000000000000e+00,0.000000000000000000e+00,0.000000000000000000e+00,0.000000000000000000e+00,6.281991624011172559e-02,0.000000000000000000e+00,9.962546816479400658e-01,0.000000000000000000e+00,5.000000000000000000e-01,0.000000000000000000e+00,4.999999999999998890e-01,0.000000000000000000e+00,0.000000000000000000e+00,4.999999999999997224e-01,9.433962264150944077e-02,5.454545454545454142e-01,1.000000000000000000e+00,0.000000000000000000e+00,0.000000000000000000e+00,0.000000000000000000e+00,0.000000000000000000e+00,0.000000000000000000e+00,1.000000000000000000e+00,1.000000000000002692e-01,9.768518518518517491e-01,7.807017543859647857e-01,6.249999999999998890e-01,5.517241379310335869e-01,5.714285714285715079e-01,7.500000000000000000e-01,0.000000000000000000e+00,0.000000000000000000e+00,1.000000000000000000e+00,2.644628099173546576e-01,1.000000000000000000e+00,0.000000000000000000e+00,0.000000000000000000e+00,0.000000000000000000e+00,0.000000000000000000e+00,0.000000000000000000e+00
0.000000000000000000e+00,9.961832061068702782e-01,0.000000000000000000e+00,0.000000000000000000e+00,0.000000000000000000e+00,1.818181818181817955e-01,9.444444444444444198e-01,1.734104046242777517e-02,0.000000000000000000e+00,5.000000000000000000e-01,0.000000000000000000e+00,0.000000000000000000e+00,0.000000000000000000e+00,0.000000000000000000e+00,0.000000000000000000e+00,0.000000000000000000e+00,6.281991624011172559e-02,0.000000000000000000e+00,9.962546816479400658e-01,0.000000000000000000e+00,5.000000000000000000e-01,0.000000000000000000e+00,4.999999999999998890e-01,0.000000000000000000e+00,0.000000000000000000e+00,4.999999999999997224e-01,9.433962264150944077e-02,5.454545454545454142e-01,1.000000000000000000e+00,0.000000000000000000e+00,0.000000000000000000e+00,0.000000000000000000e+00,0.000000000000000000e+00,0.000000000000000000e+00,1.000000000000000000e+00,1.000000000000002692e-01,9.768518518518517491e-01,7.807017543859647857e-01,5.000000000000000000e-01,4.827586206896560816e-01,5.714285714285715079e-01,7.500000000000000000e-01,0.000000000000000000e+00,0.000000000000000000e+00,1.000000000000000000e+00,2.644628099173546576e-01,8.333333333333333703e-01,0.000000000000000000e+00,0.000000000000000000e+00,0.000000000000000000e+00,0.000000000000000000e+00,0.000000000000000000e+00
0.000000000000000000e+00,9.961832061068702782e-01,0.000000000000000000e+00,0.000000000000000000e+00,0.000000000000000000e+00,1.818181818181817955e-01,9.444444444444444198e-01,1.734104046242777517e-02,0.000000000000000000e+00,5.000000000000000000e-01,0.000000000000000000e+00,0.000000000000000000e+00,0.000000000000000000e+00,0.000000000000000000e+00,0.000000000000000000e+00,0.000000000000000000e+00,6.281991624011172559e-02,0.000000000000000000e+00,9.962546816479400658e-01,0.000000000000000000e+00,5.000000000000000000e-01,0.000000000000000000e+00,4.999999999999998890e-01,0.000000000000000000e+00,0.000000000000000000e+00,4.999999999999997224e-01,9.433962264150944077e-02,5.454545454545454142e-01,1.000000000000000000e+00,0.000000000000000000e+00,0.000000000000000000e+00,0.000000000000000000e+00,0.000000000000000000e+00,0.000000000000000000e+00,1.000000000000000000e+00,1.000000000000002692e-01,9.768518518518517491e-01,7.807017543859647857e-01,5.000000000000000000e-01,4.827586206896560816e-01,5.714285714285715079e-01,7.500000000000000000e-01,0.000000000000000000e+00,0.000000000000000000e+00,1.000000000000000000e+00,2.644628099173546576e-01,8.333333333333333703e-01,0.000000000000000000e+00,0.000000000000000000e+00,0.000000000000000000e+00,0.000000000000000000e+00,0.000000000000000000e+00
0.000000000000000000e+00,9.961832061068702782e-01,0.000000000000000000e+00,0.000000000000000000e+00,0.000000000000000000e+00,1.818181818181817955e-01,9.166666666666665186e-01,1.734104046242777517e-02,0.000000000000000000e+00,5.000000000000000000e-01,0.000000000000000000e+00,0.000000000000000000e+00,0.000000000000000000e+00,0.000000000000000000e+00,0.000000000000000000e+00,0.000000000000000000e+00,6.281991624011172559e-02,0.000000000000000000e+00,9.962546816479400658e-01,0.000000000000000000e+00,5.000000000000000000e-01,0.000000000000000000e+00,4.999999999999998890e-01,0.000000000000000000e+00,0.000000000000000000e+00,4.999999999999997224e-01,9.433962264150944077e-02,5.454545454545454142e-01,1.000000000000000000e+00,0.000000000000000000e+00,0.000000000000000000e+00,0.000000000000000000e+00,0.000000000000000000e+00,0.000000000000000000e+00,1.000000000000000000e+00,1.000000000000002692e-01,9.768518518518517491e-01,7.807017543859647857e-01,5.000000000000000000e-01,3.620689655172420474e-01,7.142857142857143016e-01,7.500000000000000000e-01,0.000000000000000000e+00,0.000000000000000000e+00,1.000000000000000000e+00,2.644628099173546576e-01,8.333333333333333703e-01,0.000000000000000000e+00,0.000000000000000000e+00,0.000000000000000000e+00,0.000000000000000000e+00,0.000000000000000000e+00
0.000000000000000000e+00,9.961832061068702782e-01,0.000000000000000000e+00,0.000000000000000000e+00,0.000000000000000000e+00,1.818181818181817955e-01,9.166666666666665186e-01,1.734104046242777517e-02,0.000000000000000000e+00,5.000000000000000000e-01,0.000000000000000000e+00,0.000000000000000000e+00,0.000000000000000000e+00,0.000000000000000000e+00,0.000000000000000000e+00,0.000000000000000000e+00,6.281991624011172559e-02,0.000000000000000000e+00,9.962546816479400658e-01,0.000000000000000000e+00,5.000000000000000000e-01,0.000000000000000000e+00,4.999999999999998890e-01,0.000000000000000000e+00,0.000000000000000000e+00,4.999999999999997224e-01,9.433962264150944077e-02,5.454545454545454142e-01,1.000000000000000000e+00,0.000000000000000000e+00,0.000000000000000000e+00,0.000000000000000000e+00,0.000000000000000000e+00,0.000000000000000000e+00,1.000000000000000000e+00,1.000000000000002692e-01,9.768518518518517491e-01,7.807017543859647857e-01,5.000000000000000000e-01,4.137931034482766335e-01,7.142857142857143016e-01,7.500000000000000000e-01,0.000000000000000000e+00,0.000000000000000000e+00,1.000000000000000000e+00,2.644628099173546576e-01,8.333333333333333703e-01,0.000000000000000000e+00,0.000000000000000000e+00,0.000000000000000000e+00,0.000000000000000000e+00,0.000000000000000000e+00
0.000000000000000000e+00,9.961832061068702782e-01,0.000000000000000000e+00,0.000000000000000000e+00,0.000000000000000000e+00,1.818181818181817955e-01,9.166666666666665186e-01,1.734104046242777517e-02,0.000000000000000000e+00,5.000000000000000000e-01,0.000000000000000000e+00,0.000000000000000000e+00,0.000000000000000000e+00,0.000000000000000000e+00,0.000000000000000000e+00,0.000000000000000000e+00,6.281991624011172559e-02,0.000000000000000000e+00,9.962546816479400658e-01,0.000000000000000000e+00,5.000000000000000000e-01,0.000000000000000000e+00,4.999999999999998890e-01,0.000000000000000000e+00,0.000000000000000000e+00,4.999999999999997224e-01,9.433962264150944077e-02,5.454545454545454142e-01,1.000000000000000000e+00,0.000000000000000000e+00,0.000000000000000000e+00,0.000000000000000000e+00,0.000000000000000000e+00,0.000000000000000000e+00,1.000000000000000000e+00,1.000000000000002692e-01,9.768518518518517491e-01,7.807017543859647857e-01,5.000000000000000000e-01,3.965517241379317714e-01,8.571428571428570953e-01,7.500000000000000000e-01,0.000000000000000000e+00,0.000000000000000000e+00,1.000000000000000000e+00,5.371900826446276422e-01,8.333333333333333703e-01,0.000000000000000000e+00,0.000000000000000000e+00,0.000000000000000000e+00,0.000000000000000000e+00,0.000000000000000000e+00
0.000000000000000000e+00,9.961832061068702782e-01,0.000000000000000000e+00,0.000000000000000000e+00,0.000000000000000000e+00,1.818181818181817955e-01,9.166666666666665186e-01,1.734104046242777517e-02,0.000000000000000000e+00,5.000000000000000000e-01,0.000000000000000000e+00,0.000000000000000000e+00,0.000000000000000000e+00,0.000000000000000000e+00,0.000000000000000000e+00,0.000000000000000000e+00,6.281991624011172559e-02,0.000000000000000000e+00,9.962546816479400658e-01,0.000000000000000000e+00,5.000000000000000000e-01,0.000000000000000000e+00,4.999999999999998890e-01,0.000000000000000000e+00,0.000000000000000000e+00,4.999999999999997224e-01,9.433962264150944077e-02,6.363636363636363535e-01,1.000000000000000000e+00,0.000000000000000000e+00,0.000000000000000000e+00,0.000000000000000000e+00,0.000000000000000000e+00,0.000000000000000000e+00,1.000000000000000000e+00,1.000000000000002692e-01,9.768518518518517491e-01,7.807017543859647857e-01,5.000000000000000000e-01,3.448275862068971853e-01,8.571428571428570953e-01,7.500000000000000000e-01,0.000000000000000000e+00,0.000000000000000000e+00,1.000000000000000000e+00,6.694214876033053319e-01,8.333333333333333703e-01,0.000000000000000000e+00,0.000000000000000000e+00,0.000000000000000000e+00,0.000000000000000000e+00,0.000000000000000000e+00
0.000000000000000000e+00,9.961832061068702782e-01,0.000000000000000000e+00,0.000000000000000000e+00,0.000000000000000000e+00,1.818181818181817955e-01,9.166666666666665186e-01,1.734104046242777517e-02,0.000000000000000000e+00,5.000000000000000000e-01,0.000000000000000000e+00,0.000000000000000000e+00,0.000000000000000000e+00,0.000000000000000000e+00,0.000000000000000000e+00,0.000000000000000000e+00,6.281991624011172559e-02,0.000000000000000000e+00,9.962546816479400658e-01,0.000000000000000000e+00,5.000000000000000000e-01,0.000000000000000000e+00,4.999999999999998890e-01,0.000000000000000000e+00,0.000000000000000000e+00,4.999999999999997224e-01,9.433962264150944077e-02,6.363636363636363535e-01,1.000000000000000000e+00,0.000000000000000000e+00,0.000000000000000000e+00,0.000000000000000000e+00,0.000000000000000000e+00,0.000000000000000000e+00,1.000000000000000000e+00,1.000000000000002692e-01,9.768518518518517491e-01,7.807017543859647857e-01,3.750000000000000000e-01,4.137931034482766335e-01,5.714285714285715079e-01,7.500000000000000000e-01,0.000000000000000000e+00,0.000000000000000000e+00,1.000000000000000000e+00,6.694214876033053319e-01,8.333333333333333703e-01,0.000000000000000000e+00,0.000000000000000000e+00,0.000000000000000000e+00,0.000000000000000000e+00,0.000000000000000000e+00
0.000000000000000000e+00,9.961832061068702782e-01,0.000000000000000000e+00,0.000000000000000000e+00,0.000000000000000000e+00,1.818181818181817955e-01,9.166666666666665186e-01,1.734104046242777517e-02,0.000000000000000000e+00,5.000000000000000000e-01,0.000000000000000000e+00,0.000000000000000000e+00,0.000000000000000000e+00,0.000000000000000000e+00,0.000000000000000000e+00,0.000000000000000000e+00,6.281991624011172559e-02,0.000000000000000000e+00,9.925093632958802425e-01,0.000000000000000000e+00,5.000000000000000000e-01,0.000000000000000000e+00,4.999999999999998890e-01,0.000000000000000000e+00,0.000000000000000000e+00,4.999999999999997224e-01,9.433962264150944077e-02,4.545454545454545303e-01,1.000000000000000000e+00,0.000000000000000000e+00,0.000000000000000000e+00,0.000000000000000000e+00,0.000000000000000000e+00,0.000000000000000000e+00,1.000000000000000000e+00,1.000000000000002692e-01,9.768518518518517491e-01,7.807017543859647857e-01,3.750000000000000000e-01,4.827586206896560816e-01,5.714285714285715079e-01,7.500000000000000000e-01,0.000000000000000000e+00,0.000000000000000000e+00,7.500000000000000000e-01,6.694214876033053319e-01,8.333333333333333703e-01,0.000000000000000000e+00,0.000000000000000000e+00,0.000000000000000000e+00,0.000000000000000000e+00,0.000000000000000000e+00
0.000000000000000000e+00,9.961832061068702782e-01,0.000000000000000000e+00,0.000000000000000000e+00,0.000000000000000000e+00,1.818181818181817955e-01,9.166666666666665186e-01,2.312138728323700348e-02,0.000000000000000000e+00,5.000000000000000000e-01,0.000000000000000000e+00,0.000000000000000000e+00,0.000000000000000000e+00,0.000000000000000000e+00,0.000000000000000000e+00,0.000000000000000000e+00,6.281991624011172559e-02,0.000000000000000000e+00,9.962546816479400658e-01,0.000000000000000000e+00,5.000000000000000000e-01,0.000000000000000000e+00,4.999999999999998890e-01,0.000000000000000000e+00,0.000000000000000000e+00,4.999999999999997224e-01,9.433962264150944077e-02,3.636363636363635909e-01,1.000000000000000000e+00,0.000000000000000000e+00,0.000000000000000000e+00,0.000000000000000000e+00,0.000000000000000000e+00,0.000000000000000000e+00,1.000000000000000000e+00,1.000000000000002692e-01,9.768518518518517491e-01,7.807017543859647857e-01,3.750000000000000000e-01,4.827586206896560816e-01,5.714285714285715079e-01,9.166666666666667407e-01,0.000000000000000000e+00,0.000000000000000000e+00,7.500000000000000000e-01,6.694214876033053319e-01,6.666666666666667407e-01,0.000000000000000000e+00,0.000000000000000000e+00,0.000000000000000000e+00,0.000000000000000000e+00,0.000000000000000000e+00
0.000000000000000000e+00,9.961832061068702782e-01,0.000000000000000000e+00,0.000000000000000000e+00,0.000000000000000000e+00,1.818181818181817955e-01,9.166666666666665186e-01,2.312138728323700348e-02,0.000000000000000000e+00,5.000000000000000000e-01,0.000000000000000000e+00,0.000000000000000000e+00,0.000000000000000000e+00,0.000000000000000000e+00,0.000000000000000000e+00,0.000000000000000000e+00,6.281991624011172559e-02,0.000000000000000000e+00,9.962546816479400658e-01,0.000000000000000000e+00,5.000000000000000000e-01,0.000000000000000000e+00,4.999999999999998890e-01,0.000000000000000000e+00,0.000000000000000000e+00,4.999999999999997224e-01,9.433962264150944077e-02,3.636363636363635909e-01,1.000000000000000000e+00,0.000000000000000000e+00,0.000000000000000000e+00,0.000000000000000000e+00,0.000000000000000000e+00,0.000000000000000000e+00,1.000000000000000000e+00,1.000000000000002692e-01,9.768518518518517491e-01,7.807017543859647857e-01,2.500000000000000000e-01,4.827586206896560816e-01,5.714285714285715079e-01,9.166666666666667407e-01,0.000000000000000000e+00,0.000000000000000000e+00,5.000000000000000000e-01,5.371900826446276422e-01,6.666666666666667407e-01,0.000000000000000000e+00,0.000000000000000000e+00,0.000000000000000000e+00,0.000000000000000000e+00,0.000000000000000000e+00
0.000000000000000000e+00,9.961832061068702782e-01,0.000000000000000000e+00,0.000000000000000000e+00,0.000000000000000000e+00,1.818181818181817955e-01,9.444444444444444198e-01,2.312138728323700348e-02,0.000000000000000000e+00,5.000000000000000000e-01,0.000000000000000000e+00,0.000000000000000000e+00,0.000000000000000000e+00,0.000000000000000000e+00,0.000000000000000000e+00,0.000000000000000000e+00,6.281991624011172559e-02,0.000000000000000000e+00,9.962546816479400658e-01,0.000000000000000000e+00,5.000000000000000000e-01,0.000000000000000000e+00,4.999999999999998890e-01,0.000000000000000000e+00,0.000000000000000000e+00,4.999999999999997224e-01,9.433962264150944077e-02,3.636363636363635909e-01,1.000000000000000000e+00,0.000000000000000000e+00,0.000000000000000000e+00,0.000000000000000000e+00,0.000000000000000000e+00,0.000000000000000000e+00,1.000000000000000000e+00,1.000000000000002692e-01,9.768518518518517491e-01,7.807017543859647857e-01,2.500000000000000000e-01,3.793103448275869649e-01,5.714285714285715079e-01,9.166666666666667407e-01,0.000000000000000000e+00,0.000000000000000000e+00,5.000000000000000000e-01,4.628099173553713586e-01,6.666666666666667407e-01,0.000000000000000000e+00,0.000000000000000000e+00,0.000000000000000000e+00,0.000000000000000000e+00,0.000000000000000000e+00
0.000000000000000000e+00,9.961832061068702782e-01,0.000000000000000000e+00,0.000000000000000000e+00,0.000000000000000000e+00,1.818181818181817955e-01,9.444444444444444198e-01,2.312138728323700348e-02,0.000000000000000000e+00,5.000000000000000000e-01,0.000000000000000000e+00,0.000000000000000000e+00,0.000000000000000000e+00,0.000000000000000000e+00,0.000000000000000000e+00,0.000000000000000000e+00,6.281991624011172559e-02,0.000000000000000000e+00,9.962546816479400658e-01,0.000000000000000000e+00,5.000000000000000000e-01,0.000000000000000000e+00,4.999999999999998890e-01,0.000000000000000000e+00,0.000000000000000000e+00,4.999999999999997224e-01,1.226415094339624590e-01,2.727272727272727071e-01,1.000000000000000000e+00,0.000000000000000000e+00,0.000000000000000000e+00,0.000000000000000000e+00,0.000000000000000000e+00,0.000000000000000000e+00,1.000000000000000000e+00,7.407407407407412547e-02,9.768518518518517491e-01,7.807017543859647857e-01,2.500000000000000000e-01,1.551724137931037584e-01,5.714285714285715079e-01,9.166666666666667407e-01,0.000000000000000000e+00,0.000000000000000000e+00,5.000000000000000000e-01,4.628099173553713586e-01,5.000000000000001110e-01,0.000000000000000000e+00,0.000000000000000000e+00,0.000000000000000000e+00,0.000000000000000000e+00,0.000000000000000000e+00
0.000000000000000000e+00,9.961832061068702782e-01,0.000000000000000000e+00,0.000000000000000000e+00,0.000000000000000000e+00,1.818181818181817955e-01,9.444444444444444198e-01,2.312138728323700348e-02,0.000000000000000000e+00,5.000000000000000000e-01,0.000000000000000000e+00,0.000000000000000000e+00,0.000000000000000000e+00,0.000000000000000000e+00,0.000000000000000000e+00,0.000000000000000000e+00,6.281991624011172559e-02,0.000000000000000000e+00,9.962546816479400658e-01,0.000000000000000000e+00,5.000000000000000000e-01,0.000000000000000000e+00,4.999999999999998890e-01,0.000000000000000000e+00,0.000000000000000000e+00,4.999999999999997224e-01,1.226415094339624590e-01,2.727272727272727071e-01,1.000000000000000000e+00,0.000000000000000000e+00,0.000000000000000000e+00,0.000000000000000000e+00,0.000000000000000000e+00,0.000000000000000000e+00,1.000000000000000000e+00,5.185185185185178791e-02,9.768518518518517491e-01,7.807017543859647857e-01,2.500000000000000000e-01,2.068965517241383167e-01,5.714285714285715079e-01,5.833333333333333703e-01,0.000000000000000000e+00,0.000000000000000000e+00,5.000000000000000000e-01,4.628099173553713586e-01,5.000000000000001110e-01,0.000000000000000000e+00,0.000000000000000000e+00,0.000000000000000000e+00,0.000000000000000000e+00,0.000000000000000000e+00
0.000000000000000000e+00,9.923664122137404453e-01,0.000000000000000000e+00,0.000000000000000000e+00,0.000000000000000000e+00,1.818181818181817955e-01,9.444444444444444198e-01,2.312138728323700348e-02,0.000000000000000000e+00,5.000000000000000000e-01,0.000000000000000000e+00,0.000000000000000000e+00,0.000000000000000000e+00,0.000000000000000000e+00,0.000000000000000000e+00,0.000000000000000000e+00,6.281991624011172559e-02,0.000000000000000000e+00,9.962546816479400658e-01,0.000000000000000000e+00,5.000000000000000000e-01,0.000000000000000000e+00,4.999999999999998890e-01,0.000000000000000000e+00,0.000000000000000000e+00,4.999999999999997224e-01,1.226415094339624590e-01,2.727272727272727071e-01,1.000000000000000000e+00,0.000000000000000000e+00,0.000000000000000000e+00,0.000000000000000000e+00,0.000000000000000000e+00,0.000000000000000000e+00,1.000000000000000000e+00,5.185185185185178791e-02,9.768518518518517491e-01,7.807017543859647857e-01,3.750000000000000000e-01,2.586206896551728751e-01,5.714285714285715079e-01,5.833333333333333703e-01,0.000000000000000000e+00,0.000000000000000000e+00,5.000000000000000000e-01,4.628099173553713586e-01,5.000000000000001110e-01,0.000000000000000000e+00,0.000000000000000000e+00,0.000000000000000000e+00,0.000000000000000000e+00,0.000000000000000000e+00
0.000000000000000000e+00,9.961832061068702782e-01,0.000000000000000000e+00,0.000000000000000000e+00,0.000000000000000000e+00,1.818181818181817955e-01,9.444444444444444198e-01,2.312138728323700348e-02,0.000000000000000000e+00,5.000000000000000000e-01,0.000000000000000000e+00,0.000000000000000000e+00,0.000000000000000000e+00,0.000000000000000000e+00,0.000000000000000000e+00,0.000000000000000000e+00,6.281991624011172559e-02,0.000000000000000000e+00,9.962546816479400658e-01,0.000000000000000000e+00,5.000000000000000000e-01,0.000000000000000000e+00,4.999999999999998890e-01,0.000000000000000000e+00,0.000000000000000000e+00,4.999999999999997224e-01,1.226415094339624590e-01,2.727272727272727071e-01,1.000000000000000000e+00,0.000000000000000000e+00,0.000000000000000000e+00,0.000000000000000000e+00,0.000000000000000000e+00,0.000000000000000000e+00,1.000000000000000000e+00,5.185185185185178791e-02,9.768518518518517491e-01,7.807017543859647857e-01,3.750000000000000000e-01,3.448275862068971853e-01,7.142857142857143016e-01,5.833333333333333703e-01,0.000000000000000000e+00,0.000000000000000000e+00,5.000000000000000000e-01,4.628099173553713586e-01,5.000000000000001110e-01,0.000000000000000000e+00,0.000000000000000000e+00,0.000000000000000000e+00,0.000000000000000000e+00,0.000000000000000000e+00
0.000000000000000000e+00,9.923664122137404453e-01,0.000000000000000000e+00,0.000000000000000000e+00,0.000000000000000000e+00,1.818181818181817955e-01,9.444444444444444198e-01,2.312138728323700348e-02,0.000000000000000000e+00,5.000000000000000000e-01,0.000000000000000000e+00,0.000000000000000000e+00,0.000000000000000000e+00,0.000000000000000000e+00,0.000000000000000000e+00,0.000000000000000000e+00,6.281991624011172559e-02,0.000000000000000000e+00,9.962546816479400658e-01,0.000000000000000000e+00,5.000000000000000000e-01,0.000000000000000000e+00,4.999999999999998890e-01,0.000000000000000000e+00,0.000000000000000000e+00,4.999999999999997224e-01,1.226415094339624590e-01,3.636363636363635909e-01,1.000000000000000000e+00,0.000000000000000000e+00,0.000000000000000000e+00,0.000000000000000000e+00,0.000000000000000000e+00,0.000000000000000000e+00,1.000000000000000000e+00,5.185185185185178791e-02,9.768518518518517491e-01,7.807017543859647857e-01,3.750000000000000000e-01,4.827586206896560816e-01,7.142857142857143016e-01,5.833333333333333703e-01,0.000000000000000000e+00,0.000000000000000000e+00,5.000000000000000000e-01,4.628099173553713586e-01,6.666666666666667407e-01,0.000000000000000000e+00,0.000000000000000000e+00,0.000000000000000000e+00,0.000000000000000000e+00,0.000000000000000000e+00
0.000000000000000000e+00,9.923664122137404453e-01,0.000000000000000000e+00,0.000000000000000000e+00,0.000000000000000000e+00,1.818181818181817955e-01,9.444444444444444198e-01,2.312138728323700348e-02,0.000000000000000000e+00,5.000000000000000000e-01,0.000000000000000000e+00,0.000000000000000000e+00,0.000000000000000000e+00,0.000000000000000000e+00,0.000000000000000000e+00,0.000000000000000000e+00,6.281991624011172559e-02,0.000000000000000000e+00,9.962546816479400658e-01,0.000000000000000000e+00,5.000000000000000000e-01,0.000000000000000000e+00,4.999999999999998890e-01,0.000000000000000000e+00,0.000000000000000000e+00,4.999999999999997224e-01,1.226415094339624590e-01,3.636363636363635909e-01,1.000000000000000000e+00,0.000000000000000000e+00,0.000000000000000000e+00,0.000000000000000000e+00,0.000000000000000000e+00,0.000000000000000000e+00,1.000000000000000000e+00,5.185185185185178791e-02,9.768518518518517491e-01,7.807017543859647857e-01,3.750000000000000000e-01,3.793103448275869649e-01,7.142857142857143016e-01,6.666666666666667407e-01,0.000000000000000000e+00,0.000000000000000000e+00,5.000000000000000000e-01,4.628099173553713586e-01,6.666666666666667407e-01,0.000000000000000000e+00,0.000000000000000000e+00,0.000000000000000000e+00,0.000000000000000000e+00,0.000000000000000000e+00
0.000000000000000000e+00,9.923664122137404453e-01,0.000000000000000000e+00,0.000000000000000000e+00,0.000000000000000000e+00,1.818181818181817955e-01,9.722222222222220989e-01,2.312138728323700348e-02,0.000000000000000000e+00,5.000000000000000000e-01,0.000000000000000000e+00,0.000000000000000000e+00,0.000000000000000000e+00,0.000000000000000000e+00,0.000000000000000000e+00,0.000000000000000000e+00,6.281991624011172559e-02,0.000000000000000000e+00,9.962546816479400658e-01,0.000000000000000000e+00,5.000000000000000000e-01,0.000000000000000000e+00,4.999999999999998890e-01,0.000000000000000000e+00,0.000000000000000000e+00,4.999999999999997224e-01,1.226415094339624590e-01,3.636363636363635909e-01,1.000000000000000000e+00,0.000000000000000000e+00,0.000000000000000000e+00,0.000000000000000000e+00,0.000000000000000000e+00,0.000000000000000000e+00,1.000000000000000000e+00,5.185185185185178791e-02,9.768518518518517491e-01,7.807017543859647857e-01,3.750000000000000000e-01,4.482758620689663576e-01,7.142857142857143016e-01,7.500000000000000000e-01,0.000000000000000000e+00,0.000000000000000000e+00,7.500000000000000000e-01,4.628099173553713586e-01,6.666666666666667407e-01,0.000000000000000000e+00,0.000000000000000000e+00,0.000000000000000000e+00,0.000000000000000000e+00,0.000000000000000000e+00
0.000000000000000000e+00,9.923664122137404453e-01,0.000000000000000000e+00,0.000000000000000000e+00,0.000000000000000000e+00,1.818181818181817955e-01,9.722222222222220989e-01,2.312138728323700348e-02,0.000000000000000000e+00,5.000000000000000000e-01,0.000000000000000000e+00,0.000000000000000000e+00,0.000000000000000000e+00,0.000000000000000000e+00,0.000000000000000000e+00,0.000000000000000000e+00,6.281991624011172559e-02,0.000000000000000000e+00,9.962546816479400658e-01,0.000000000000000000e+00,5.000000000000000000e-01,0.000000000000000000e+00,4.999999999999998890e-01,0.000000000000000000e+00,0.000000000000000000e+00,4.999999999999997224e-01,1.226415094339624590e-01,3.636363636363635909e-01,1.000000000000000000e+00,0.000000000000000000e+00,0.000000000000000000e+00,0.000000000000000000e+00,0.000000000000000000e+00,0.000000000000000000e+00,1.000000000000000000e+00,5.185185185185178791e-02,9.768518518518517491e-01,7.807017543859647857e-01,3.750000000000000000e-01,4.827586206896560816e-01,7.142857142857143016e-01,7.500000000000000000e-01,0.000000000000000000e+00,0.000000000000000000e+00,7.500000000000000000e-01,4.628099173553713586e-01,6.666666666666667407e-01,0.000000000000000000e+00,0.000000000000000000e+00,0.000000000000000000e+00,0.000000000000000000e+00,0.000000000000000000e+00
0.000000000000000000e+00,9.923664122137404453e-01,0.000000000000000000e+00,0.000000000000000000e+00,0.000000000000000000e+00,1.818181818181817955e-01,9.722222222222220989e-01,2.312138728323700348e-02,0.000000000000000000e+00,5.000000000000000000e-01,0.000000000000000000e+00,0.000000000000000000e+00,0.000000000000000000e+00,0.000000000000000000e+00,0.000000000000000000e+00,0.000000000000000000e+00,6.281991624011172559e-02,0.000000000000000000e+00,9.962546816479400658e-01,0.000000000000000000e+00,5.000000000000000000e-01,0.000000000000000000e+00,4.999999999999998890e-01,0.000000000000000000e+00,0.000000000000000000e+00,4.999999999999997224e-01,1.226415094339624590e-01,3.636363636363635909e-01,1.000000000000000000e+00,0.000000000000000000e+00,0.000000000000000000e+00,0.000000000000000000e+00,0.000000000000000000e+00,0.000000000000000000e+00,1.000000000000000000e+00,5.185185185185178791e-02,9.768518518518517491e-01,7.807017543859647857e-01,3.750000000000000000e-01,4.137931034482766335e-01,7.142857142857143016e-01,7.500000000000000000e-01,0.000000000000000000e+00,0.000000000000000000e+00,7.500000000000000000e-01,4.628099173553713586e-01,6.666666666666667407e-01,0.000000000000000000e+00,0.000000000000000000e+00,0.000000000000000000e+00,0.000000000000000000e+00,0.000000000000000000e+00
0.000000000000000000e+00,9.923664122137404453e-01,0.000000000000000000e+00,0.000000000000000000e+00,0.000000000000000000e+00,1.818181818181817955e-01,9.722222222222220989e-01,2.312138728323700348e-02,0.000000000000000000e+00,5.000000000000000000e-01,0.000000000000000000e+00,0.000000000000000000e+00,0.000000000000000000e+00,0.000000000000000000e+00,0.000000000000000000e+00,0.000000000000000000e+00,6.281991624011172559e-02,0.000000000000000000e+00,9.962546816479400658e-01,0.000000000000000000e+00,5.000000000000000000e-01,0.000000000000000000e+00,4.999999999999998890e-01,0.000000000000000000e+00,0.000000000000000000e+00,4.999999999999997224e-01,1.226415094339624590e-01,3.636363636363635909e-01,1.000000000000000000e+00,0.000000000000000000e+00,0.000000000000000000e+00,0.000000000000000000e+00,0.000000000000000000e+00,0.000000000000000000e+00,1.000000000000000000e+00,5.185185185185178791e-02,9.768518518518517491e-01,7.807017543859647857e-01,3.750000000000000000e-01,4.310344827586214955e-01,7.142857142857143016e-01,7.500000000000000000e-01,0.000000000000000000e+00,0.000000000000000000e+00,7.500000000000000000e-01,4.628099173553713586e-01,6.666666666666667407e-01,0.000000000000000000e+00,0.000000000000000000e+00,0.000000000000000000e+00,0.000000000000000000e+00,0.000000000000000000e+00
0.000000000000000000e+00,9.923664122137404453e-01,0.000000000000000000e+00,0.000000000000000000e+00,0.000000000000000000e+00,1.818181818181817955e-01,9.722222222222220989e-01,2.312138728323700348e-02,0.000000000000000000e+00,5.000000000000000000e-01,0.000000000000000000e+00,0.000000000000000000e+00,0.000000000000000000e+00,0.000000000000000000e+00,0.000000000000000000e+00,0.000000000000000000e+00,6.281991624011172559e-02,0.000000000000000000e+00,9.962546816479400658e-01,0.000000000000000000e+00,5.000000000000000000e-01,0.000000000000000000e+00,4.999999999999998890e-01,0.000000000000000000e+00,0.000000000000000000e+00,4.999999999999997224e-01,1.226415094339624590e-01,3.636363636363635909e-01,1.000000000000000000e+00,0.000000000000000000e+00,0.000000000000000000e+00,0.000000000000000000e+00,0.000000000000000000e+00,0.000000000000000000e+00,1.000000000000000000e+00,5.185185185185178791e-02,9.768518518518517491e-01,7.807017543859647857e-01,3.750000000000000000e-01,3.448275862068971853e-01,7.142857142857143016e-01,7.500000000000000000e-01,0.000000000000000000e+00,0.000000000000000000e+00,7.500000000000000000e-01,4.628099173553713586e-01,6.666666666666667407e-01,0.000000000000000000e+00,0.000000000000000000e+00,0.000000000000000000e+00,0.000000000000000000e+00,0.000000000000000000e+00
0.000000000000000000e+00,9.923664122137404453e-01,0.000000000000000000e+00,0.000000000000000000e+00,0.000000000000000000e+00,1.818181818181817955e-01,9.722222222222220989e-01,2.312138728323700348e-02,0.000000000000000000e+00,5.000000000000000000e-01,0.000000000000000000e+00,0.000000000000000000e+00,0.000000000000000000e+00,0.000000000000000000e+00,0.000000000000000000e+00,0.000000000000000000e+00,6.281991624011172559e-02,0.000000000000000000e+00,9.962546816479400658e-01,0.000000000000000000e+00,5.000000000000000000e-01,0.000000000000000000e+00,4.999999999999998890e-01,0.000000000000000000e+00,0.000000000000000000e+00,4.999999999999997224e-01,1.226415094339624590e-01,3.636363636363635909e-01,1.000000000000000000e+00,0.000000000000000000e+00,0.000000000000000000e+00,0.000000000000000000e+00,0.000000000000000000e+00,0.000000000000000000e+00,1.000000000000000000e+00,5.185185185185178791e-02,9.768518518518517491e-01,7.807017543859647857e-01,5.000000000000000000e-01,1.206896551724140343e-01,7.142857142857143016e-01,7.500000000000000000e-01,0.000000000000000000e+00,0.000000000000000000e+00,7.500000000000000000e-01,4.628099173553713586e-01,6.666666666666667407e-01,0.000000000000000000e+00,0.000000000000000000e+00,0.000000000000000000e+00,0.000000000000000000e+00,0.000000000000000000e+00
0.000000000000000000e+00,9.923664122137404453e-01,0.000000000000000000e+00,0.000000000000000000e+00,0.000000000000000000e+00,1.818181818181817955e-01,9.722222222222220989e-01,2.312138728323700348e-02,0.000000000000000000e+00,5.000000000000000000e-01,0.000000000000000000e+00,0.000000000000000000e+00,0.000000000000000000e+00,0.000000000000000000e+00,0.000000000000000000e+00,0.000000000000000000e+00,6.281991624011172559e-02,0.000000000000000000e+00,9.962546816479400658e-01,0.000000000000000000e+00,5.000000000000000000e-01,0.000000000000000000e+00,4.999999999999998890e-01,0.000000000000000000e+00,0.000000000000000000e+00,4.999999999999997224e-01,1.226415094339624590e-01,5.454545454545454142e-01,1.000000000000000000e+00,0.000000000000000000e+00,0.000000000000000000e+00,0.000000000000000000e+00,0.000000000000000000e+00,0.000000000000000000e+00,7.857142857142858094e-01,5.185185185185178791e-02,9.768518518518517491e-01,7.807017543859647857e-01,5.000000000000000000e-01,0.000000000000000000e+00,7.142857142857143016e-01,7.500000000000000000e-01,0.000000000000000000e+00,0.000000000000000000e+00,7.500000000000000000e-01,4.628099173553713586e-01,6.666666666666667407e-01,0.000000000000000000e+00,0.000000000000000000e+00,0.000000000000000000e+00,0.000000000000000000e+00,0.000000000000000000e+00
0.000000000000000000e+00,9.923664122137404453e-01,0.000000000000000000e+00,0.000000000000000000e+00,0.000000000000000000e+00,1.818181818181817955e-01,9.722222222222220989e-01,2.312138728323700348e-02,0.000000000000000000e+00,5.000000000000000000e-01,0.000000000000000000e+00,0.000000000000000000e+00,0.000000000000000000e+00,0.000000000000000000e+00,0.000000000000000000e+00,0.000000000000000000e+00,6.281991624011172559e-02,0.000000000000000000e+00,9.962546816479400658e-01,0.000000000000000000e+00,5.000000000000000000e-01,0.000000000000000000e+00,4.999999999999998890e-01,0.000000000000000000e+00,0.000000000000000000e+00,4.999999999999997224e-01,1.226415094339624590e-01,4.545454545454545303e-01,1.000000000000000000e+00,0.000000000000000000e+00,0.000000000000000000e+00,0.000000000000000000e+00,0.000000000000000000e+00,0.000000000000000000e+00,7.857142857142858094e-01,5.185185185185178791e-02,9.768518518518517491e-01,7.807017543859647857e-01,5.000000000000000000e-01,1.034482758620691722e-01,7.142857142857143016e-01,7.500000000000000000e-01,0.000000000000000000e+00,0.000000000000000000e+00,7.500000000000000000e-01,4.628099173553713586e-01,6.666666666666667407e-01,0.000000000000000000e+00,0.000000000000000000e+00,0.000000000000000000e+00,0.000000000000000000e+00,0.000000000000000000e+00
0.000000000000000000e+00,9.923664122137404453e-01,0.000000000000000000e+00,0.000000000000000000e+00,0.000000000000000000e+00,1.818181818181817955e-01,9.722222222222220989e-01,2.312138728323700348e-02,0.000000000000000000e+00,5.000000000000000000e-01,0.000000000000000000e+00,0.000000000000000000e+00,0.000000000000000000e+00,0.000000000000000000e+00,0.000000000000000000e+00,0.000000000000000000e+00,6.281991624011172559e-02,0.000000000000000000e+00,9.962546816479400658e-01,0.000000000000000000e+00,5.000000000000000000e-01,0.000000000000000000e+00,4.999999999999998890e-01,0.000000000000000000e+00,0.000000000000000000e+00,4.999999999999997224e-01,1.226415094339624590e-01,3.636363636363635909e-01,1.000000000000000000e+00,0.000000000000000000e+00,0.000000000000000000e+00,0.000000000000000000e+00,0.000000000000000000e+00,0.000000000000000000e+00,7.857142857142858094e-01,5.185185185185178791e-02,9.768518518518517491e-01,7.807017543859647857e-01,5.000000000000000000e-01,3.620689655172420474e-01,7.142857142857143016e-01,9.166666666666667407e-01,0.000000000000000000e+00,0.000000000000000000e+00,7.500000000000000000e-01,4.628099173553713586e-01,8.333333333333333703e-01,0.000000000000000000e+00,0.000000000000000000e+00,0.000000000000000000e+00,0.000000000000000000e+00,0.000000000000000000e+00
0.000000000000000000e+00,9.923664122137404453e-01,0.000000000000000000e+00,0.000000000000000000e+00,0.000000000000000000e+00,1.818181818181817955e-01,9.444444444444444198e-01,2.312138728323700348e-02,0.000000000000000000e+00,5.000000000000000000e-01,0.000000000000000000e+00,0.000000000000000000e+00,0.000000000000000000e+00,0.000000000000000000e+00,0.000000000000000000e+00,0.000000000000000000e+00,6.281991624011172559e-02,0.000000000000000000e+00,9.962546816479400658e-01,0.000000000000000000e+00,5.000000000000000000e-01,0.000000000000000000e+00,4.999999999999998890e-01,0.000000000000000000e+00,0.000000000000000000e+00,4.999999999999997224e-01,1.226415094339624590e-01,5.454545454545454142e-01,1.000000000000000000e+00,0.000000000000000000e+00,0.000000000000000000e+00,0.000000000000000000e+00,0.000000000000000000e+00,0.000000000000000000e+00,7.857142857142858094e-01,5.185185185185178791e-02,9.768518518518517491e-01,7.807017543859647857e-01,5.000000000000000000e-01,5.862068965517233110e-01,1.000000000000000000e+00,1.000000000000000000e+00,0.000000000000000000e+00,0.000000000000000000e+00,7.500000000000000000e-01,4.628099173553713586e-01,8.333333333333333703e-01,0.000000000000000000e+00,0.000000000000000000e+00,0.000000000000000000e+00,0.000000000000000000e+00,0.000000000000000000e+00
0.000000000000000000e+00,9.923664122137404453e-01,0.000000000000000000e+00,0.000000000000000000e+00,0.000000000000000000e+00,1.818181818181817955e-01,9.444444444444444198e-01,2.312138728323700348e-02,0.000000000000000000e+00,5.000000000000000000e-01,0.000000000000000000e+00,0.000000000000000000e+00,0.000000000000000000e+00,0.000000000000000000e+00,0.000000000000000000e+00,0.000000000000000000e+00,6.281991624011172559e-02,0.000000000000000000e+00,9.962546816479400658e-01,0.000000000000000000e+00,5.000000000000000000e-01,0.000000000000000000e+00,4.999999999999998890e-01,0.000000000000000000e+00,0.000000000000000000e+00,4.999999999999997224e-01,1.226415094339624590e-01,5.454545454545454142e-01,1.000000000000000000e+00,0.000000000000000000e+00,0.000000000000000000e+00,0.000000000000000000e+00,0.000000000000000000e+00,0.000000000000000000e+00,7.857142857142858094e-01,5.185185185185178791e-02,9.768518518518517491e-01,7.807017543859647857e-01,6.249999999999998890e-01,6.034482758620682841e-01,1.000000000000000000e+00,1.000000000000000000e+00,0.000000000000000000e+00,0.000000000000000000e+00,1.000000000000000000e+00,4.628099173553713586e-01,8.333333333333333703e-01,0.000000000000000000e+00,0.000000000000000000e+00,0.000000000000000000e+00,0.000000000000000000e+00,0.000000000000000000e+00
0.000000000000000000e+00,9.923664122137404453e-01,0.000000000000000000e+00,0.000000000000000000e+00,0.000000000000000000e+00,1.818181818181817955e-01,9.444444444444444198e-01,2.312138728323700348e-02,0.000000000000000000e+00,5.000000000000000000e-01,0.000000000000000000e+00,0.000000000000000000e+00,0.000000000000000000e+00,0.000000000000000000e+00,0.000000000000000000e+00,0.000000000000000000e+00,6.281991624011172559e-02,0.000000000000000000e+00,9.962546816479400658e-01,0.000000000000000000e+00,5.000000000000000000e-01,0.000000000000000000e+00,4.999999999999998890e-01,0.000000000000000000e+00,0.000000000000000000e+00,4.999999999999997224e-01,1.226415094339624590e-01,5.454545454545454142e-01,1.000000000000000000e+00,0.000000000000000000e+00,0.000000000000000000e+00,0.000000000000000000e+00,0.000000000000000000e+00,0.000000000000000000e+00,7.857142857142858094e-01,5.185185185185178791e-02,9.768518518518517491e-01,7.807017543859647857e-01,6.249999999999998890e-01,4.655172413793112196e-01,1.000000000000000000e+00,5.833333333333333703e-01,0.000000000000000000e+00,0.000000000000000000e+00,1.000000000000000000e+00,4.628099173553713586e-01,8.333333333333333703e-01,0.000000000000000000e+00,0.000000000000000000e+00,0.000000000000000000e+00,0.000000000000000000e+00,0.000000000000000000e+00
0.000000000000000000e+00,9.923664122137404453e-01,0.000000000000000000e+00,0.000000000000000000e+00,0.000000000000000000e+00,1.818181818181817955e-01,9.444444444444444198e-01,2.312138728323700348e-02,0.000000000000000000e+00,5.000000000000000000e-01,0.000000000000000000e+00,0.000000000000000000e+00,0.000000000000000000e+00,0.000000000000000000e+00,0.000000000000000000e+00,0.000000000000000000e+00,6.281991624011172559e-02,0.000000000000000000e+00,9.962546816479400658e-01,0.000000000000000000e+00,5.000000000000000000e-01,0.000000000000000000e+00,4.999999999999998890e-01,0.000000000000000000e+00,0.000000000000000000e+00,4.999999999999997224e-01,9.905660377358506408e-02,4.545454545454545303e-01,1.000000000000000000e+00,0.000000000000000000e+00,0.000000000000000000e+00,0.000000000000000000e+00,0.000000000000000000e+00,0.000000000000000000e+00,7.857142857142858094e-01,5.185185185185178791e-02,9.768518518518517491e-01,7.807017543859647857e-01,5.000000000000000000e-01,2.413793103448280408e-01,5.714285714285715079e-01,5.833333333333333703e-01,0.000000000000000000e+00,0.000000000000000000e+00,1.000000000000000000e+00,4.628099173553713586e-01,8.333333333333333703e-01,0.000000000000000000e+00,0.000000000000000000e+00,0.000000000000000000e+00,0.000000000000000000e+00,0.000000000000000000e+00
0.000000000000000000e+00,9.923664122137404453e-01,0.000000000000000000e+00,0.000000000000000000e+00,0.000000000000000000e+00,1.818181818181817955e-01,9.444444444444444198e-01,2.312138728323700348e-02,0.000000000000000000e+00,5.000000000000000000e-01,0.000000000000000000e+00,0.000000000000000000e+00,0.000000000000000000e+00,0.000000000000000000e+00,0.000000000000000000e+00,0.000000000000000000e+00,6.281991624011172559e-02,0.000000000000000000e+00,9.962546816479400658e-01,0.000000000000000000e+00,5.000000000000000000e-01,0.000000000000000000e+00,4.999999999999998890e-01,0.000000000000000000e+00,0.000000000000000000e+00,4.999999999999997224e-01,8.018867924528295943e-02,3.636363636363635909e-01,5.992509363295876051e-02,0.000000000000000000e+00,0.000000000000000000e+00,0.000000000000000000e+00,0.000000000000000000e+00,0.000000000000000000e+00,7.857142857142858094e-01,5.185185185185178791e-02,9.768518518518517491e-01,7.807017543859647857e-01,5.000000000000000000e-01,1.379310344827588963e-01,5.714285714285715079e-01,5.833333333333333703e-01,0.000000000000000000e+00,0.000000000000000000e+00,1.000000000000000000e+00,4.628099173553713586e-01,8.333333333333333703e-01,0.000000000000000000e+00,0.000000000000000000e+00,0.000000000000000000e+00,0.000000000000000000e+00,0.000000000000000000e+00
0.000000000000000000e+00,9.923664122137404453e-01,0.000000000000000000e+00,0.000000000000000000e+00,0.000000000000000000e+00,1.818181818181817955e-01,9.444444444444444198e-01,2.312138728323700348e-02,0.000000000000000000e+00,5.000000000000000000e-01,0.000000000000000000e+00,0.000000000000000000e+00,0.000000000000000000e+00,0.000000000000000000e+00,0.000000000000000000e+00,0.000000000000000000e+00,6.281991624011172559e-02,0.000000000000000000e+00,9.962546816479400658e-01,0.000000000000000000e+00,5.000000000000000000e-01,0.000000000000000000e+00,4.999999999999998890e-01,0.000000000000000000e+00,0.000000000000000000e+00,4.999999999999997224e-01,8.018867924528295943e-02,3.636363636363635909e-01,5.805243445692879339e-02,0.000000000000000000e+00,0.000000000000000000e+00,0.000000000000000000e+00,0.000000000000000000e+00,0.000000000000000000e+00,8.571428571428572063e-01,5.185185185185178791e-02,1.000000000000000000e+00,7.807017543859647857e-01,5.000000000000000000e-01,2.586206896551728751e-01,5.714285714285715079e-01,5.833333333333333703e-01,0.000000000000000000e+00,0.000000000000000000e+00,1.000000000000000000e+00,4.628099173553713586e-01,8.333333333333333703e-01,0.000000000000000000e+00,0.000000000000000000e+00,0.000000000000000000e+00,0.000000000000000000e+00,0.000000000000000000e+00
0.000000000000000000e+00,9.923664122137404453e-01,0.000000000000000000e+00,0.000000000000000000e+00,0.000000000000000000e+00,1.818181818181817955e-01,9.444444444444444198e-01,2.312138728323700348e-02,0.000000000000000000e+00,5.000000000000000000e-01,0.000000000000000000e+00,0.000000000000000000e+00,0.000000000000000000e+00,0.000000000000000000e+00,0.000000000000000000e+00,0.000000000000000000e+00,6.281991624011172559e-02,0.000000000000000000e+00,9.962546816479400658e-01,0.000000000000000000e+00,5.000000000000000000e-01,0.000000000000000000e+00,0.000000000000000000e+00,0.000000000000000000e+00,0.000000000000000000e+00,4.999999999999997224e-01,8.018867924528295943e-02,3.636363636363635909e-01,5.992509363295876051e-02,0.000000000000000000e+00,0.000000000000000000e+00,0.000000000000000000e+00,0.000000000000000000e+00,0.000000000000000000e+00,9.285714285714287142e-01,5.185185185185178791e-02,1.000000000000000000e+00,7.807017543859647857e-01,5.000000000000000000e-01,2.931034482758625992e-01,5.714285714285715079e-01,5.833333333333333703e-01,0.000000000000000000e+00,0.000000000000000000e+00,1.000000000000000000e+00,4.628099173553713586e-01,8.333333333333333703e-01,0.000000000000000000e+00,0.000000000000000000e+00,0.000000000000000000e+00,0.000000000000000000e+00,0.000000000000000000e+00
0.000000000000000000e+00,9.923664122137404453e-01,0.000000000000000000e+00,0.000000000000000000e+00,0.000000000000000000e+00,1.818181818181817955e-01,9.444444444444444198e-01,2.312138728323700348e-02,0.000000000000000000e+00,5.000000000000000000e-01,0.000000000000000000e+00,0.000000000000000000e+00,0.000000000000000000e+00,0.000000000000000000e+00,0.000000000000000000e+00,0.000000000000000000e+00,6.281991624011172559e-02,0.000000000000000000e+00,9.962546816479400658e-01,0.000000000000000000e+00,5.000000000000000000e-01,0.000000000000000000e+00,0.000000000000000000e+00,0.000000000000000000e+00,0.000000000000000000e+00,4.999999999999997224e-01,8.018867924528295943e-02,2.727272727272727071e-01,5.617977528089882627e-02,0.000000000000000000e+00,0.000000000000000000e+00,0.000000000000000000e+00,0.000000000000000000e+00,0.000000000000000000e+00,9.285714285714287142e-01,5.185185185185178791e-02,1.000000000000000000e+00,7.807017543859647857e-01,3.750000000000000000e-01,4.482758620689663576e-01,5.714285714285715079e-01,7.500000000000000000e-01,0.000000000000000000e+00,0.000000000000000000e+00,7.500000000000000000e-01,4.628099173553713586e-01,8.333333333333333703e-01,0.000000000000000000e+00,0.000000000000000000e+00,0.000000000000000000e+00,0.000000000000000000e+00,0.000000000000000000e+00
0.000000000000000000e+00,9.923664122137404453e-01,0.000000000000000000e+00,0.000000000000000000e+00,0.000000000000000000e+00,1.818181818181817955e-01,9.444444444444444198e-01,2.312138728323700348e-02,0.000000000000000000e+00,5.000000000000000000e-01,0.000000000000000000e+00,0.000000000000000000e+00,0.000000000000000000e+00,0.000000000000000000e+00,0.000000000000000000e+00,0.000000000000000000e+00,5.886458818054911279e-02,0.000000000000000000e+00,9.962546816479400658e-01,0.000000000000000000e+00,5.000000000000000000e-01,0.000000000000000000e+00,0.000000000000000000e+00,0.000000000000000000e+00,0.000000000000000000e+00,4.999999999999997224e-01,8.018867924528295943e-02,1.818181818181817955e-01,5.617977528089882627e-02,0.000000000000000000e+00,0.000000000000000000e+00,0.000000000000000000e+00,0.000000000000000000e+00,0.000000000000000000e+00,9.285714285714287142e-01,5.185185185185178791e-02,1.000000000000000000e+00,7.807017543859647857e-01,3.750000000000000000e-01,5.689655172413785600e-01,5.714285714285715079e-01,7.500000000000000000e-01,0.000000000000000000e+00,0.000000000000000000e+00,7.500000000000000000e-01,4.628099173553713586e-01,8.333333333333333703e-01,0.000000000000000000e+00,0.000000000000000000e+00,0.000000000000000000e+00,0.000000000000000000e+00,0.000000000000000000e+00
0.000000000000000000e+00,9.923664122137404453e-01,0.000000000000000000e+00,0.000000000000000000e+00,0.000000000000000000e+00,1.818181818181817955e-01,9.444444444444444198e-01,2.312138728323700348e-02,0.000000000000000000e+00,5.000000000000000000e-01,0.000000000000000000e+00,0.000000000000000000e+00,0.000000000000000000e+00,0.000000000000000000e+00,0.000000000000000000e+00,0.000000000000000000e+00,3.699395067473253140e-02,0.000000000000000000e+00,9.962546816479400658e-01,0.000000000000000000e+00,5.000000000000000000e-01,0.000000000000000000e+00,0.000000000000000000e+00,0.000000000000000000e+00,0.000000000000000000e+00,4.999999999999997224e-01,8.018867924528295943e-02,1.818181818181817955e-01,5.617977528089882627e-02,0.000000000000000000e+00,0.000000000000000000e+00,0.000000000000000000e+00,0.000000000000000000e+00,0.000000000000000000e+00,9.285714285714287142e-01,5.185185185185178791e-02,1.000000000000000000e+00,7.807017543859647857e-01,3.750000000000000000e-01,5.344827586206888359e-01,5.714285714285715079e-01,7.500000000000000000e-01,0.000000000000000000e+00,0.000000000000000000e+00,7.500000000000000000e-01,4.628099173553713586e-01,8.333333333333333703e-01,0.000000000000000000e+00,0.000000000000000000e+00,0.000000000000000000e+00,0.000000000000000000e+00,0.000000000000000000e+00
0.000000000000000000e+00,9.923664122137404453e-01,0.000000000000000000e+00,0.000000000000000000e+00,0.000000000000000000e+00,1.818181818181817955e-01,9.444444444444444198e-01,2.312138728323700348e-02,0.000000000000000000e+00,5.000000000000000000e-01,0.000000000000000000e+00,0.000000000000000000e+00,0.000000000000000000e+00,0.000000000000000000e+00,0.000000000000000000e+00,0.000000000000000000e+00,2.442996742671011551e-02,0.000000000000000000e+00,9.962546816479400658e-01,0.000000000000000000e+00,5.000000000000000000e-01,0.000000000000000000e+00,0.000000000000000000e+00,0.000000000000000000e+00,0.000000000000000000e+00,4.999999999999997224e-01,3.773584905660379990e-02,1.818181818181817955e-01,5.430711610486885915e-02,0.000000000000000000e+00,0.000000000000000000e+00,0.000000000000000000e+00,0.000000000000000000e+00,0.000000000000000000e+00,9.285714285714287142e-01,5.185185185185178791e-02,9.907407407407408106e-01,7.807017543859647857e-01,3.750000000000000000e-01,5.517241379310335869e-01,5.714285714285715079e-01,6.666666666666667407e-01,0.000000000000000000e+00,0.000000000000000000e+00,7.500000000000000000e-01,4.628099173553713586e-01,8.333333333333333703e-01,0.000000000000000000e+00,0.000000000000000000e+00,0.000000000000000000e+00,0.000000000000000000e+00,0.000000000000000000e+00
0.000000000000000000e+00,9.923664122137404453e-01,0.000000000000000000e+00,0.000000000000000000e+00,0.000000000000000000e+00,1.818181818181817955e-01,9.444444444444444198e-01,2.312138728323700348e-02,0.000000000000000000e+00,5.000000000000000000e-01,0.000000000000000000e+00,0.000000000000000000e+00,0.000000000000000000e+00,0.000000000000000000e+00,0.000000000000000000e+00,0.000000000000000000e+00,1.140065146579808709e-02,0.000000000000000000e+00,9.962546816479400658e-01,0.000000000000000000e+00,5.000000000000000000e-01,0.000000000000000000e+00,0.000000000000000000e+00,0.000000000000000000e+00,0.000000000000000000e+00,4.999999999999997224e-01,4.716981132075563458e-03,1.818181818181817955e-01,5.430711610486885915e-02,0.000000000000000000e+00,0.000000000000000000e+00,0.000000000000000000e+00,0.000000000000000000e+00,0.000000000000000000e+00,9.285714285714287142e-01,5.185185185185178791e-02,9.861111111111110494e-01,7.807017543859647857e-01,3.750000000000000000e-01,4.137931034482766335e-01,5.714285714285715079e-01,6.666666666666667407e-01,0.000000000000000000e+00,0.000000000000000000e+00,7.500000000000000000e-01,4.628099173553713586e-01,8.333333333333333703e-01,0.000000000000000000e+00,0.000000000000000000e+00,0.000000000000000000e+00,0.000000000000000000e+00,0.000000000000000000e+00
0.000000000000000000e+00,9.923664122137404453e-01,0.000000000000000000e+00,0.000000000000000000e+00,0.000000000000000000e+00,1.818181818181817955e-01,9.444444444444444198e-01,2.312138728323700348e-02,0.000000000000000000e+00,5.000000000000000000e-01,0.000000000000000000e+00,0.000000000000000000e+00,0.000000000000000000e+00,0.000000000000000000e+00,0.000000000000000000e+00,0.000000000000000000e+00,4.653327128897205914e-03,0.000000000000000000e+00,9.962546816479400658e-01,0.000000000000000000e+00,5.000000000000000000e-01,0.000000000000000000e+00,0.000000000000000000e+00,0.000000000000000000e+00,0.000000000000000000e+00,4.999999999999997224e-01,4.716981132075563458e-03,3.636363636363635909e-01,5.430711610486885915e-02,0.000000000000000000e+00,0.000000000000000000e+00,0.000000000000000000e+00,0.000000000000000000e+00,0.000000000000000000e+00,9.285714285714287142e-01,5.185185185185178791e-02,9.861111111111110494e-01,7.807017543859647857e-01,3.750000000000000000e-01,3.620689655172420474e-01,5.714285714285715079e-01,6.666666666666667407e-01,0.000000000000000000e+00,0.000000000000000000e+00,7.500000000000000000e-01,4.628099173553713586e-01,8.333333333333333703e-01,0.000000000000000000e+00,0.000000000000000000e+00,0.000000000000000000e+00,0.000000000000000000e+00,0.000000000000000000e+00
0.000000000000000000e+00,9.923664122137404453e-01,0.000000000000000000e+00,0.000000000000000000e+00,0.000000000000000000e+00,1.818181818181817955e-01,9.444444444444444198e-01,2.312138728323700348e-02,0.000000000000000000e+00,5.000000000000000000e-01,0.000000000000000000e+00,0.000000000000000000e+00,0.000000000000000000e+00,0.000000000000000000e+00,0.000000000000000000e+00,0.000000000000000000e+00,0.000000000000000000e+00,0.000000000000000000e+00,1.000000000000000000e+00,0.000000000000000000e+00,5.000000000000000000e-01,0.000000000000000000e+00,1.000000000000000000e+00,0.000000000000000000e+00,1.000000000000000000e+00,4.999999999999997224e-01,4.716981132075563458e-03,4.545454545454545303e-01,5.243445692883890591e-02,0.000000000000000000e+00,0.000000000000000000e+00,0.000000000000000000e+00,0.000000000000000000e+00,0.000000000000000000e+00,9.285714285714287142e-01,5.185185185185178791e-02,9.861111111111110494e-01,7.807017543859647857e-01,3.750000000000000000e-01,4.827586206896560816e-01,5.714285714285715079e-01,6.666666666666667407e-01,0.000000000000000000e+00,0.000000000000000000e+00,7.500000000000000000e-01,4.628099173553713586e-01,8.333333333333333703e-01,0.000000000000000000e+00,0.000000000000000000e+00,0.000000000000000000e+00,0.000000000000000000e+00,0.000000000000000000e+00
0.000000000000000000e+00,9.923664122137404453e-01,0.000000000000000000e+00,0.000000000000000000e+00,0.000000000000000000e+00,1.818181818181817955e-01,9.444444444444444198e-01,2.312138728323700348e-02,0.000000000000000000e+00,5.000000000000000000e-01,0.000000000000000000e+00,0.000000000000000000e+00,0.000000000000000000e+00,0.000000000000000000e+00,0.000000000000000000e+00,0.000000000000000000e+00,3.024662633783265463e-03,0.000000000000000000e+00,9.962546816479400658e-01,0.000000000000000000e+00,5.000000000000000000e-01,0.000000000000000000e+00,1.000000000000000000e+00,0.000000000000000000e+00,1.000000000000000000e+00,4.999999999999997224e-01,4.716981132075563458e-03,6.363636363636363535e-01,5.243445692883890591e-02,0.000000000000000000e+00,0.000000000000000000e+00,0.000000000000000000e+00,0.000000000000000000e+00,0.000000000000000000e+00,9.285714285714287142e-01,5.185185185185178791e-02,9.861111111111110494e-01,7.807017543859647857e-01,3.750000000000000000e-01,4.827586206896560816e-01,5.714285714285715079e-01,6.666666666666667407e-01,0.000000000000000000e+00,0.000000000000000000e+00,7.500000000000000000e-01,4.628099173553713586e-01,8.333333333333333703e-01,0.000000000000000000e+00,0.000000000000000000e+00,0.000000000000000000e+00,0.000000000000000000e+00,0.000000000000000000e+00
0.000000000000000000e+00,9.923664122137404453e-01,0.000000000000000000e+00,0.000000000000000000e+00,0.000000000000000000e+00,1.818181818181817955e-01,9.444444444444444198e-01,2.312138728323700348e-02,0.000000000000000000e+00,5.000000000000000000e-01,0.000000000000000000e+00,0.000000000000000000e+00,0.000000000000000000e+00,0.000000000000000000e+00,0.000000000000000000e+00,0.000000000000000000e+00,5.025593299208942766e-02,0.000000000000000000e+00,9.962546816479400658e-01,0.000000000000000000e+00,5.000000000000000000e-01,0.000000000000000000e+00,1.000000000000000000e+00,0.000000000000000000e+00,1.000000000000000000e+00,4.999999999999997224e-01,4.716981132075563458e-03,7.272727272727271819e-01,5.056179775280893879e-02,0.000000000000000000e+00,0.000000000000000000e+00,0.000000000000000000e+00,0.000000000000000000e+00,0.000000000000000000e+00,9.285714285714287142e-01,5.185185185185178791e-02,9.861111111111110494e-01,7.807017543859647857e-01,3.750000000000000000e-01,3.793103448275869649e-01,5.714285714285715079e-01,6.666666666666667407e-01,0.000000000000000000e+00,0.000000000000000000e+00,1.000000000000000000e+00,4.628099173553713586e-01,8.333333333333333703e-01,0.000000000000000000e+00,0.000000000000000000e+00,0.000000000000000000e+00,0.000000000000000000e+00,0.000000000000000000e+00
0.000000000000000000e+00,9.923664122137404453e-01,0.000000000000000000e+00,0.000000000000000000e+00,0.000000000000000000e+00,1.818181818181817955e-01,9.444444444444444198e-01,2.312138728323700348e-02,0.000000000000000000e+00,5.000000000000000000e-01,0.000000000000000000e+00,0.000000000000000000e+00,0.000000000000000000e+00,0.000000000000000000e+00,0.000000000000000000e+00,0.000000000000000000e+00,1.088878548161935494e-01,2.843942505133463527e-02,9.962546816479400658e-01,0.000000000000000000e+00,5.000000000000000000e-01,0.000000000000000000e+00,1.000000000000000000e+00,0.000000000000000000e+00,1.000000000000000000e+00,4.999999999999997224e-01,4.716981132075563458e-03,7.272727272727271819e-01,4.868913857677897861e-02,0.000000000000000000e+00,0.000000000000000000e+00,0.000000000000000000e+00,0.000000000000000000e+00,0.000000000000000000e+00,9.285714285714287142e-01,5.185185185185178791e-02,9.861111111111110494e-01,7.807017543859647857e-01,3.750000000000000000e-01,3.448275862068971853e-01,5.714285714285715079e-01,6.666666666666667407e-01,0.000000000000000000e+00,0.000000000000000000e+00,1.000000000000000000e+00,4.628099173553713586e-01,8.333333333333333703e-01,0.000000000000000000e+00,0.000000000000000000e+00,0.000000000000000000e+00,0.000000000000000000e+00,0.000000000000000000e+00
0.000000000000000000e+00,9.923664122137404453e-01,0.000000000000000000e+00,0.000000000000000000e+00,0.000000000000000000e+00,1.818181818181817955e-01,9.444444444444444198e-01,2.312138728323700348e-02,0.000000000000000000e+00,5.000000000000000000e-01,0.000000000000000000e+00,0.000000000000000000e+00,0.000000000000000000e+00,0.000000000000000000e+00,0.000000000000000000e+00,0.000000000000000000e+00,1.740344346207538251e-01,1.108829568788500392e-01,9.962546816479400658e-01,0.000000000000000000e+00,5.000000000000000000e-01,0.000000000000000000e+00,1.000000000000000000e+00,0.000000000000000000e+00,1.000000000000000000e+00,4.999999999999997224e-01,4.716981132075563458e-03,9.090909090909090606e-01,4.681647940074901149e-02,0.000000000000000000e+00,0.000000000000000000e+00,0.000000000000000000e+00,0.000000000000000000e+00,0.000000000000000000e+00,7.857142857142858094e-01,9.259259259259260133e-02,9.861111111111110494e-01,7.807017543859647857e-01,3.750000000000000000e-01,2.758620689655177372e-01,5.714285714285715079e-01,6.666666666666667407e-01,0.000000000000000000e+00,0.000000000000000000e+00,1.000000000000000000e+00,4.628099173553713586e-01,8.333333333333333703e-01,0.000000000000000000e+00,0.000000000000000000e+00,0.000000000000000000e+00,0.000000000000000000e+00,0.000000000000000000e+00
0.000000000000000000e+00,9.923664122137404453e-01,0.000000000000000000e+00,0.000000000000000000e+00,0.000000000000000000e+00,1.818181818181817955e-01,9.444444444444444198e-01,2.312138728323700348e-02,0.000000000000000000e+00,5.000000000000000000e-01,0.000000000000000000e+00,0.000000000000000000e+00,0.000000000000000000e+00,0.000000000000000000e+00,0.000000000000000000e+00,0.000000000000000000e+00,2.345276872964168757e-01,2.433264887063654458e-01,9.962546816479400658e-01,0.000000000000000000e+00,5.000000000000000000e-01,0.000000000000000000e+00,1.000000000000000000e+00,0.000000000000000000e+00,1.000000000000000000e+00,4.999999999999997224e-01,5.660377358490563393e-02,9.090909090909090606e-01,4.681647940074901149e-02,0.000000000000000000e+00,0.000000000000000000e+00,0.000000000000000000e+00,0.000000000000000000e+00,0.000000000000000000e+00,7.857142857142858094e-01,9.259259259259260133e-02,9.861111111111110494e-01,7.807017543859647857e-01,3.750000000000000000e-01,2.586206896551728751e-01,5.714285714285715079e-01,6.666666666666667407e-01,0.000000000000000000e+00,0.000000000000000000e+00,1.000000000000000000e+00,4.628099173553713586e-01,8.333333333333333703e-01,0.000000000000000000e+00,0.000000000000000000e+00,0.000000000000000000e+00,0.000000000000000000e+00,0.000000000000000000e+00
0.000000000000000000e+00,9.923664122137404453e-01,0.000000000000000000e+00,0.000000000000000000e+00,0.000000000000000000e+00,1.818181818181817955e-01,9.444444444444444198e-01,2.312138728323700348e-02,0.000000000000000000e+00,5.000000000000000000e-01,0.000000000000000000e+00,0.000000000000000000e+00,0.000000000000000000e+00,0.000000000000000000e+00,0.000000000000000000e+00,0.000000000000000000e+00,2.880409492787343040e-01,4.075975359342915993e-01,1.000000000000000000e+00,0.000000000000000000e+00,5.000000000000000000e-01,0.000000000000000000e+00,1.000000000000000000e+00,0.000000000000000000e+00,1.000000000000000000e+00,4.999999999999997224e-01,5.660377358490563393e-02,7.272727272727271819e-01,4.681647940074901149e-02,0.000000000000000000e+00,0.000000000000000000e+00,0.000000000000000000e+00,0.000000000000000000e+00,0.000000000000000000e+00,7.857142857142858094e-01,9.259259259259260133e-02,9.861111111111110494e-01,7.807017543859647857e-01,3.750000000000000000e-01,3.620689655172420474e-01,5.714285714285715079e-01,6.666666666666667407e-01,0.000000000000000000e+00,0.000000000000000000e+00,1.000000000000000000e+00,4.628099173553713586e-01,8.333333333333333703e-01,0.000000000000000000e+00,0.000000000000000000e+00,0.000000000000000000e+00,0.000000000000000000e+00,0.000000000000000000e+00
0.000000000000000000e+00,9.923664122137404453e-01,0.000000000000000000e+00,0.000000000000000000e+00,0.000000000000000000e+00,1.818181818181817955e-01,9.444444444444444198e-01,2.312138728323700348e-02,0.000000000000000000e+00,5.000000000000000000e-01,0.000000000000000000e+00,0.000000000000000000e+00,0.000000000000000000e+00,0.000000000000000000e+00,0.000000000000000000e+00,0.000000000000000000e+00,3.415542112610516767e-01,5.708418891170431442e-01,9.962546816479400658e-01,0.000000000000000000e+00,5.000000000000000000e-01,0.000000000000000000e+00,1.000000000000000000e+00,0.000000000000000000e+00,1.000000000000000000e+00,4.999999999999997224e-01,5.660377358490563393e-02,7.272727272727271819e-01,4.494382022471904437e-02,0.000000000000000000e+00,0.000000000000000000e+00,0.000000000000000000e+00,0.000000000000000000e+00,0.000000000000000000e+00,7.857142857142858094e-01,9.259259259259260133e-02,9.861111111111110494e-01,7.807017543859647857e-01,3.750000000000000000e-01,3.620689655172420474e-01,5.714285714285715079e-01,6.666666666666667407e-01,0.000000000000000000e+00,0.000000000000000000e+00,1.000000000000000000e+00,4.628099173553713586e-01,8.333333333333333703e-01,0.000000000000000000e+00,0.000000000000000000e+00,0.000000000000000000e+00,0.000000000000000000e+00,0.000000000000000000e+00
0.000000000000000000e+00,9.923664122137404453e-01,0.000000000000000000e+00,0.000000000000000000e+00,0.000000000000000000e+00,1.818181818181817955e-01,9.444444444444444198e-01,2.312138728323700348e-02,0.000000000000000000e+00,5.000000000000000000e-01,0.000000000000000000e+00,0.000000000000000000e+00,0.000000000000000000e+00,0.000000000000000000e+00,0.000000000000000000e+00,0.000000000000000000e+00,3.718008375988831604e-01,7.227926078028746870e-01,9.962546816479400658e-01,0.000000000000000000e+00,5.000000000000000000e-01,0.000000000000000000e+00,1.000000000000000000e+00,0.000000000000000000e+00,1.000000000000000000e+00,4.999999999999997224e-01,5.660377358490563393e-02,5.454545454545454142e-01,4.494382022471904437e-02,0.000000000000000000e+00,0.000000000000000000e+00,0.000000000000000000e+00,0.000000000000000000e+00,0.000000000000000000e+00,7.857142857142858094e-01,9.259259259259260133e-02,9.861111111111110494e-01,7.807017543859647857e-01,3.750000000000000000e-01,2.931034482758625992e-01,5.714285714285715079e-01,6.666666666666667407e-01,0.000000000000000000e+00,0.000000000000000000e+00,7.500000000000000000e-01,4.628099173553713586e-01,8.333333333333333703e-01,0.000000000000000000e+00,0.000000000000000000e+00,0.000000000000000000e+00,0.000000000000000000e+00,0.000000000000000000e+00
0.000000000000000000e+00,9.961832061068702782e-01,0.000000000000000000e+00,0.000000000000000000e+00,0.000000000000000000e+00,1.818181818181817955e-01,9.166666666666665186e-01,2.312138728323700348e-02,0.000000000000000000e+00,5.000000000000000000e-01,0.000000000000000000e+00,0.000000000000000000e+00,0.000000000000000000e+00,0.000000000000000000e+00,0.000000000000000000e+00,0.000000000000000000e+00,3.973941368078175995e-01,8.223819301848049879e-01,9.962546816479400658e-01,0.000000000000000000e+00,5.000000000000000000e-01,0.000000000000000000e+00,1.000000000000000000e+00,0.000000000000000000e+00,1.000000000000000000e+00,4.999999999999997224e-01,5.660377358490563393e-02,5.454545454545454142e-01,4.307116104868907724e-02,0.000000000000000000e+00,0.000000000000000000e+00,0.000000000000000000e+00,0.000000000000000000e+00,0.000000000000000000e+00,7.857142857142858094e-01,9.259259259259260133e-02,9.861111111111110494e-01,7.807017543859647857e-01,3.750000000000000000e-01,3.620689655172420474e-01,5.714285714285715079e-01,6.666666666666667407e-01,0.000000000000000000e+00,0.000000000000000000e+00,7.500000000000000000e-01,4.628099173553713586e-01,8.333333333333333703e-01,0.000000000000000000e+00,0.000000000000000000e+00,0.000000000000000000e+00,0.000000000000000000e+00,0.000000000000000000e+00
0.000000000000000000e+00,9.961832061068702782e-01,0.000000000000000000e+00,0.000000000000000000e+00,0.000000000000000000e+00,1.818181818181817955e-01,9.166666666666665186e-01,2.312138728323700348e-02,0.000000000000000000e+00,5.000000000000000000e-01,0.000000000000000000e+00,0.000000000000000000e+00,0.000000000000000000e+00,0.000000000000000000e+00,0.000000000000000000e+00,0.000000000000000000e+00,4.253140995812005887e-01,8.850102669404518174e-01,9.962546816479400658e-01,0.000000000000000000e+00,5.000000000000000000e-01,0.000000000000000000e+00,1.000000000000000000e+00,0.000000000000000000e+00,1.000000000000000000e+00,4.999999999999997224e-01,5.660377358490563393e-02,5.454545454545454142e-01,4.307116104868907724e-02,0.000000000000000000e+00,0.000000000000000000e+00,0.000000000000000000e+00,0.000000000000000000e+00,0.000000000000000000e+00,7.857142857142858094e-01,9.259259259259260133e-02,9.861111111111110494e-01,7.807017543859647857e-01,3.750000000000000000e-01,3.620689655172420474e-01,5.714285714285715079e-01,6.666666666666667407e-01,0.000000000000000000e+00,0.000000000000000000e+00,7.500000000000000000e-01,4.628099173553713586e-01,6.666666666666667407e-01,0.000000000000000000e+00,0.000000000000000000e+00,0.000000000000000000e+00,0.000000000000000000e+00,0.000000000000000000e+00
0.000000000000000000e+00,9.961832061068702782e-01,0.000000000000000000e+00,0.000000000000000000e+00,0.000000000000000000e+00,1.818181818181817955e-01,9.166666666666665186e-01,2.312138728323700348e-02,0.000000000000000000e+00,5.000000000000000000e-01,0.000000000000000000e+00,0.000000000000000000e+00,0.000000000000000000e+00,0.000000000000000000e+00,0.000000000000000000e+00,0.000000000000000000e+00,4.392740809678920000e-01,9.219712525667351777e-01,9.962546816479400658e-01,0.000000000000000000e+00,5.000000000000000000e-01,0.000000000000000000e+00,1.000000000000000000e+00,0.000000000000000000e+00,1.000000000000000000e+00,4.999999999999997224e-01,5.660377358490563393e-02,2.727272727272727071e-01,4.119850187265911012e-02,0.000000000000000000e+00,0.000000000000000000e+00,0.000000000000000000e+00,0.000000000000000000e+00,0.000000000000000000e+00,7.857142857142858094e-01,9.259259259259260133e-02,9.861111111111110494e-01,7.807017543859647857e-01,3.750000000000000000e-01,3.620689655172420474e-01,5.714285714285715079e-01,6.666666666666667407e-01,0.000000000000000000e+00,0.000000000000000000e+00,7.500000000000000000e-01,4.628099173553713586e-01,6.666666666666667407e-01,0.000000000000000000e+00,0.000000000000000000e+00,0.000000000000000000e+00,0.000000000000000000e+00,0.000000000000000000e+00
0.000000000000000000e+00,9.961832061068702782e-01,0.000000000000000000e+00,0.000000000000000000e+00,0.000000000000000000e+00,1.818181818181817955e-01,9.166666666666665186e-01,2.312138728323700348e-02,0.000000000000000000e+00,5.000000000000000000e-01,0.000000000000000000e+00,0.000000000000000000e+00,0.000000000000000000e+00,0.000000000000000000e+00,0.000000000000000000e+00,0.000000000000000000e+00,4.439274080967891556e-01,9.435318275154005452e-01,9.925093632958802425e-01,0.000000000000000000e+00,5.000000000000000000e-01,0.000000000000000000e+00,1.000000000000000000e+00,0.000000000000000000e+00,1.000000000000000000e+00,4.999999999999997224e-01,5.660377358490563393e-02,2.727272727272727071e-01,3.932584269662914300e-02,0.000000000000000000e+00,0.000000000000000000e+00,0.000000000000000000e+00,0.000000000000000000e+00,0.000000000000000000e+00,7.857142857142858094e-01,9.259259259259260133e-02,9.861111111111110494e-01,7.807017543859647857e-01,3.750000000000000000e-01,2.586206896551728751e-01,5.714285714285715079e-01,6.666666666666667407e-01,0.000000000000000000e+00,0.000000000000000000e+00,7.500000000000000000e-01,4.628099173553713586e-01,6.666666666666667407e-01,0.000000000000000000e+00,0.000000000000000000e+00,0.000000000000000000e+00,0.000000000000000000e+00,0.000000000000000000e+00
0.000000000000000000e+00,9.961832061068702782e-01,0.000000000000000000e+00,0.000000000000000000e+00,0.000000000000000000e+00,1.818181818181817955e-01,9.166666666666665186e-01,2.312138728323700348e-02,0.000000000000000000e+00,5.000000000000000000e-01,0.000000000000000000e+00,0.000000000000000000e+00,0.000000000000000000e+00,0.000000000000000000e+00,0.000000000000000000e+00,0.000000000000000000e+00,4.462540716612377611e-01,9.568788501026694870e-01,9.925093632958802425e-01,0.000000000000000000e+00,5.000000000000000000e-01,0.000000000000000000e+00,1.000000000000000000e+00,0.000000000000000000e+00,1.000000000000000000e+00,4.999999999999997224e-01,5.660377358490563393e-02,3.636363636363635909e-01,3.932584269662914300e-02,0.000000000000000000e+00,0.000000000000000000e+00,0.000000000000000000e+00,0.000000000000000000e+00,0.000000000000000000e+00,1.000000000000000000e+00,9.259259259259260133e-02,9.861111111111110494e-01,7.807017543859647857e-01,3.750000000000000000e-01,1.379310344827588963e-01,5.714285714285715079e-01,6.666666666666667407e-01,0.000000000000000000e+00,0.000000000000000000e+00,7.500000000000000000e-01,4.628099173553713586e-01,6.666666666666667407e-01,0.000000000000000000e+00,0.000000000000000000e+00,0.000000000000000000e+00,0.000000000000000000e+00,0.000000000000000000e+00
0.000000000000000000e+00,9.961832061068702782e-01,0.000000000000000000e+00,0.000000000000000000e+00,0.000000000000000000e+00,1.818181818181817955e-01,9.166666666666665186e-01,2.312138728323700348e-02,0.000000000000000000e+00,5.000000000000000000e-01,0.000000000000000000e+00,0.000000000000000000e+00,0.000000000000000000e+00,0.000000000000000000e+00,0.000000000000000000e+00,0.000000000000000000e+00,4.462540716612377611e-01,9.661190965092402161e-01,9.887640449438203083e-01,0.000000000000000000e+00,5.000000000000000000e-01,0.000000000000000000e+00,1.000000000000000000e+00,0.000000000000000000e+00,1.000000000000000000e+00,4.999999999999997224e-01,5.660377358490563393e-02,5.454545454545454142e-01,3.745318352059918976e-02,0.000000000000000000e+00,0.000000000000000000e+00,0.000000000000000000e+00,0.000000000000000000e+00,0.000000000000000000e+00,1.000000000000000000e+00,9.259259259259260133e-02,9.861111111111110494e-01,7.807017543859647857e-01,3.750000000000000000e-01,1.724137931034486204e-02,5.714285714285715079e-01,6.666666666666667407e-01,0.000000000000000000e+00,0.000000000000000000e+00,7.500000000000000000e-01,4.628099173553713586e-01,6.666666666666667407e-01,0.000000000000000000e+00,0.000000000000000000e+00,0.000000000000000000e+00,0.000000000000000000e+00,0.000000000000000000e+00
0.000000000000000000e+00,9.961832061068702782e-01,0.000000000000000000e+00,0.000000000000000000e+00,0.000000000000000000e+00,1.818181818181817955e-01,9.166666666666665186e-01,2.312138728323700348e-02,0.000000000000000000e+00,5.000000000000000000e-01,0.000000000000000000e+00,0.000000000000000000e+00,0.000000000000000000e+00,0.000000000000000000e+00,0.000000000000000000e+00,0.000000000000000000e+00,4.462540716612377611e-01,9.661190965092402161e-01,9.887640449438203083e-01,0.000000000000000000e+00,5.000000000000000000e-01,0.000000000000000000e+00,1.000000000000000000e+00,0.000000000000000000e+00,1.000000000000000000e+00,4.999999999999997224e-01,5.660377358490563393e-02,5.454545454545454142e-01,3.745318352059918976e-02,0.000000000000000000e+00,0.000000000000000000e+00,0.000000000000000000e+00,0.000000000000000000e+00,0.000000000000000000e+00,1.000000000000000000e+00,9.259259259259260133e-02,9.861111111111110494e-01,7.807017543859647857e-01,3.750000000000000000e-01,1.724137931034486204e-02,5.714285714285715079e-01,6.666666666666667407e-01,0.000000000000000000e+00,0.000000000000000000e+00,7.500000000000000000e-01,4.628099173553713586e-01,6.666666666666667407e-01,0.000000000000000000e+00,0.000000000000000000e+00,0.000000000000000000e+00,0.000000000000000000e+00,0.000000000000000000e+00
0.000000000000000000e+00,9.961832061068702782e-01,0.000000000000000000e+00,0.000000000000000000e+00,0.000000000000000000e+00,1.818181818181817955e-01,9.166666666666665186e-01,2.312138728323700348e-02,0.000000000000000000e+00,5.000000000000000000e-01,0.000000000000000000e+00,0.000000000000000000e+00,0.000000000000000000e+00,0.000000000000000000e+00,0.000000000000000000e+00,0.000000000000000000e+00,4.416007445323405500e-01,9.691991786447637924e-01,9.887640449438203083e-01,0.000000000000000000e+00,5.000000000000000000e-01,0.000000000000000000e+00,1.000000000000000000e+00,0.000000000000000000e+00,1.000000000000000000e+00,4.999999999999997224e-01,5.660377358490563393e-02,5.454545454545454142e-01,3.745318352059918976e-02,0.000000000000000000e+00,0.000000000000000000e+00,0.000000000000000000e+00,0.000000000000000000e+00,0.000000000000000000e+00,1.000000000000000000e+00,9.259259259259260133e-02,9.861111111111110494e-01,7.807017543859647857e-01,3.750000000000000000e-01,1.724137931034486204e-02,8.571428571428570953e-01,6.666666666666667407e-01,0.000000000000000000e+00,0.000000000000000000e+00,7.500000000000000000e-01,4.628099173553713586e-01,6.666666666666667407e-01,0.000000000000000000e+00,0.000000000000000000e+00,0.000000000000000000e+00,0.000000000000000000e+00,0.000000000000000000e+00
0.000000000000000000e+00,9.961832061068702782e-01,0.000000000000000000e+00,0.000000000000000000e+00,0.000000000000000000e+00,1.818181818181817955e-01,9.166666666666665186e-01,2.312138728323700348e-02,0.000000000000000000e+00,5.000000000000000000e-01,0.000000000000000000e+00,0.000000000000000000e+00,0.000000000000000000e+00,0.000000000000000000e+00,0.000000000000000000e+00,0.000000000000000000e+00,4.416007445323405500e-01,9.691991786447637924e-01,9.887640449438203083e-01,0.000000000000000000e+00,5.000000000000000000e-01,0.000000000000000000e+00,1.000000000000000000e+00,0.000000000000000000e+00,1.000000000000000000e+00,4.999999999999997224e-01,5.660377358490563393e-02,5.454545454545454142e-01,3.558052434456922264e-02,0.000000000000000000e+00,0.000000000000000000e+00,0.000000000000000000e+00,0.000000000000000000e+00,0.000000000000000000e+00,1.000000000000000000e+00,9.259259259259260133e-02,9.861111111111110494e-01,7.807017543859647857e-01,5.000000000000000000e-01,2.758620689655177372e-01,8.571428571428570953e-01,6.666666666666667407e-01,0.000000000000000000e+00,0.000000000000000000e+00,7.500000000000000000e-01,4.628099173553713586e-01,6.666666666666667407e-01,0.000000000000000000e+00,0.000000000000000000e+00,0.000000000000000000e+00,0.000000000000000000e+00,0.000000000000000000e+00
0.000000000000000000e+00,9.961832061068702782e-01,0.000000000000000000e+00,0.000000000000000000e+00,0.000000000000000000e+00,1.818181818181817955e-01,9.166666666666665186e-01,2.312138728323700348e-02,0.000000000000000000e+00,5.000000000000000000e-01,0.000000000000000000e+00,0.000000000000000000e+00,0.000000000000000000e+00,0.000000000000000000e+00,0.000000000000000000e+00,0.000000000000000000e+00,4.439274080967891556e-01,9.691991786447637924e-01,9.850187265917602630e-01,0.000000000000000000e+00,5.000000000000000000e-01,0.000000000000000000e+00,1.000000000000000000e+00,0.000000000000000000e+00,1.000000000000000000e+00,4.999999999999997224e-01,5.660377358490563393e-02,4.545454545454545303e-01,3.558052434456922264e-02,0.000000000000000000e+00,0.000000000000000000e+00,0.000000000000000000e+00,0.000000000000000000e+00,0.000000000000000000e+00,1.000000000000000000e+00,9.259259259259260133e-02,9.861111111111110494e-01,7.807017543859647857e-01,5.000000000000000000e-01,4.655172413793112196e-01,8.571428571428570953e-01,6.666666666666667407e-01,0.000000000000000000e+00,0.000000000000000000e+00,7.500000000000000000e-01,4.628099173553713586e-01,6.666666666666667407e-01,0.000000000000000000e+00,0.000000000000000000e+00,0.000000000000000000e+00,0.000000000000000000e+00,0.000000000000000000e+00
0.000000000000000000e+00,9.961832061068702782e-01,0.000000000000000000e+00,0.000000000000000000e+00,0.000000000000000000e+00,1.818181818181817955e-01,9.166666666666665186e-01,2.312138728323700348e-02,0.000000000000000000e+00,5.000000000000000000e-01,0.000000000000000000e+00,0.000000000000000000e+00,0.000000000000000000e+00,0.000000000000000000e+00,0.000000000000000000e+00,0.000000000000000000e+00,4.462540716612377611e-01,9.702258726899384289e-01,9.850187265917602630e-01,0.000000000000000000e+00,5.000000000000000000e-01,0.000000000000000000e+00,1.000000000000000000e+00,0.000000000000000000e+00,1.000000000000000000e+00,4.999999999999997224e-01,5.660377358490563393e-02,4.545454545454545303e-01,3.370786516853925552e-02,0.000000000000000000e+00,0.000000000000000000e+00,0.000000000000000000e+00,0.000000000000000000e+00,0.000000000000000000e+00,7.857142857142858094e-01,9.259259259259260133e-02,9.861111111111110494e-01,7.807017543859647857e-01,5.000000000000000000e-01,6.551724137931027592e-01,8.571428571428570953e-01,6.666666666666667407e-01,0.000000000000000000e+00,0.000000000000000000e+00,7.500000000000000000e-01,4.628099173553713586e-01,8.333333333333333703e-01,0.000000000000000000e+00,0.000000000000000000e+00,0.000000000000000000e+00,0.000000000000000000e+00,0.000000000000000000e+00
0.000000000000000000e+00,9.961832061068702782e-01,0.000000000000000000e+00,0.000000000000000000e+00,0.000000000000000000e+00,1.818181818181817955e-01,9.166666666666665186e-01,2.312138728323700348e-02,0.000000000000000000e+00,5.000000000000000000e-01,0.000000000000000000e+00,0.000000000000000000e+00,0.000000000000000000e+00,0.000000000000000000e+00,0.000000000000000000e+00,0.000000000000000000e+00,4.462540716612377611e-01,9.702258726899384289e-01,9.850187265917602630e-01,0.000000000000000000e+00,5.000000000000000000e-01,0.000000000000000000e+00,1.000000000000000000e+00,0.000000000000000000e+00,1.000000000000000000e+00,4.999999999999997224e-01,5.660377358490563393e-02,4.545454545454545303e-01,3.370786516853925552e-02,0.000000000000000000e+00,0.000000000000000000e+00,0.000000000000000000e+00,0.000000000000000000e+00,0.000000000000000000e+00,7.857142857142858094e-01,9.259259259259260133e-02,9.861111111111110494e-01,7.807017543859647857e-01,5.000000000000000000e-01,7.068965517241374563e-01,4.285714285714285476e-01,6.666666666666667407e-01,0.000000000000000000e+00,0.000000000000000000e+00,7.500000000000000000e-01,4.628099173553713586e-01,1.000000000000000000e+00,0.000000000000000000e+00,0.000000000000000000e+00,0.000000000000000000e+00,0.000000000000000000e+00,0.000000000000000000e+00
0.000000000000000000e+00,9.961832061068702782e-01,0.000000000000000000e+00,0.000000000000000000e+00,0.000000000000000000e+00,1.363636363636363535e-01,9.166666666666665186e-01,2.312138728323700348e-02,0.000000000000000000e+00,5.000000000000000000e-01,0.000000000000000000e+00,0.000000000000000000e+00,0.000000000000000000e+00,0.000000000000000000e+00,0.000000000000000000e+00,0.000000000000000000e+00,4.462540716612377611e-01,9.702258726899384289e-01,9.812734082397003288e-01,0.000000000000000000e+00,5.000000000000000000e-01,0.000000000000000000e+00,1.000000000000000000e+00,0.000000000000000000e+00,1.000000000000000000e+00,4.999999999999997224e-01,5.660377358490563393e-02,5.454545454545454142e-01,3.183520599250930228e-02,0.000000000000000000e+00,0.000000000000000000e+00,0.000000000000000000e+00,0.000000000000000000e+00,0.000000000000000000e+00,7.857142857142858094e-01,9.259259259259260133e-02,9.861111111111110494e-01,7.807017543859647857e-01,5.000000000000000000e-01,6.034482758620682841e-01,4.285714285714285476e-01,6.666666666666667407e-01,0.000000000000000000e+00,0.000000000000000000e+00,7.500000000000000000e-01,4.628099173553713586e-01,1.000000000000000000e+00,0.000000000000000000e+00,0.000000000000000000e+00,0.000000000000000000e+00,0.000000000000000000e+00,0.000000000000000000e+00
0.000000000000000000e+00,9.961832061068702782e-01,0.000000000000000000e+00,0.000000000000000000e+00,0.000000000000000000e+00,1.363636363636363535e-01,9.166666666666665186e-01,2.312138728323700348e-02,0.000000000000000000e+00,5.000000000000000000e-01,0.000000000000000000e+00,0.000000000000000000e+00,0.000000000000000000e+00,0.000000000000000000e+00,0.000000000000000000e+00,0.000000000000000000e+00,4.439274080967891556e-01,9.691991786447637924e-01,9.812734082397003288e-01,0.000000000000000000e+00,5.000000000000000000e-01,0.000000000000000000e+00,1.000000000000000000e+00,0.000000000000000000e+00,1.000000000000000000e+00,4.999999999999997224e-01,5.660377358490563393e-02,5.454545454545454142e-01,3.183520599250930228e-02,0.000000000000000000e+00,0.000000000000000000e+00,0.000000000000000000e+00,0.000000000000000000e+00,0.000000000000000000e+00,7.857142857142858094e-01,9.259259259259260133e-02,9.861111111111110494e-01,7.807017543859647857e-01,5.000000000000000000e-01,6.034482758620682841e-01,8.571428571428570953e-01,6.666666666666667407e-01,0.000000000000000000e+00,0.000000000000000000e+00,1.000000000000000000e+00,4.628099173553713586e-01,1.000000000000000000e+00,0.000000000000000000e+00,0.000000000000000000e+00,0.000000000000000000e+00,0.000000000000000000e+00,0.000000000000000000e+00
0.000000000000000000e+00,9.961832061068702782e-01,0.000000000000000000e+00,0.000000000000000000e+00,0.000000000000000000e+00,1.363636363636363535e-01,9.166666666666665186e-01,2.312138728323700348e-02,0.000000000000000000e+00,5.000000000000000000e-01,0.000000000000000000e+00,0.000000000000000000e+00,0.000000000000000000e+00,0.000000000000000000e+00,0.000000000000000000e+00,0.000000000000000000e+00,4.439274080967891556e-01,9.681724845995892670e-01,9.775280898876403946e-01,0.000000000000000000e+00,5.000000000000000000e-01,0.000000000000000000e+00,1.000000000000000000e+00,0.000000000000000000e+00,1.000000000000000000e+00,4.999999999999997224e-01,5.660377358490563393e-02,4.545454545454545303e-01,3.183520599250930228e-02,0.000000000000000000e+00,0.000000000000000000e+00,0.000000000000000000e+00,0.000000000000000000e+00,0.000000000000000000e+00,7.857142857142858094e-01,9.259259259259260133e-02,9.861111111111110494e-01,7.807017543859647857e-01,6.249999999999998890e-01,6.034482758620682841e-01,8.571428571428570953e-01,6.666666666666667407e-01,0.000000000000000000e+00,0.000000000000000000e+00,1.000000000000000000e+00,4.628099173553713586e-01,1.000000000000000000e+00,0.000000000000000000e+00,0.000000000000000000e+00,0.000000000000000000e+00,0.000000000000000000e+00,0.000000000000000000e+00
0.000000000000000000e+00,9.923664122137404453e-01,0.000000000000000000e+00,0.000000000000000000e+00,0.000000000000000000e+00,1.363636363636363535e-01,9.166666666666665186e-01,2.312138728323700348e-02,0.000000000000000000e+00,5.000000000000000000e-01,0.000000000000000000e+00,0.000000000000000000e+00,0.000000000000000000e+00,0.000000000000000000e+00,0.000000000000000000e+00,0.000000000000000000e+00,4.439274080967891556e-01,9.681724845995892670e-01,9.775280898876403946e-01,0.000000000000000000e+00,5.000000000000000000e-01,0.000000000000000000e+00,1.000000000000000000e+00,0.000000000000000000e+00,1.000000000000000000e+00,4.999999999999997224e-01,5.660377358490563393e-02,3.636363636363635909e-01,2.996254681647932475e-02,0.000000000000000000e+00,0.000000000000000000e+00,0.000000000000000000e+00,0.000000000000000000e+00,0.000000000000000000e+00,7.857142857142858094e-01,9.259259259259260133e-02,9.861111111111110494e-01,7.807017543859647857e-01,6.249999999999998890e-01,7.586206896551719314e-01,5.714285714285715079e-01,6.666666666666667407e-01,0.000000000000000000e+00,0.000000000000000000e+00,1.000000000000000000e+00,4.628099173553713586e-01,1.000000000000000000e+00,0.000000000000000000e+00,0.000000000000000000e+00,0.000000000000000000e+00,0.000000000000000000e+00,0.000000000000000000e+00
0.000000000000000000e+00,9.961832061068702782e-01,0.000000000000000000e+00,0.000000000000000000e+00,0.000000000000000000e+00,1.363636363636363535e-01,9.166666666666665186e-01,2.312138728323700348e-02,0.000000000000000000e+00,5.000000000000000000e-01,0.000000000000000000e+00,0.000000000000000000e+00,0.000000000000000000e+00,0.000000000000000000e+00,0.000000000000000000e+00,0.000000000000000000e+00,4.485807352256863112e-01,9.681724845995892670e-01,9.737827715355805713e-01,0.000000000000000000e+00,5.000000000000000000e-01,0.000000000000000000e+00,1.000000000000000000e+00,0.000000000000000000e+00,1.000000000000000000e+00,4.999999999999997224e-01,5.660377358490563393e-02,3.636363636363635909e-01,2.996254681647932475e-02,0.000000000000000000e+00,0.000000000000000000e+00,0.000000000000000000e+00,0.000000000000000000e+00,0.000000000000000000e+00,8.571428571428572063e-01,9.259259259259260133e-02,9.861111111111110494e-01,7.807017543859647857e-01,6.249999999999998890e-01,8.103448275862064065e-01,5.714285714285715079e-01,6.666666666666667407e-01,0.000000000000000000e+00,0.000000000000000000e+00,1.000000000000000000e+00,4.628099173553713586e-01,1.000000000000000000e+00,0.000000000000000000e+00,0.000000000000000000e+00,0.000000000000000000e+00,0.000000000000000000e+00,0.000000000000000000e+00
0.000000000000000000e+00,9.923664122137404453e-01,0.000000000000000000e+00,0.000000000000000000e+00,0.000000000000000000e+00,1.363636363636363535e-01,9.166666666666665186e-01,2.312138728323700348e-02,0.000000000000000000e+00,5.000000000000000000e-01,0.000000000000000000e+00,0.000000000000000000e+00,0.000000000000000000e+00,0.000000000000000000e+00,0.000000000000000000e+00,0.000000000000000000e+00,4.485807352256863112e-01,9.691991786447637924e-01,9.700374531835206371e-01,0.000000000000000000e+00,5.000000000000000000e-01,0.000000000000000000e+00,1.000000000000000000e+00,0.000000000000000000e+00,1.000000000000000000e+00,4.999999999999997224e-01,5.660377358490563393e-02,3.636363636363635909e-01,2.808988764044937150e-02,0.000000000000000000e+00,0.000000000000000000e+00,0.000000000000000000e+00,0.000000000000000000e+00,0.000000000000000000e+00,1.000000000000000000e+00,9.259259259259260133e-02,9.861111111111110494e-01,7.807017543859647857e-01,6.249999999999998890e-01,6.379310344827580082e-01,5.714285714285715079e-01,6.666666666666667407e-01,0.000000000000000000e+00,0.000000000000000000e+00,1.000000000000000000e+00,4.628099173553713586e-01,1.000000000000000000e+00,0.000000000000000000e+00,0.000000000000000000e+00,0.000000000000000000e+00,0.000000000000000000e+00,0.000000000000000000e+00
0.000000000000000000e+00,9.923664122137404453e-01,0.000000000000000000e+00,0.000000000000000000e+00,0.000000000000000000e+00,1.363636363636363535e-01,9.166666666666665186e-01,3.468208092485550176e-02,0.000000000000000000e+00,5.000000000000000000e-01,0.000000000000000000e+00,0.000000000000000000e+00,0.000000000000000000e+00,0.000000000000000000e+00,0.000000000000000000e+00,0.000000000000000000e+00,4.485807352256863112e-01,9.691991786447637924e-01,9.662921348314605918e-01,0.000000000000000000e+00,5.000000000000000000e-01,0.000000000000000000e+00,1.000000000000000000e+00,0.000000000000000000e+00,1.000000000000000000e+00,4.999999999999997224e-01,5.660377358490563393e-02,3.636363636363635909e-01,2.808988764044937150e-02,0.000000000000000000e+00,0.000000000000000000e+00,0.000000000000000000e+00,0.000000000000000000e+00,0.000000000000000000e+00,1.000000000000000000e+00,9.259259259259260133e-02,9.861111111111110494e-01,7.807017543859647857e-01,3.750000000000000000e-01,3.965517241379317714e-01,5.714285714285715079e-01,6.666666666666667407e-01,0.000000000000000000e+00,0.000000000000000000e+00,1.000000000000000000e+00,4.628099173553713586e-01,8.333333333333333703e-01,0.000000000000000000e+00,0.000000000000000000e+00,0.000000000000000000e+00,0.000000000000000000e+00,0.000000000000000000e+00
0.000000000000000000e+00,9.923664122137404453e-01,0.000000000000000000e+00,0.000000000000000000e+00,0.000000000000000000e+00,1.363636363636363535e-01,9.166666666666665186e-01,3.468208092485550176e-02,0.000000000000000000e+00,5.000000000000000000e-01,0.000000000000000000e+00,0.000000000000000000e+00,0.000000000000000000e+00,0.000000000000000000e+00,0.000000000000000000e+00,0.000000000000000000e+00,4.462540716612377611e-01,9.691991786447637924e-01,9.625468164794008796e-01,0.000000000000000000e+00,5.000000000000000000e-01,0.000000000000000000e+00,1.000000000000000000e+00,0.000000000000000000e+00,1.000000000000000000e+00,4.999999999999997224e-01,5.660377358490563393e-02,4.545454545454545303e-01,2.621722846441939050e-02,0.000000000000000000e+00,0.000000000000000000e+00,0.000000000000000000e+00,0.000000000000000000e+00,0.000000000000000000e+00,1.000000000000000000e+00,9.259259259259260133e-02,9.861111111111110494e-01,7.807017543859647857e-01,3.750000000000000000e-01,1.724137931034485927e-01,5.714285714285715079e-01,6.666666666666667407e-01,0.000000000000000000e+00,0.000000000000000000e+00,1.000000000000000000e+00,4.628099173553713586e-01,8.333333333333333703e-01,0.000000000000000000e+00,0.000000000000000000e+00,0.000000000000000000e+00,0.000000000000000000e+00,0.000000000000000000e+00
0.000000000000000000e+00,9.923664122137404453e-01,0.000000000000000000e+00,0.000000000000000000e+00,0.000000000000000000e+00,1.363636363636363535e-01,9.166666666666665186e-01,3.468208092485550176e-02,0.000000000000000000e+00,5.000000000000000000e-01,0.000000000000000000e+00,0.000000000000000000e+00,0.000000000000000000e+00,0.000000000000000000e+00,0.000000000000000000e+00,0.000000000000000000e+00,4.462540716612377611e-01,9.681724845995892670e-01,9.625468164794008796e-01,0.000000000000000000e+00,5.000000000000000000e-01,0.000000000000000000e+00,1.000000000000000000e+00,0.000000000000000000e+00,1.000000000000000000e+00,4.999999999999997224e-01,5.660377358490563393e-02,4.545454545454545303e-01,2.621722846441939050e-02,0.000000000000000000e+00,0.000000000000000000e+00,0.000000000000000000e+00,0.000000000000000000e+00,0.000000000000000000e+00,1.000000000000000000e+00,9.259259259259260133e-02,9.861111111111110494e-01,7.807017543859647857e-01,3.750000000000000000e-01,1.724137931034485927e-01,5.714285714285715079e-01,6.666666666666667407e-01,0.000000000000000000e+00,0.000000000000000000e+00,1.000000000000000000e+00,4.628099173553713586e-01,8.333333333333333703e-01,0.000000000000000000e+00,0.000000000000000000e+00,0.000000000000000000e+00,0.000000000000000000e+00,0.000000000000000000e+00
0.000000000000000000e+00,9.923664122137404453e-01,0.000000000000000000e+00,0.000000000000000000e+00,0.000000000000000000e+00,1.363636363636363535e-01,9.166666666666665186e-01,3.468208092485550176e-02,0.000000000000000000e+00,5.000000000000000000e-01,0.000000000000000000e+00,0.000000000000000000e+00,0.000000000000000000e+00,0.000000000000000000e+00,0.000000000000000000e+00,0.000000000000000000e+00,4.439274080967891556e-01,9.681724845995892670e-01,9.588014981273408344e-01,0.000000000000000000e+00,5.000000000000000000e-01,0.000000000000000000e+00,1.000000000000000000e+00,0.000000000000000000e+00,1.000000000000000000e+00,4.999999999999997224e-01,5.660377358490563393e-02,4.545454545454545303e-01,2.434456928838944073e-02,0.000000000000000000e+00,0.000000000000000000e+00,0.000000000000000000e+00,0.000000000000000000e+00,0.000000000000000000e+00,1.000000000000000000e+00,9.259259259259260133e-02,9.861111111111110494e-01,7.807017543859647857e-01,3.750000000000000000e-01,2.413793103448280408e-01,5.714285714285715079e-01,6.666666666666667407e-01,0.000000000000000000e+00,0.000000000000000000e+00,1.000000000000000000e+00,4.628099173553713586e-01,8.333333333333333703e-01,0.000000000000000000e+00,0.000000000000000000e+00,0.000000000000000000e+00,0.000000000000000000e+00,0.000000000000000000e+00
0.000000000000000000e+00,9.923664122137404453e-01,0.000000000000000000e+00,0.000000000000000000e+00,0.000000000000000000e+00,1.363636363636363535e-01,9.166666666666665186e-01,3.468208092485550176e-02,0.000000000000000000e+00,5.000000000000000000e-01,0.000000000000000000e+00,0.000000000000000000e+00,0.000000000000000000e+00,0.000000000000000000e+00,0.000000000000000000e+00,0.000000000000000000e+00,4.439274080967891556e-01,9.681724845995892670e-01,9.550561797752809001e-01,0.000000000000000000e+00,5.000000000000000000e-01,0.000000000000000000e+00,1.000000000000000000e+00,0.000000000000000000e+00,1.000000000000000000e+00,4.999999999999997224e-01,5.660377358490563393e-02,4.545454545454545303e-01,2.247191011235945973e-02,0.000000000000000000e+00,0.000000000000000000e+00,0.000000000000000000e+00,0.000000000000000000e+00,0.000000000000000000e+00,1.000000000000000000e+00,9.259259259259260133e-02,9.861111111111110494e-01,7.807017543859647857e-01,3.750000000000000000e-01,3.448275862068971853e-01,8.571428571428570953e-01,6.666666666666667407e-01,0.000000000000000000e+00,0.000000000000000000e+00,1.000000000000000000e+00,4.628099173553713586e-01,8.333333333333333703e-01,0.000000000000000000e+00,0.000000000000000000e+00,0.000000000000000000e+00,0.000000000000000000e+00,0.000000000000000000e+00
0.000000000000000000e+00,9.923664122137404453e-01,0.000000000000000000e+00,0.000000000000000000e+00,0.000000000000000000e+00,1.363636363636363535e-01,9.166666666666665186e-01,3.468208092485550176e-02,0.000000000000000000e+00,5.000000000000000000e-01,0.000000000000000000e+00,0.000000000000000000e+00,0.000000000000000000e+00,0.000000000000000000e+00,0.000000000000000000e+00,0.000000000000000000e+00,4.462540716612377611e-01,9.681724845995892670e-01,9.513108614232209659e-01,0.000000000000000000e+00,5.000000000000000000e-01,0.000000000000000000e+00,1.000000000000000000e+00,0.000000000000000000e+00,1.000000000000000000e+00,4.999999999999997224e-01,5.660377358490563393e-02,5.454545454545454142e-01,2.247191011235945973e-02,0.000000000000000000e+00,0.000000000000000000e+00,0.000000000000000000e+00,0.000000000000000000e+00,0.000000000000000000e+00,1.000000000000000000e+00,9.259259259259260133e-02,9.861111111111110494e-01,7.807017543859647857e-01,3.750000000000000000e-01,5.862068965517233110e-01,8.571428571428570953e-01,7.500000000000000000e-01,0.000000000000000000e+00,0.000000000000000000e+00,1.000000000000000000e+00,4.628099173553713586e-01,8.333333333333333703e-01,0.000000000000000000e+00,0.000000000000000000e+00,0.000000000000000000e+00,0.000000000000000000e+00,0.000000000000000000e+00
0.000000000000000000e+00,9.923664122137404453e-01,0.000000000000000000e+00,0.000000000000000000e+00,0.000000000000000000e+00,1.363636363636363535e-01,9.166666666666665186e-01,3.468208092485550176e-02,0.000000000000000000e+00,5.000000000000000000e-01,0.000000000000000000e+00,0.000000000000000000e+00,0.000000000000000000e+00,0.000000000000000000e+00,0.000000000000000000e+00,0.000000000000000000e+00,4.462540716612377611e-01,9.681724845995892670e-01,9.475655430711609206e-01,0.000000000000000000e+00,5.000000000000000000e-01,0.000000000000000000e+00,1.000000000000000000e+00,0.000000000000000000e+00,1.000000000000000000e+00,4.999999999999997224e-01,5.660377358490563393e-02,6.363636363636363535e-01,2.247191011235945973e-02,0.000000000000000000e+00,0.000000000000000000e+00,0.000000000000000000e+00,0.000000000000000000e+00,0.000000000000000000e+00,1.000000000000000000e+00,9.259259259259260133e-02,9.861111111111110494e-01,7.807017543859647857e-01,3.750000000000000000e-01,5.689655172413785600e-01,8.571428571428570953e-01,9.166666666666667407e-01,0.000000000000000000e+00,0.000000000000000000e+00,1.000000000000000000e+00,4.628099173553713586e-01,8.333333333333333703e-01,0.000000000000000000e+00,0.000000000000000000e+00,0.000000000000000000e+00,0.000000000000000000e+00,0.000000000000000000e+00
0.000000000000000000e+00,9.923664122137404453e-01,0.000000000000000000e+00,0.000000000000000000e+00,0.000000000000000000e+00,1.363636363636363535e-01,9.166666666666665186e-01,3.468208092485550176e-02,0.000000000000000000e+00,5.000000000000000000e-01,0.000000000000000000e+00,0.000000000000000000e+00,0.000000000000000000e+00,0.000000000000000000e+00,0.000000000000000000e+00,0.000000000000000000e+00,4.462540716612377611e-01,9.671457905544148526e-01,9.438202247191012084e-01,0.000000000000000000e+00,0.000000000000000000e+00,0.000000000000000000e+00,1.000000000000000000e+00,0.000000000000000000e+00,1.000000000000000000e+00,4.999999999999997224e-01,8.490566037735859661e-02,6.363636363636363535e-01,2.059925093632950649e-02,0.000000000000000000e+00,0.000000000000000000e+00,0.000000000000000000e+00,0.000000000000000000e+00,0.000000000000000000e+00,1.000000000000000000e+00,9.259259259259260133e-02,9.814814814814815103e-01,7.807017543859647857e-01,3.750000000000000000e-01,3.620689655172420474e-01,8.571428571428570953e-01,9.166666666666667407e-01,0.000000000000000000e+00,0.000000000000000000e+00,1.000000000000000000e+00,4.628099173553713586e-01,8.333333333333333703e-01,0.000000000000000000e+00,0.000000000000000000e+00,0.000000000000000000e+00,0.000000000000000000e+00,0.000000000000000000e+00
0.000000000000000000e+00,9.923664122137404453e-01,0.000000000000000000e+00,0.000000000000000000e+00,0.000000000000000000e+00,1.363636363636363535e-01,9.444444444444444198e-01,3.468208092485550176e-02,0.000000000000000000e+00,5.000000000000000000e-01,0.000000000000000000e+00,0.000000000000000000e+00,0.000000000000000000e+00,0.000000000000000000e+00,0.000000000000000000e+00,0.000000000000000000e+00,4.439274080967891556e-01,9.650924024640656906e-01,9.438202247191012084e-01,0.000000000000000000e+00,0.000000000000000000e+00,0.000000000000000000e+00,1.000000000000000000e+00,0.000000000000000000e+00,1.000000000000000000e+00,4.999999999999997224e-01,8.490566037735859661e-02,6.363636363636363535e-01,2.059925093632950649e-02,0.000000000000000000e+00,0.000000000000000000e+00,0.000000000000000000e+00,0.000000000000000000e+00,0.000000000000000000e+00,1.000000000000000000e+00,9.259259259259260133e-02,9.814814814814815103e-01,7.807017543859647857e-01,3.750000000000000000e-01,4.137931034482766335e-01,8.571428571428570953e-01,7.500000000000000000e-01,0.000000000000000000e+00,0.000000000000000000e+00,1.000000000000000000e+00,4.628099173553713586e-01,8.333333333333333703e-01,0.000000000000000000e+00,0.000000000000000000e+00,0.000000000000000000e+00,0.000000000000000000e+00,0.000000000000000000e+00
0.000000000000000000e+00,9.923664122137404453e-01,0.000000000000000000e+00,0.000000000000000000e+00,0.000000000000000000e+00,1.363636363636363535e-01,9.444444444444444198e-01,3.468208092485550176e-02,0.000000000000000000e+00,5.000000000000000000e-01,0.000000000000000000e+00,0.000000000000000000e+00,0.000000000000000000e+00,0.000000000000000000e+00,0.000000000000000000e+00,0.000000000000000000e+00,4.439274080967891556e-01,9.650924024640656906e-01,9.400749063670411632e-01,0.000000000000000000e+00,0.000000000000000000e+00,0.000000000000000000e+00,1.000000000000000000e+00,0.000000000000000000e+00,1.000000000000000000e+00,4.999999999999997224e-01,8.490566037735859661e-02,6.363636363636363535e-01,2.059925093632950649e-02,0.000000000000000000e+00,0.000000000000000000e+00,0.000000000000000000e+00,0.000000000000000000e+00,0.000000000000000000e+00,1.000000000000000000e+00,9.259259259259260133e-02,9.814814814814815103e-01,7.807017543859647857e-01,3.750000000000000000e-01,3.448275862068971853e-01,8.571428571428570953e-01,7.500000000000000000e-01,0.000000000000000000e+00,0.000000000000000000e+00,1.000000000000000000e+00,4.628099173553713586e-01,8.333333333333333703e-01,0.000000000000000000e+00,0.000000000000000000e+00,0.000000000000000000e+00,0.000000000000000000e+00,0.000000000000000000e+00
0.000000000000000000e+00,9.923664122137404453e-01,0.000000000000000000e+00,0.000000000000000000e+00,0.000000000000000000e+00,1.363636363636363535e-01,9.444444444444444198e-01,3.468208092485550176e-02,0.000000000000000000e+00,5.000000000000000000e-01,0.000000000000000000e+00,0.000000000000000000e+00,0.000000000000000000e+00,0.000000000000000000e+00,0.000000000000000000e+00,0.000000000000000000e+00,4.671940437412749891e-01,9.640657084188911652e-01,9.363295880149812289e-01,0.000000000000000000e+00,0.000000000000000000e+00,0.000000000000000000e+00,1.000000000000000000e+00,0.000000000000000000e+00,1.000000000000000000e+00,4.999999999999997224e-01,8.490566037735859661e-02,5.454545454545454142e-01,1.872659176029952549e-02,0.000000000000000000e+00,0.000000000000000000e+00,0.000000000000000000e+00,0.000000000000000000e+00,0.000000000000000000e+00,1.000000000000000000e+00,9.259259259259260133e-02,9.814814814814815103e-01,7.807017543859647857e-01,3.750000000000000000e-01,2.586206896551728751e-01,8.571428571428570953e-01,7.500000000000000000e-01,0.000000000000000000e+00,0.000000000000000000e+00,1.000000000000000000e+00,4.628099173553713586e-01,8.333333333333333703e-01,0.000000000000000000e+00,0.000000000000000000e+00,0.000000000000000000e+00,0.000000000000000000e+00,0.000000000000000000e+00
0.000000000000000000e+00,9.923664122137404453e-01,0.000000000000000000e+00,0.000000000000000000e+00,0.000000000000000000e+00,1.363636363636363535e-01,9.444444444444444198e-01,3.468208092485550176e-02,0.000000000000000000e+00,5.000000000000000000e-01,0.000000000000000000e+00,0.000000000000000000e+00,0.000000000000000000e+00,0.000000000000000000e+00,0.000000000000000000e+00,0.000000000000000000e+00,4.904606793857607672e-01,9.640657084188911652e-01,9.363295880149812289e-01,0.000000000000000000e+00,0.000000000000000000e+00,0.000000000000000000e+00,1.000000000000000000e+00,0.000000000000000000e+00,1.000000000000000000e+00,4.999999999999997224e-01,8.490566037735859661e-02,4.545454545454545303e-01,1.685393258426957225e-02,0.000000000000000000e+00,0.000000000000000000e+00,0.000000000000000000e+00,0.000000000000000000e+00,0.000000000000000000e+00,1.000000000000000000e+00,9.259259259259260133e-02,9.814814814814815103e-01,7.807017543859647857e-01,3.750000000000000000e-01,3.275862068965523233e-01,7.142857142857143016e-01,7.500000000000000000e-01,0.000000000000000000e+00,0.000000000000000000e+00,1.000000000000000000e+00,4.628099173553713586e-01,8.333333333333333703e-01,0.000000000000000000e+00,0.000000000000000000e+00,0.000000000000000000e+00,0.000000000000000000e+00,0.000000000000000000e+00
0.000000000000000000e+00,9.923664122137404453e-01,0.000000000000000000e+00,0.000000000000000000e+00,0.000000000000000000e+00,1.363636363636363535e-01,9.444444444444444198e-01,3.468208092485550176e-02,0.000000000000000000e+00,5.000000000000000000e-01,0.000000000000000000e+00,0.000000000000000000e+00,0.000000000000000000e+00,0.000000000000000000e+00,0.000000000000000000e+00,0.000000000000000000e+00,5.183806421591437008e-01,9.671457905544148526e-01,9.325842696629212947e-01,0.000000000000000000e+00,0.000000000000000000e+00,0.000000000000000000e+00,1.000000000000000000e+00,0.000000000000000000e+00,1.000000000000000000e+00,4.999999999999997224e-01,8.490566037735859661e-02,4.545454545454545303e-01,1.685393258426957225e-02,0.000000000000000000e+00,0.000000000000000000e+00,0.000000000000000000e+00,0.000000000000000000e+00,0.000000000000000000e+00,1.000000000000000000e+00,9.259259259259260133e-02,9.814814814814815103e-01,7.807017543859647857e-01,5.000000000000000000e-01,3.620689655172420474e-01,7.142857142857143016e-01,7.500000000000000000e-01,0.000000000000000000e+00,0.000000000000000000e+00,7.500000000000000000e-01,4.628099173553713586e-01,8.333333333333333703e-01,0.000000000000000000e+00,0.000000000000000000e+00,0.000000000000000000e+00,0.000000000000000000e+00,0.000000000000000000e+00
0.000000000000000000e+00,9.923664122137404453e-01,0.000000000000000000e+00,0.000000000000000000e+00,0.000000000000000000e+00,1.363636363636363535e-01,9.722222222222220989e-01,3.468208092485550176e-02,0.000000000000000000e+00,5.000000000000000000e-01,0.000000000000000000e+00,0.000000000000000000e+00,0.000000000000000000e+00,0.000000000000000000e+00,0.000000000000000000e+00,0.000000000000000000e+00,5.439739413680781954e-01,9.722792607802874798e-01,9.288389513108614715e-01,0.000000000000000000e+00,0.000000000000000000e+00,0.000000000000000000e+00,1.000000000000000000e+00,0.000000000000000000e+00,1.000000000000000000e+00,4.999999999999997224e-01,8.490566037735859661e-02,3.636363636363635909e-01,1.498127340823962074e-02,0.000000000000000000e+00,0.000000000000000000e+00,0.000000000000000000e+00,0.000000000000000000e+00,0.000000000000000000e+00,1.000000000000000000e+00,1.185185185185187451e-01,9.814814814814815103e-01,7.807017543859647857e-01,5.000000000000000000e-01,5.689655172413785600e-01,5.714285714285715079e-01,7.500000000000000000e-01,0.000000000000000000e+00,0.000000000000000000e+00,7.500000000000000000e-01,4.628099173553713586e-01,8.333333333333333703e-01,0.000000000000000000e+00,0.000000000000000000e+00,0.000000000000000000e+00,0.000000000000000000e+00,0.000000000000000000e+00
0.000000000000000000e+00,9.923664122137404453e-01,0.000000000000000000e+00,0.000000000000000000e+00,0.000000000000000000e+00,1.363636363636363535e-01,9.722222222222220989e-01,3.468208092485550176e-02,0.000000000000000000e+00,5.000000000000000000e-01,0.000000000000000000e+00,0.000000000000000000e+00,0.000000000000000000e+00,0.000000000000000000e+00,0.000000000000000000e+00,0.000000000000000000e+00,5.718939041414611291e-01,9.774127310061601071e-01,9.250936329588015372e-01,0.000000000000000000e+00,1.000000000000000000e+00,0.000000000000000000e+00,1.000000000000000000e+00,0.000000000000000000e+00,1.000000000000000000e+00,4.999999999999997224e-01,8.490566037735859661e-02,2.727272727272727071e-01,1.498127340823962074e-02,0.000000000000000000e+00,0.000000000000000000e+00,0.000000000000000000e+00,0.000000000000000000e+00,0.000000000000000000e+00,1.000000000000000000e+00,1.185185185185187451e-01,9.814814814814815103e-01,7.807017543859647857e-01,5.000000000000000000e-01,5.689655172413785600e-01,4.285714285714285476e-01,7.500000000000000000e-01,0.000000000000000000e+00,0.000000000000000000e+00,7.500000000000000000e-01,4.628099173553713586e-01,8.333333333333333703e-01,0.000000000000000000e+00,0.000000000000000000e+00,0.000000000000000000e+00,0.000000000000000000e+00,0.000000000000000000e+00
0.000000000000000000e+00,9.885496183206106124e-01,0.000000000000000000e+00,0.000000000000000000e+00,0.000000000000000000e+00,1.363636363636363535e-01,9.722222222222220989e-01,3.468208092485550176e-02,0.000000000000000000e+00,5.000000000000000000e-01,0.000000000000000000e+00,0.000000000000000000e+00,0.000000000000000000e+00,0.000000000000000000e+00,0.000000000000000000e+00,0.000000000000000000e+00,5.998138669148441737e-01,9.856262833675565327e-01,9.250936329588015372e-01,0.000000000000000000e+00,1.000000000000000000e+00,0.000000000000000000e+00,0.000000000000000000e+00,0.000000000000000000e+00,1.000000000000000000e+00,4.999999999999997224e-01,8.490566037735859661e-02,1.818181818181817955e-01,1.310861423220964148e-02,0.000000000000000000e+00,0.000000000000000000e+00,0.000000000000000000e+00,0.000000000000000000e+00,0.000000000000000000e+00,1.000000000000000000e+00,1.185185185185187451e-01,9.814814814814815103e-01,7.807017543859647857e-01,5.000000000000000000e-01,3.620689655172420474e-01,2.857142857142857539e-01,7.500000000000000000e-01,0.000000000000000000e+00,0.000000000000000000e+00,7.500000000000000000e-01,4.628099173553713586e-01,8.333333333333333703e-01,0.000000000000000000e+00,0.000000000000000000e+00,0.000000000000000000e+00,0.000000000000000000e+00,0.000000000000000000e+00
0.000000000000000000e+00,9.923664122137404453e-01,0.000000000000000000e+00,0.000000000000000000e+00,0.000000000000000000e+00,1.363636363636363535e-01,9.722222222222220989e-01,3.468208092485550176e-02,0.000000000000000000e+00,5.000000000000000000e-01,0.000000000000000000e+00,0.000000000000000000e+00,0.000000000000000000e+00,0.000000000000000000e+00,0.000000000000000000e+00,0.000000000000000000e+00,6.277338296882269963e-01,9.917864476386037964e-01,9.250936329588015372e-01,0.000000000000000000e+00,1.000000000000000000e+00,0.000000000000000000e+00,0.000000000000000000e+00,0.000000000000000000e+00,1.000000000000000000e+00,4.999999999999997224e-01,8.490566037735859661e-02,1.818181818181817955e-01,1.123595505617979926e-02,0.000000000000000000e+00,0.000000000000000000e+00,0.000000000000000000e+00,0.000000000000000000e+00,0.000000000000000000e+00,1.000000000000000000e+00,1.185185185185187451e-01,9.814814814814815103e-01,7.807017543859647857e-01,5.000000000000000000e-01,4.137931034482766335e-01,4.285714285714285476e-01,7.500000000000000000e-01,0.000000000000000000e+00,0.000000000000000000e+00,7.500000000000000000e-01,4.628099173553713586e-01,8.333333333333333703e-01,0.000000000000000000e+00,0.000000000000000000e+00,0.000000000000000000e+00,0.000000000000000000e+00,0.000000000000000000e+00
0.000000000000000000e+00,9.923664122137404453e-01,0.000000000000000000e+00,0.000000000000000000e+00,0.000000000000000000e+00,1.363636363636363535e-01,9.722222222222220989e-01,3.468208092485550176e-02,0.000000000000000000e+00,5.000000000000000000e-01,0.000000000000000000e+00,0.000000000000000000e+00,0.000000000000000000e+00,0.000000000000000000e+00,0.000000000000000000e+00,0.000000000000000000e+00,6.277338296882269963e-01,9.917864476386037964e-01,9.250936329588015372e-01,0.000000000000000000e+00,1.000000000000000000e+00,0.000000000000000000e+00,0.000000000000000000e+00,0.000000000000000000e+00,1.000000000000000000e+00,4.999999999999997224e-01,8.490566037735859661e-02,1.818181818181817955e-01,1.123595505617979926e-02,0.000000000000000000e+00,0.000000000000000000e+00,0.000000000000000000e+00,0.000000000000000000e+00,0.000000000000000000e+00,1.000000000000000000e+00,1.185185185185187451e-01,9.814814814814815103e-01,7.807017543859647857e-01,5.000000000000000000e-01,4.137931034482766335e-01,4.285714285714285476e-01,7.500000000000000000e-01,0.000000000000000000e+00,0.000000000000000000e+00,7.500000000000000000e-01,4.628099173553713586e-01,8.333333333333333703e-01,0.000000000000000000e+00,0.000000000000000000e+00,0.000000000000000000e+00,0.000000000000000000e+00,0.000000000000000000e+00
0.000000000000000000e+00,9.923664122137404453e-01,0.000000000000000000e+00,0.000000000000000000e+00,0.000000000000000000e+00,1.363636363636363535e-01,9.722222222222220989e-01,3.468208092485550176e-02,0.000000000000000000e+00,5.000000000000000000e-01,0.000000000000000000e+00,0.000000000000000000e+00,0.000000000000000000e+00,0.000000000000000000e+00,0.000000000000000000e+00,0.000000000000000000e+00,6.533271288971612689e-01,9.979466119096509491e-01,9.250936329588015372e-01,0.000000000000000000e+00,1.000000000000000000e+00,0.000000000000000000e+00,0.000000000000000000e+00,0.000000000000000000e+00,1.000000000000000000e+00,4.999999999999997224e-01,8.490566037735859661e-02,2.727272727272727071e-01,9.363295880149818257e-03,0.000000000000000000e+00,0.000000000000000000e+00,0.000000000000000000e+00,0.000000000000000000e+00,0.000000000000000000e+00,1.000000000000000000e+00,1.185185185185187451e-01,9.814814814814815103e-01,7.807017543859647857e-01,5.000000000000000000e-01,4.137931034482766335e-01,5.714285714285715079e-01,7.500000000000000000e-01,0.000000000000000000e+00,0.000000000000000000e+00,7.500000000000000000e-01,4.628099173553713586e-01,8.333333333333333703e-01,0.000000000000000000e+00,0.000000000000000000e+00,0.000000000000000000e+00,0.000000000000000000e+00,0.000000000000000000e+00
0.000000000000000000e+00,9.923664122137404453e-01,0.000000000000000000e+00,0.000000000000000000e+00,0.000000000000000000e+00,1.363636363636363535e-01,9.722222222222220989e-01,3.468208092485550176e-02,0.000000000000000000e+00,5.000000000000000000e-01,0.000000000000000000e+00,0.000000000000000000e+00,0.000000000000000000e+00,0.000000000000000000e+00,0.000000000000000000e+00,0.000000000000000000e+00,6.579804560260584800e-01,9.989733059548254746e-01,9.213483146067414920e-01,0.000000000000000000e+00,1.000000000000000000e+00,0.000000000000000000e+00,0.000000000000000000e+00,0.000000000000000000e+00,1.000000000000000000e+00,4.999999999999997224e-01,8.490566037735859661e-02,2.727272727272727071e-01,7.490636704119865881e-03,0.000000000000000000e+00,0.000000000000000000e+00,0.000000000000000000e+00,0.000000000000000000e+00,0.000000000000000000e+00,1.000000000000000000e+00,1.185185185185187451e-01,9.814814814814815103e-01,7.807017543859647857e-01,5.000000000000000000e-01,5.172413793103457502e-01,5.714285714285715079e-01,7.500000000000000000e-01,0.000000000000000000e+00,0.000000000000000000e+00,7.500000000000000000e-01,4.628099173553713586e-01,8.333333333333333703e-01,0.000000000000000000e+00,0.000000000000000000e+00,0.000000000000000000e+00,0.000000000000000000e+00,0.000000000000000000e+00
0.000000000000000000e+00,9.923664122137404453e-01,0.000000000000000000e+00,0.000000000000000000e+00,0.000000000000000000e+00,1.363636363636363535e-01,9.722222222222220989e-01,3.468208092485550176e-02,0.000000000000000000e+00,5.000000000000000000e-01,0.000000000000000000e+00,0.000000000000000000e+00,0.000000000000000000e+00,0.000000000000000000e+00,0.000000000000000000e+00,0.000000000000000000e+00,6.696137738483014523e-01,1.000000000000000000e+00,9.213483146067414920e-01,0.000000000000000000e+00,1.000000000000000000e+00,0.000000000000000000e+00,0.000000000000000000e+00,0.000000000000000000e+00,1.000000000000000000e+00,4.999999999999997224e-01,8.490566037735859661e-02,2.727272727272727071e-01,7.490636704119865881e-03,0.000000000000000000e+00,0.000000000000000000e+00,0.000000000000000000e+00,0.000000000000000000e+00,0.000000000000000000e+00,1.000000000000000000e+00,1.185185185185187451e-01,9.814814814814815103e-01,7.807017543859647857e-01,3.750000000000000000e-01,6.034482758620682841e-01,1.000000000000000000e+00,7.500000000000000000e-01,0.000000000000000000e+00,0.000000000000000000e+00,7.500000000000000000e-01,4.628099173553713586e-01,8.333333333333333703e-01,0.000000000000000000e+00,0.000000000000000000e+00,0.000000000000000000e+00,0.000000000000000000e+00,0.000000000000000000e+00
0.000000000000000000e+00,9.923664122137404453e-01,0.000000000000000000e+00,0.000000000000000000e+00,0.000000000000000000e+00,1.363636363636363535e-01,9.722222222222220989e-01,3.468208092485550176e-02,0.000000000000000000e+00,5.000000000000000000e-01,0.000000000000000000e+00,0.000000000000000000e+00,0.000000000000000000e+00,0.000000000000000000e+00,0.000000000000000000e+00,0.000000000000000000e+00,6.765937645416472135e-01,1.000000000000000000e+00,9.213483146067414920e-01,0.000000000000000000e+00,1.000000000000000000e+00,0.000000000000000000e+00,0.000000000000000000e+00,0.000000000000000000e+00,1.000000000000000000e+00,4.999999999999997224e-01,8.490566037735859661e-02,2.727272727272727071e-01,5.617977528089885750e-03,0.000000000000000000e+00,0.000000000000000000e+00,0.000000000000000000e+00,0.000000000000000000e+00,0.000000000000000000e+00,1.000000000000000000e+00,1.185185185185187451e-01,9.814814814814815103e-01,7.807017543859647857e-01,3.750000000000000000e-01,4.310344827586214955e-01,1.000000000000000000e+00,7.500000000000000000e-01,0.000000000000000000e+00,0.000000000000000000e+00,7.500000000000000000e-01,4.628099173553713586e-01,6.666666666666667407e-01,0.000000000000000000e+00,0.000000000000000000e+00,0.000000000000000000e+00,0.000000000000000000e+00,0.000000000000000000e+00
0.000000000000000000e+00,9.923664122137404453e-01,0.000000000000000000e+00,0.000000000000000000e+00,0.000000000000000000e+00,1.363636363636363535e-01,9.444444444444444198e-01,3.468208092485550176e-02,0.000000000000000000e+00,5.000000000000000000e-01,0.000000000000000000e+00,0.000000000000000000e+00,0.000000000000000000e+00,0.000000000000000000e+00,0.000000000000000000e+00,0.000000000000000000e+00,6.998604001861330470e-01,9.989733059548254746e-01,9.213483146067414920e-01,0.000000000000000000e+00,1.000000000000000000e+00,0.000000000000000000e+00,0.000000000000000000e+00,0.000000000000000000e+00,1.000000000000000000e+00,4.999999999999997224e-01,8.490566037735859661e-02,3.636363636363635909e-01,3.745318352059932940e-03,0.000000000000000000e+00,0.000000000000000000e+00,0.000000000000000000e+00,0.000000000000000000e+00,0.000000000000000000e+00,1.000000000000000000e+00,1.185185185185187451e-01,9.814814814814815103e-01,7.807017543859647857e-01,3.750000000000000000e-01,3.620689655172420474e-01,1.000000000000000000e+00,7.500000000000000000e-01,0.000000000000000000e+00,0.000000000000000000e+00,7.500000000000000000e-01,4.628099173553713586e-01,6.666666666666667407e-01,0.000000000000000000e+00,0.000000000000000000e+00,0.000000000000000000e+00,0.000000000000000000e+00,0.000000000000000000e+00
0.000000000000000000e+00,9.923664122137404453e-01,0.000000000000000000e+00,0.000000000000000000e+00,0.000000000000000000e+00,1.363636363636363535e-01,9.444444444444444198e-01,3.468208092485550176e-02,0.000000000000000000e+00,5.000000000000000000e-01,0.000000000000000000e+00,0.000000000000000000e+00,0.000000000000000000e+00,0.000000000000000000e+00,0.000000000000000000e+00,0.000000000000000000e+00,7.208003722661702195e-01,9.969199178644764237e-01,9.213483146067414920e-01,0.000000000000000000e+00,1.000000000000000000e+00,0.000000000000000000e+00,4.999999999999998890e-01,0.000000000000000000e+00,1.000000000000000000e+00,4.999999999999997224e-01,8.490566037735859661e-02,3.636363636363635909e-01,3.745318352059932940e-03,0.000000000000000000e+00,0.000000000000000000e+00,0.000000000000000000e+00,0.000000000000000000e+00,0.000000000000000000e+00,1.000000000000000000e+00,1.185185185185187451e-01,9.814814814814815103e-01,7.807017543859647857e-01,3.750000000000000000e-01,4.137931034482766335e-01,1.000000000000000000e+00,7.500000000000000000e-01,0.000000000000000000e+00,0.000000000000000000e+00,7.500000000000000000e-01,4.628099173553713586e-01,6.666666666666667407e-01,0.000000000000000000e+00,0.000000000000000000e+00,0.000000000000000000e+00,0.000000000000000000e+00,0.000000000000000000e+00
0.000000000000000000e+00,9.923664122137404453e-01,0.000000000000000000e+00,0.000000000000000000e+00,0.000000000000000000e+00,1.363636363636363535e-01,9.444444444444444198e-01,3.468208092485550176e-02,0.000000000000000000e+00,5.000000000000000000e-01,0.000000000000000000e+00,0.000000000000000000e+00,0.000000000000000000e+00,0.000000000000000000e+00,0.000000000000000000e+00,0.000000000000000000e+00,7.533736621684504753e-01,9.917864476386037964e-01,9.176029962546815577e-01,0.000000000000000000e+00,1.000000000000000000e+00,0.000000000000000000e+00,4.999999999999998890e-01,0.000000000000000000e+00,1.000000000000000000e+00,4.999999999999997224e-01,8.490566037735859661e-02,3.636363636363635909e-01,3.745318352059932940e-03,0.000000000000000000e+00,0.000000000000000000e+00,0.000000000000000000e+00,0.000000000000000000e+00,0.000000000000000000e+00,1.000000000000000000e+00,1.185185185185187451e-01,9.814814814814815103e-01,7.807017543859647857e-01,5.000000000000000000e-01,2.586206896551728751e-01,5.714285714285715079e-01,7.500000000000000000e-01,0.000000000000000000e+00,0.000000000000000000e+00,7.500000000000000000e-01,4.628099173553713586e-01,6.666666666666667407e-01,0.000000000000000000e+00,0.000000000000000000e+00,0.000000000000000000e+00,0.000000000000000000e+00,0.000000000000000000e+00
0.000000000000000000e+00,9.923664122137404453e-01,0.000000000000000000e+00,0.000000000000000000e+00,0.000000000000000000e+00,1.363636363636363535e-01,9.444444444444444198e-01,3.468208092485550176e-02,0.000000000000000000e+00,5.000000000000000000e-01,0.000000000000000000e+00,0.000000000000000000e+00,0.000000000000000000e+00,0.000000000000000000e+00,0.000000000000000000e+00,0.000000000000000000e+00,7.812936249418332979e-01,9.876796714579055836e-01,9.213483146067414920e-01,0.000000000000000000e+00,1.000000000000000000e+00,0.000000000000000000e+00,4.999999999999998890e-01,0.000000000000000000e+00,1.000000000000000000e+00,4.999999999999997224e-01,8.490566037735859661e-02,3.636363636363635909e-01,3.745318352059932940e-03,0.000000000000000000e+00,0.000000000000000000e+00,0.000000000000000000e+00,0.000000000000000000e+00,0.000000000000000000e+00,1.000000000000000000e+00,1.185185185185187451e-01,9.814814814814815103e-01,7.807017543859647857e-01,5.000000000000000000e-01,2.586206896551728751e-01,5.714285714285715079e-01,7.500000000000000000e-01,0.000000000000000000e+00,0.000000000000000000e+00,7.500000000000000000e-01,4.628099173553713586e-01,6.666666666666667407e-01,0.000000000000000000e+00,0.000000000000000000e+00,0.000000000000000000e+00,0.000000000000000000e+00,0.000000000000000000e+00
0.000000000000000000e+00,9.923664122137404453e-01,0.000000000000000000e+00,0.000000000000000000e+00,0.000000000000000000e+00,1.363636363636363535e-01,9.444444444444444198e-01,3.468208092485550176e-02,0.000000000000000000e+00,5.000000000000000000e-01,0.000000000000000000e+00,0.000000000000000000e+00,0.000000000000000000e+00,0.000000000000000000e+00,0.000000000000000000e+00,0.000000000000000000e+00,8.301535597952535150e-01,9.784394250513347435e-01,9.176029962546815577e-01,0.000000000000000000e+00,1.000000000000000000e+00,0.000000000000000000e+00,4.999999999999998890e-01,0.000000000000000000e+00,1.000000000000000000e+00,4.999999999999997224e-01,8.490566037735859661e-02,3.636363636363635909e-01,1.872659176029952592e-03,0.000000000000000000e+00,0.000000000000000000e+00,0.000000000000000000e+00,0.000000000000000000e+00,0.000000000000000000e+00,1.000000000000000000e+00,1.185185185185187451e-01,9.814814814814815103e-01,7.807017543859647857e-01,5.000000000000000000e-01,3.103448275862074612e-01,5.714285714285715079e-01,7.500000000000000000e-01,0.000000000000000000e+00,0.000000000000000000e+00,7.500000000000000000e-01,4.628099173553713586e-01,6.666666666666667407e-01,0.000000000000000000e+00,0.000000000000000000e+00,0.000000000000000000e+00,0.000000000000000000e+00,0.000000000000000000e+00
0.000000000000000000e+00,9.923664122137404453e-01,0.000000000000000000e+00,0.000000000000000000e+00,0.000000000000000000e+00,1.363636363636363535e-01,9.166666666666665186e-01,3.468208092485550176e-02,0.000000000000000000e+00,5.000000000000000000e-01,0.000000000000000000e+00,0.000000000000000000e+00,0.000000000000000000e+00,0.000000000000000000e+00,0.000000000000000000e+00,0.000000000000000000e+00,8.580735225686365597e-01,9.722792607802874798e-01,9.176029962546815577e-01,0.000000000000000000e+00,1.000000000000000000e+00,0.000000000000000000e+00,4.999999999999998890e-01,0.000000000000000000e+00,1.000000000000000000e+00,4.999999999999997224e-01,8.490566037735859661e-02,1.818181818181817955e-01,3.745318352059932940e-03,0.000000000000000000e+00,0.000000000000000000e+00,0.000000000000000000e+00,0.000000000000000000e+00,0.000000000000000000e+00,1.000000000000000000e+00,1.185185185185187451e-01,9.814814814814815103e-01,7.807017543859647857e-01,5.000000000000000000e-01,2.413793103448280408e-01,5.714285714285715079e-01,7.500000000000000000e-01,0.000000000000000000e+00,0.000000000000000000e+00,7.500000000000000000e-01,4.628099173553713586e-01,6.666666666666667407e-01,0.000000000000000000e+00,0.000000000000000000e+00,0.000000000000000000e+00,0.000000000000000000e+00,0.000000000000000000e+00
0.000000000000000000e+00,9.923664122137404453e-01,0.000000000000000000e+00,0.000000000000000000e+00,0.000000000000000000e+00,1.363636363636363535e-01,8.888888888888885065e-01,3.468208092485550176e-02,0.000000000000000000e+00,5.000000000000000000e-01,0.000000000000000000e+00,0.000000000000000000e+00,0.000000000000000000e+00,0.000000000000000000e+00,0.000000000000000000e+00,0.000000000000000000e+00,8.929734760353652545e-01,9.640657084188911652e-01,9.138576779026216235e-01,0.000000000000000000e+00,1.000000000000000000e+00,0.000000000000000000e+00,4.999999999999998890e-01,0.000000000000000000e+00,1.000000000000000000e+00,4.999999999999997224e-01,8.490566037735859661e-02,1.818181818181817955e-01,1.872659176029952592e-03,0.000000000000000000e+00,0.000000000000000000e+00,0.000000000000000000e+00,0.000000000000000000e+00,0.000000000000000000e+00,1.000000000000000000e+00,1.185185185185187451e-01,9.814814814814815103e-01,7.807017543859647857e-01,5.000000000000000000e-01,1.724137931034485927e-01,5.714285714285715079e-01,7.500000000000000000e-01,0.000000000000000000e+00,0.000000000000000000e+00,7.500000000000000000e-01,4.628099173553713586e-01,6.666666666666667407e-01,0.000000000000000000e+00,0.000000000000000000e+00,0.000000000000000000e+00,0.000000000000000000e+00,0.000000000000000000e+00
0.000000000000000000e+00,9.923664122137404453e-01,0.000000000000000000e+00,0.000000000000000000e+00,0.000000000000000000e+00,1.363636363636363535e-01,8.888888888888885065e-01,3.468208092485550176e-02,0.000000000000000000e+00,5.000000000000000000e-01,0.000000000000000000e+00,0.000000000000000000e+00,0.000000000000000000e+00,0.000000000000000000e+00,0.000000000000000000e+00,0.000000000000000000e+00,9.278734295020938383e-01,9.579055441478440125e-01,9.138576779026216235e-01,0.000000000000000000e+00,1.000000000000000000e+00,0.000000000000000000e+00,4.999999999999998890e-01,0.000000000000000000e+00,1.000000000000000000e+00,4.999999999999997224e-01,8.490566037735859661e-02,1.818181818181817955e-01,1.872659176029952592e-03,0.000000000000000000e+00,0.000000000000000000e+00,0.000000000000000000e+00,0.000000000000000000e+00,0.000000000000000000e+00,1.000000000000000000e+00,1.185185185185187451e-01,9.814814814814815103e-01,7.807017543859647857e-01,3.750000000000000000e-01,1.896551724137934547e-01,5.714285714285715079e-01,7.500000000000000000e-01,0.000000000000000000e+00,0.000000000000000000e+00,7.500000000000000000e-01,4.628099173553713586e-01,6.666666666666667407e-01,0.000000000000000000e+00,0.000000000000000000e+00,0.000000000000000000e+00,0.000000000000000000e+00,0.000000000000000000e+00
0.000000000000000000e+00,9.923664122137404453e-01,0.000000000000000000e+00,0.000000000000000000e+00,0.000000000000000000e+00,1.363636363636363535e-01,8.888888888888885065e-01,3.468208092485550176e-02,0.000000000000000000e+00,5.000000000000000000e-01,0.000000000000000000e+00,0.000000000000000000e+00,0.000000000000000000e+00,0.000000000000000000e+00,0.000000000000000000e+00,0.000000000000000000e+00,9.464867380176825717e-01,9.568788501026694870e-01,9.101123595505618002e-01,0.000000000000000000e+00,1.000000000000000000e+00,0.000000000000000000e+00,4.999999999999998890e-01,0.000000000000000000e+00,1.000000000000000000e+00,4.999999999999997224e-01,8.490566037735859661e-02,1.818181818181817955e-01,1.872659176029952592e-03,0.000000000000000000e+00,0.000000000000000000e+00,0.000000000000000000e+00,0.000000000000000000e+00,0.000000000000000000e+00,1.000000000000000000e+00,1.185185185185187451e-01,9.814814814814815103e-01,7.807017543859647857e-01,3.750000000000000000e-01,3.275862068965523233e-01,5.714285714285715079e-01,7.500000000000000000e-01,0.000000000000000000e+00,0.000000000000000000e+00,5.000000000000000000e-01,4.628099173553713586e-01,8.333333333333333703e-01,0.000000000000000000e+00,0.000000000000000000e+00,0.000000000000000000e+00,0.000000000000000000e+00,0.000000000000000000e+00
0.000000000000000000e+00,9.923664122137404453e-01,0.000000000000000000e+00,0.000000000000000000e+00,0.000000000000000000e+00,1.363636363636363535e-01,8.888888888888885065e-01,3.468208092485550176e-02,0.000000000000000000e+00,5.000000000000000000e-01,0.000000000000000000e+00,0.000000000000000000e+00,0.000000000000000000e+00,0.000000000000000000e+00,0.000000000000000000e+00,0.000000000000000000e+00,9.697533736621682943e-01,9.558521560574949616e-01,9.101123595505618002e-01,0.000000000000000000e+00,1.000000000000000000e+00,0.000000000000000000e+00,4.999999999999998890e-01,0.000000000000000000e+00,1.000000000000000000e+00,4.999999999999997224e-01,8.490566037735859661e-02,1.818181818181817955e-01,1.872659176029952592e-03,0.000000000000000000e+00,0.000000000000000000e+00,0.000000000000000000e+00,0.000000000000000000e+00,0.000000000000000000e+00,1.000000000000000000e+00,1.185185185185187451e-01,9.814814814814815103e-01,7.807017543859647857e-01,3.750000000000000000e-01,3.620689655172420474e-01,2.857142857142857539e-01,1.000000000000000000e+00,0.000000000000000000e+00,0.000000000000000000e+00,5.000000000000000000e-01,4.628099173553713586e-01,8.333333333333333703e-01,0.000000000000000000e+00,0.000000000000000000e+00,0.000000000000000000e+00,0.000000000000000000e+00,0.000000000000000000e+00
0.000000000000000000e+00,9.923664122137404453e-01,0.000000000000000000e+00,0.000000000000000000e+00,0.000000000000000000e+00,1.363636363636363535e-01,8.888888888888885065e-01,3.468208092485550176e-02,0.000000000000000000e+00,5.000000000000000000e-01,0.000000000000000000e+00,0.000000000000000000e+00,0.000000000000000000e+00,0.000000000000000000e+00,0.000000000000000000e+00,0.000000000000000000e+00,9.837133550488598166e-01,9.558521560574949616e-01,9.063670411985018660e-01,0.000000000000000000e+00,1.000000000000000000e+00,0.000000000000000000e+00,4.999999999999998890e-01,0.000000000000000000e+00,1.000000000000000000e+00,4.999999999999997224e-01,8.490566037735859661e-02,1.818181818181817955e-01,1.872659176029952592e-03,0.000000000000000000e+00,0.000000000000000000e+00,0.000000000000000000e+00,0.000000000000000000e+00,0.000000000000000000e+00,1.000000000000000000e+00,1.185185185185187451e-01,9.814814814814815103e-01,7.807017543859647857e-01,3.750000000000000000e-01,5.172413793103457502e-01,2.857142857142857539e-01,1.000000000000000000e+00,0.000000000000000000e+00,0.000000000000000000e+00,5.000000000000000000e-01,4.628099173553713586e-01,8.333333333333333703e-01,0.000000000000000000e+00,0.000000000000000000e+00,0.000000000000000000e+00,0.000000000000000000e+00,0.000000000000000000e+00
0.000000000000000000e+00,9.923664122137404453e-01,0.000000000000000000e+00,0.000000000000000000e+00,0.000000000000000000e+00,1.363636363636363535e-01,8.888888888888885065e-01,3.468208092485550176e-02,0.000000000000000000e+00,5.000000000000000000e-01,0.000000000000000000e+00,0.000000000000000000e+00,0.000000000000000000e+00,0.000000000000000000e+00,0.000000000000000000e+00,0.000000000000000000e+00,9.860400186133084777e-01,9.558521560574949616e-01,9.063670411985018660e-01,0.000000000000000000e+00,1.000000000000000000e+00,0.000000000000000000e+00,4.999999999999998890e-01,0.000000000000000000e+00,1.000000000000000000e+00,4.999999999999997224e-01,6.603773584905682503e-02,1.818181818181817955e-01,1.872659176029952592e-03,0.000000000000000000e+00,0.000000000000000000e+00,0.000000000000000000e+00,0.000000000000000000e+00,0.000000000000000000e+00,1.000000000000000000e+00,1.185185185185187451e-01,9.814814814814815103e-01,7.807017543859647857e-01,2.500000000000000000e-01,5.689655172413785600e-01,7.142857142857143016e-01,1.000000000000000000e+00,0.000000000000000000e+00,0.000000000000000000e+00,5.000000000000000000e-01,4.628099173553713586e-01,8.333333333333333703e-01,0.000000000000000000e+00,0.000000000000000000e+00,0.000000000000000000e+00,0.000000000000000000e+00,0.000000000000000000e+00
0.000000000000000000e+00,9.923664122137404453e-01,0.000000000000000000e+00,0.000000000000000000e+00,0.000000000000000000e+00,1.363636363636363535e-01,9.166666666666665186e-01,3.468208092485550176e-02,0.000000000000000000e+00,5.000000000000000000e-01,0.000000000000000000e+00,0.000000000000000000e+00,0.000000000000000000e+00,0.000000000000000000e+00,0.000000000000000000e+00,0.000000000000000000e+00,9.883666821777570277e-01,9.558521560574949616e-01,9.026217228464418207e-01,0.000000000000000000e+00,1.000000000000000000e+00,0.000000000000000000e+00,4.999999999999998890e-01,0.000000000000000000e+00,1.000000000000000000e+00,4.999999999999997224e-01,6.603773584905682503e-02,1.818181818181817955e-01,1.872659176029952592e-03,0.000000000000000000e+00,0.000000000000000000e+00,0.000000000000000000e+00,0.000000000000000000e+00,0.000000000000000000e+00,1.000000000000000000e+00,1.037037037037040615e-01,9.814814814814815103e-01,7.807017543859647857e-01,2.500000000000000000e-01,4.655172413793112196e-01,7.142857142857143016e-01,1.000000000000000000e+00,0.000000000000000000e+00,0.000000000000000000e+00,5.000000000000000000e-01,4.628099173553713586e-01,8.333333333333333703e-01,0.000000000000000000e+00,0.000000000000000000e+00,0.000000000000000000e+00,0.000000000000000000e+00,0.000000000000000000e+00
0.000000000000000000e+00,9.923664122137404453e-01,0.000000000000000000e+00,0.000000000000000000e+00,0.000000000000000000e+00,1.363636363636363535e-01,9.444444444444444198e-01,3.468208092485550176e-02,0.000000000000000000e+00,5.000000000000000000e-01,0.000000000000000000e+00,0.000000000000000000e+00,0.000000000000000000e+00,0.000000000000000000e+00,0.000000000000000000e+00,0.000000000000000000e+00,9.883666821777570277e-01,9.558521560574949616e-01,8.988764044943821085e-01,0.000000000000000000e+00,1.000000000000000000e+00,0.000000000000000000e+00,4.999999999999998890e-01,0.000000000000000000e+00,1.000000000000000000e+00,4.999999999999997224e-01,6.603773584905682503e-02,3.636363636363635909e-01,3.745318352059932940e-03,0.000000000000000000e+00,0.000000000000000000e+00,0.000000000000000000e+00,0.000000000000000000e+00,0.000000000000000000e+00,1.000000000000000000e+00,1.037037037037040615e-01,9.814814814814815103e-01,7.807017543859647857e-01,2.500000000000000000e-01,4.655172413793112196e-01,2.857142857142857539e-01,1.000000000000000000e+00,0.000000000000000000e+00,0.000000000000000000e+00,5.000000000000000000e-01,4.628099173553713586e-01,8.333333333333333703e-01,0.000000000000000000e+00,0.000000000000000000e+00,0.000000000000000000e+00,0.000000000000000000e+00,0.000000000000000000e+00
0.000000000000000000e+00,9.923664122137404453e-01,0.000000000000000000e+00,0.000000000000000000e+00,0.000000000000000000e+00,1.363636363636363535e-01,9.444444444444444198e-01,3.468208092485550176e-02,0.000000000000000000e+00,5.000000000000000000e-01,0.000000000000000000e+00,0.000000000000000000e+00,0.000000000000000000e+00,0.000000000000000000e+00,0.000000000000000000e+00,0.000000000000000000e+00,9.906933457422055778e-01,9.558521560574949616e-01,8.988764044943821085e-01,0.000000000000000000e+00,1.000000000000000000e+00,0.000000000000000000e+00,4.999999999999998890e-01,0.000000000000000000e+00,1.000000000000000000e+00,4.999999999999997224e-01,6.603773584905682503e-02,3.636363636363635909e-01,3.745318352059932940e-03,0.000000000000000000e+00,0.000000000000000000e+00,0.000000000000000000e+00,0.000000000000000000e+00,0.000000000000000000e+00,1.000000000000000000e+00,1.037037037037040615e-01,9.814814814814815103e-01,7.807017543859647857e-01,2.500000000000000000e-01,5.862068965517233110e-01,2.857142857142857539e-01,1.000000000000000000e+00,0.000000000000000000e+00,0.000000000000000000e+00,7.500000000000000000e-01,4.628099173553713586e-01,8.333333333333333703e-01,0.000000000000000000e+00,0.000000000000000000e+00,0.000000000000000000e+00,0.000000000000000000e+00,0.000000000000000000e+00
0.000000000000000000e+00,9.923664122137404453e-01,0.000000000000000000e+00,0.000000000000000000e+00,0.000000000000000000e+00,1.363636363636363535e-01,9.444444444444444198e-01,3.468208092485550176e-02,0.000000000000000000e+00,5.000000000000000000e-01,0.000000000000000000e+00,0.000000000000000000e+00,0.000000000000000000e+00,0.000000000000000000e+00,0.000000000000000000e+00,0.000000000000000000e+00,9.906933457422055778e-01,9.558521560574949616e-01,8.951310861423219523e-01,0.000000000000000000e+00,1.000000000000000000e+00,0.000000000000000000e+00,4.999999999999998890e-01,0.000000000000000000e+00,1.000000000000000000e+00,4.999999999999997224e-01,6.603773584905682503e-02,4.545454545454545303e-01,3.745318352059932940e-03,0.000000000000000000e+00,0.000000000000000000e+00,0.000000000000000000e+00,0.000000000000000000e+00,0.000000000000000000e+00,1.000000000000000000e+00,1.037037037037040615e-01,9.814814814814815103e-01,7.807017543859647857e-01,5.000000000000000000e-01,7.068965517241374563e-01,2.857142857142857539e-01,1.000000000000000000e+00,0.000000000000000000e+00,0.000000000000000000e+00,7.500000000000000000e-01,4.628099173553713586e-01,8.333333333333333703e-01,0.000000000000000000e+00,0.000000000000000000e+00,0.000000000000000000e+00,0.000000000000000000e+00,0.000000000000000000e+00
0.000000000000000000e+00,9.923664122137404453e-01,0.000000000000000000e+00,0.000000000000000000e+00,0.000000000000000000e+00,1.363636363636363535e-01,9.444444444444444198e-01,4.624277456647404860e-02,0.000000000000000000e+00,5.000000000000000000e-01,0.000000000000000000e+00,0.000000000000000000e+00,0.000000000000000000e+00,0.000000000000000000e+00,0.000000000000000000e+00,0.000000000000000000e+00,9.906933457422055778e-01,9.558521560574949616e-01,8.951310861423219523e-01,0.000000000000000000e+00,1.000000000000000000e+00,0.000000000000000000e+00,4.999999999999998890e-01,0.000000000000000000e+00,1.000000000000000000e+00,4.999999999999997224e-01,6.603773584905682503e-02,5.454545454545454142e-01,1.872659176029952592e-03,0.000000000000000000e+00,0.000000000000000000e+00,0.000000000000000000e+00,0.000000000000000000e+00,0.000000000000000000e+00,1.000000000000000000e+00,4.074074074074082036e-02,9.814814814814815103e-01,7.807017543859647857e-01,5.000000000000000000e-01,7.241379310344822073e-01,4.285714285714285476e-01,6.666666666666667407e-01,0.000000000000000000e+00,0.000000000000000000e+00,7.500000000000000000e-01,4.628099173553713586e-01,8.333333333333333703e-01,0.000000000000000000e+00,0.000000000000000000e+00,0.000000000000000000e+00,0.000000000000000000e+00,0.000000000000000000e+00
0.000000000000000000e+00,9.923664122137404453e-01,0.000000000000000000e+00,0.000000000000000000e+00,0.000000000000000000e+00,1.363636363636363535e-01,9.444444444444444198e-01,5.202312138728327345e-02,0.000000000000000000e+00,5.000000000000000000e-01,0.000000000000000000e+00,0.000000000000000000e+00,0.000000000000000000e+00,0.000000000000000000e+00,0.000000000000000000e+00,0.000000000000000000e+00,9.930200093066542388e-01,9.568788501026694870e-01,8.913857677902621290e-01,0.000000000000000000e+00,1.000000000000000000e+00,0.000000000000000000e+00,4.999999999999998890e-01,0.000000000000000000e+00,1.000000000000000000e+00,4.999999999999997224e-01,6.603773584905682503e-02,5.454545454545454142e-01,3.745318352059932940e-03,0.000000000000000000e+00,0.000000000000000000e+00,0.000000000000000000e+00,0.000000000000000000e+00,0.000000000000000000e+00,1.000000000000000000e+00,4.074074074074082036e-02,9.814814814814815103e-01,7.807017543859647857e-01,5.000000000000000000e-01,6.724137931034477322e-01,7.142857142857143016e-01,6.666666666666667407e-01,0.000000000000000000e+00,0.000000000000000000e+00,7.500000000000000000e-01,4.628099173553713586e-01,8.333333333333333703e-01,0.000000000000000000e+00,0.000000000000000000e+00,0.000000000000000000e+00,0.000000000000000000e+00,0.000000000000000000e+00
0.000000000000000000e+00,9.923664122137404453e-01,0.000000000000000000e+00,0.000000000000000000e+00,0.000000000000000000e+00,1.363636363636363535e-01,9.444444444444444198e-01,5.202312138728327345e-02,0.000000000000000000e+00,5.000000000000000000e-01,0.000000000000000000e+00,0.000000000000000000e+00,0.000000000000000000e+00,0.000000000000000000e+00,0.000000000000000000e+00,0.000000000000000000e+00,9.953466728711027889e-01,9.579055441478440125e-01,8.913857677902621290e-01,0.000000000000000000e+00,1.000000000000000000e+00,0.000000000000000000e+00,4.999999999999998890e-01,0.000000000000000000e+00,1.000000000000000000e+00,4.999999999999997224e-01,6.603773584905682503e-02,5.454545454545454142e-01,1.872659176029952592e-03,0.000000000000000000e+00,0.000000000000000000e+00,0.000000000000000000e+00,0.000000000000000000e+00,0.000000000000000000e+00,1.000000000000000000e+00,4.074074074074082036e-02,9.814814814814815103e-01,7.807017543859647857e-01,5.000000000000000000e-01,6.896551724137924833e-01,7.142857142857143016e-01,6.666666666666667407e-01,0.000000000000000000e+00,0.000000000000000000e+00,7.500000000000000000e-01,4.628099173553713586e-01,8.333333333333333703e-01,0.000000000000000000e+00,0.000000000000000000e+00,0.000000000000000000e+00,0.000000000000000000e+00,0.000000000000000000e+00
0.000000000000000000e+00,9.961832061068702782e-01,0.000000000000000000e+00,0.000000000000000000e+00,0.000000000000000000e+00,1.363636363636363535e-01,9.444444444444444198e-01,5.202312138728327345e-02,0.000000000000000000e+00,5.000000000000000000e-01,0.000000000000000000e+00,0.000000000000000000e+00,0.000000000000000000e+00,0.000000000000000000e+00,0.000000000000000000e+00,0.000000000000000000e+00,9.953466728711027889e-01,9.579055441478440125e-01,8.876404494382021948e-01,0.000000000000000000e+00,1.000000000000000000e+00,0.000000000000000000e+00,4.999999999999998890e-01,0.000000000000000000e+00,1.000000000000000000e+00,4.999999999999997224e-01,6.603773584905682503e-02,6.363636363636363535e-01,1.872659176029952592e-03,0.000000000000000000e+00,0.000000000000000000e+00,0.000000000000000000e+00,0.000000000000000000e+00,0.000000000000000000e+00,1.000000000000000000e+00,4.074074074074082036e-02,9.814814814814815103e-01,7.807017543859647857e-01,5.000000000000000000e-01,5.862068965517233110e-01,7.142857142857143016e-01,6.666666666666667407e-01,0.000000000000000000e+00,0.000000000000000000e+00,7.500000000000000000e-01,4.628099173553713586e-01,8.333333333333333703e-01,0.000000000000000000e+00,0.000000000000000000e+00,0.000000000000000000e+00,0.000000000000000000e+00,0.000000000000000000e+00
0.000000000000000000e+00,9.923664122137404453e-01,0.000000000000000000e+00,0.000000000000000000e+00,0.000000000000000000e+00,1.363636363636363535e-01,9.444444444444444198e-01,5.202312138728327345e-02,0.000000000000000000e+00,5.000000000000000000e-01,0.000000000000000000e+00,0.000000000000000000e+00,0.000000000000000000e+00,0.000000000000000000e+00,0.000000000000000000e+00,0.000000000000000000e+00,9.953466728711027889e-01,9.568788501026694870e-01,8.876404494382021948e-01,0.000000000000000000e+00,1.000000000000000000e+00,0.000000000000000000e+00,4.999999999999998890e-01,0.000000000000000000e+00,1.000000000000000000e+00,4.999999999999997224e-01,6.603773584905682503e-02,5.454545454545454142e-01,1.872659176029952592e-03,0.000000000000000000e+00,0.000000000000000000e+00,0.000000000000000000e+00,0.000000000000000000e+00,0.000000000000000000e+00,1.000000000000000000e+00,4.074074074074082036e-02,9.814814814814815103e-01,7.807017543859647857e-01,5.000000000000000000e-01,7.068965517241374563e-01,7.142857142857143016e-01,6.666666666666667407e-01,0.000000000000000000e+00,0.000000000000000000e+00,7.500000000000000000e-01,4.628099173553713586e-01,8.333333333333333703e-01,0.000000000000000000e+00,0.000000000000000000e+00,0.000000000000000000e+00,0.000000000000000000e+00,0.000000000000000000e+00
0.000000000000000000e+00,9.923664122137404453e-01,0.000000000000000000e+00,0.000000000000000000e+00,0.000000000000000000e+00,1.363636363636363535e-01,9.444444444444444198e-01,5.202312138728327345e-02,0.000000000000000000e+00,5.000000000000000000e-01,0.000000000000000000e+00,0.000000000000000000e+00,0.000000000000000000e+00,0.000000000000000000e+00,0.000000000000000000e+00,0.000000000000000000e+00,9.953466728711027889e-01,9.558521560574949616e-01,8.838951310861421495e-01,0.000000000000000000e+00,1.000000000000000000e+00,0.000000000000000000e+00,4.999999999999998890e-01,0.000000000000000000e+00,1.000000000000000000e+00,4.999999999999997224e-01,6.603773584905682503e-02,5.454545454545454142e-01,1.872659176029952592e-03,0.000000000000000000e+00,0.000000000000000000e+00,0.000000000000000000e+00,0.000000000000000000e+00,0.000000000000000000e+00,1.000000000000000000e+00,4.074074074074082036e-02,9.814814814814815103e-01,7.807017543859647857e-01,5.000000000000000000e-01,6.551724137931027592e-01,7.142857142857143016e-01,6.666666666666667407e-01,0.000000000000000000e+00,0.000000000000000000e+00,7.500000000000000000e-01,4.628099173553713586e-01,8.333333333333333703e-01,0.000000000000000000e+00,0.000000000000000000e+00,0.000000000000000000e+00,0.000000000000000000e+00,0.000000000000000000e+00
0.000000000000000000e+00,9.961832061068702782e-01,0.000000000000000000e+00,0.000000000000000000e+00,0.000000000000000000e+00,1.363636363636363535e-01,9.444444444444444198e-01,5.202312138728327345e-02,0.000000000000000000e+00,5.000000000000000000e-01,0.000000000000000000e+00,0.000000000000000000e+00,0.000000000000000000e+00,0.000000000000000000e+00,0.000000000000000000e+00,0.000000000000000000e+00,9.953466728711027889e-01,9.558521560574949616e-01,8.838951310861421495e-01,0.000000000000000000e+00,1.000000000000000000e+00,0.000000000000000000e+00,4.999999999999998890e-01,0.000000000000000000e+00,1.000000000000000000e+00,4.999999999999997224e-01,6.603773584905682503e-02,4.545454545454545303e-01,1.872659176029952592e-03,0.000000000000000000e+00,0.000000000000000000e+00,0.000000000000000000e+00,0.000000000000000000e+00,0.000000000000000000e+00,1.000000000000000000e+00,4.074074074074082036e-02,9.814814814814815103e-01,7.807017543859647857e-01,5.000000000000000000e-01,7.241379310344822073e-01,7.142857142857143016e-01,6.666666666666667407e-01,0.000000000000000000e+00,0.000000000000000000e+00,7.500000000000000000e-01,4.628099173553713586e-01,8.333333333333333703e-01,0.000000000000000000e+00,0.000000000000000000e+00,0.000000000000000000e+00,0.000000000000000000e+00,0.000000000000000000e+00
0.000000000000000000e+00,9.961832061068702782e-01,0.000000000000000000e+00,0.000000000000000000e+00,0.000000000000000000e+00,1.363636363636363535e-01,9.444444444444444198e-01,5.202312138728327345e-02,0.000000000000000000e+00,5.000000000000000000e-01,0.000000000000000000e+00,0.000000000000000000e+00,0.000000000000000000e+00,0.000000000000000000e+00,0.000000000000000000e+00,0.000000000000000000e+00,9.953466728711027889e-01,9.548254620123204361e-01,8.801498127340824373e-01,0.000000000000000000e+00,1.000000000000000000e+00,0.000000000000000000e+00,4.999999999999998890e-01,0.000000000000000000e+00,1.000000000000000000e+00,4.999999999999997224e-01,6.603773584905682503e-02,4.545454545454545303e-01,1.872659176029952592e-03,0.000000000000000000e+00,0.000000000000000000e+00,0.000000000000000000e+00,0.000000000000000000e+00,0.000000000000000000e+00,1.000000000000000000e+00,4.074074074074082036e-02,9.814814814814815103e-01,7.807017543859647857e-01,5.000000000000000000e-01,7.413793103448269584e-01,8.571428571428570953e-01,6.666666666666667407e-01,0.000000000000000000e+00,0.000000000000000000e+00,7.500000000000000000e-01,4.628099173553713586e-01,8.333333333333333703e-01,0.000000000000000000e+00,0.000000000000000000e+00,0.000000000000000000e+00,0.000000000000000000e+00,0.000000000000000000e+00
0.000000000000000000e+00,9.961832061068702782e-01,0.000000000000000000e+00,0.000000000000000000e+00,0.000000000000000000e+00,1.363636363636363535e-01,9.444444444444444198e-01,5.202312138728327345e-02,0.000000000000000000e+00,5.000000000000000000e-01,0.000000000000000000e+00,0.000000000000000000e+00,0.000000000000000000e+00,0.000000000000000000e+00,0.000000000000000000e+00,0.000000000000000000e+00,9.906933457422055778e-01,9.548254620123204361e-01,8.764044943820223921e-01,0.000000000000000000e+00,1.000000000000000000e+00,0.000000000000000000e+00,4.999999999999998890e-01,0.000000000000000000e+00,1.000000000000000000e+00,4.999999999999997224e-01,6.603773584905682503e-02,4.545454545454545303e-01,0.000000000000000000e+00,0.000000000000000000e+00,0.000000000000000000e+00,0.000000000000000000e+00,0.000000000000000000e+00,0.000000000000000000e+00,1.000000000000000000e+00,4.074074074074082036e-02,9.814814814814815103e-01,7.807017543859647857e-01,3.750000000000000000e-01,7.413793103448269584e-01,1.000000000000000000e+00,6.666666666666667407e-01,0.000000000000000000e+00,0.000000000000000000e+00,7.500000000000000000e-01,4.628099173553713586e-01,8.333333333333333703e-01,0.000000000000000000e+00,0.000000000000000000e+00,0.000000000000000000e+00,0.000000000000000000e+00,0.000000000000000000e+00
0.000000000000000000e+00,9.923664122137404453e-01,0.000000000000000000e+00,0.000000000000000000e+00,0.000000000000000000e+00,1.363636363636363535e-01,9.444444444444444198e-01,5.202312138728327345e-02,0.000000000000000000e+00,5.000000000000000000e-01,0.000000000000000000e+00,0.000000000000000000e+00,0.000000000000000000e+00,0.000000000000000000e+00,0.000000000000000000e+00,0.000000000000000000e+00,9.906933457422055778e-01,9.548254620123204361e-01,8.764044943820223921e-01,0.000000000000000000e+00,1.000000000000000000e+00,0.000000000000000000e+00,4.999999999999998890e-01,0.000000000000000000e+00,1.000000000000000000e+00,4.999999999999997224e-01,6.603773584905682503e-02,3.636363636363635909e-01,0.000000000000000000e+00,0.000000000000000000e+00,0.000000000000000000e+00,0.000000000000000000e+00,0.000000000000000000e+00,0.000000000000000000e+00,1.000000000000000000e+00,4.074074074074082036e-02,9.814814814814815103e-01,7.807017543859647857e-01,3.750000000000000000e-01,8.620689655172411037e-01,1.000000000000000000e+00,6.666666666666667407e-01,0.000000000000000000e+00,0.000000000000000000e+00,7.500000000000000000e-01,4.628099173553713586e-01,8.333333333333333703e-01,0.000000000000000000e+00,0.000000000000000000e+00,0.000000000000000000e+00,0.000000000000000000e+00,0.000000000000000000e+00
0.000000000000000000e+00,9.923664122137404453e-01,0.000000000000000000e+00,0.000000000000000000e+00,0.000000000000000000e+00,1.363636363636363535e-01,9.166666666666665186e-01,5.202312138728327345e-02,0.000000000000000000e+00,5.000000000000000000e-01,0.000000000000000000e+00,0.000000000000000000e+00,0.000000000000000000e+00,0.000000000000000000e+00,0.000000000000000000e+00,0.000000000000000000e+00,9.860400186133084777e-01,9.548254620123204361e-01,8.726591760299624578e-01,0.000000000000000000e+00,1.000000000000000000e+00,0.000000000000000000e+00,4.999999999999998890e-01,0.000000000000000000e+00,1.000000000000000000e+00,4.999999999999997224e-01,6.603773584905682503e-02,3.636363636363635909e-01,0.000000000000000000e+00,0.000000000000000000e+00,0.000000000000000000e+00,0.000000000000000000e+00,0.000000000000000000e+00,0.000000000000000000e+00,1.000000000000000000e+00,4.074074074074082036e-02,9.814814814814815103e-01,7.807017543859647857e-01,3.750000000000000000e-01,8.620689655172411037e-01,1.000000000000000000e+00,6.666666666666667407e-01,0.000000000000000000e+00,0.000000000000000000e+00,7.500000000000000000e-01,4.628099173553713586e-01,8.333333333333333703e-01,0.000000000000000000e+00,0.000000000000000000e+00,0.000000000000000000e+00,0.000000000000000000e+00,0.000000000000000000e+00
0.000000000000000000e+00,9.923664122137404453e-01,0.000000000000000000e+00,0.000000000000000000e+00,0.000000000000000000e+00,1.363636363636363535e-01,9.166666666666665186e-01,5.202312138728327345e-02,0.000000000000000000e+00,5.000000000000000000e-01,0.000000000000000000e+00,0.000000000000000000e+00,0.000000000000000000e+00,0.000000000000000000e+00,0.000000000000000000e+00,0.000000000000000000e+00,9.860400186133084777e-01,9.548254620123204361e-01,8.726591760299624578e-01,0.000000000000000000e+00,1.000000000000000000e+00,0.000000000000000000e+00,4.999999999999998890e-01,0.000000000000000000e+00,1.000000000000000000e+00,4.999999999999997224e-01,6.603773584905682503e-02,3.636363636363635909e-01,0.000000000000000000e+00,0.000000000000000000e+00,0.000000000000000000e+00,0.000000000000000000e+00,0.000000000000000000e+00,0.000000000000000000e+00,1.000000000000000000e+00,4.074074074074082036e-02,9.814814814814815103e-01,7.807017543859647857e-01,3.750000000000000000e-01,8.448275862068963526e-01,7.142857142857143016e-01,6.666666666666667407e-01,0.000000000000000000e+00,0.000000000000000000e+00,7.500000000000000000e-01,4.628099173553713586e-01,8.333333333333333703e-01,0.000000000000000000e+00,0.000000000000000000e+00,0.000000000000000000e+00,0.000000000000000000e+00,0.000000000000000000e+00
0.000000000000000000e+00,9.961832061068702782e-01,0.000000000000000000e+00,0.000000000000000000e+00,0.000000000000000000e+00,1.363636363636363535e-01,9.166666666666665186e-01,5.202312138728327345e-02,0.000000000000000000e+00,5.000000000000000000e-01,0.000000000000000000e+00,0.000000000000000000e+00,0.000000000000000000e+00,0.000000000000000000e+00,0.000000000000000000e+00,0.000000000000000000e+00,9.860400186133084777e-01,9.558521560574949616e-01,8.689138576779025236e-01,0.000000000000000000e+00,1.000000000000000000e+00,0.000000000000000000e+00,4.999999999999998890e-01,0.000000000000000000e+00,1.000000000000000000e+00,4.999999999999997224e-01,6.603773584905682503e-02,3.636363636363635909e-01,1.872659176029952592e-03,0.000000000000000000e+00,0.000000000000000000e+00,0.000000000000000000e+00,0.000000000000000000e+00,0.000000000000000000e+00,1.000000000000000000e+00,4.074074074074082036e-02,9.814814814814815103e-01,7.807017543859647857e-01,5.000000000000000000e-01,6.551724137931027592e-01,7.142857142857143016e-01,7.500000000000000000e-01,0.000000000000000000e+00,0.000000000000000000e+00,7.500000000000000000e-01,4.628099173553713586e-01,8.333333333333333703e-01,0.000000000000000000e+00,0.000000000000000000e+00,0.000000000000000000e+00,0.000000000000000000e+00,0.000000000000000000e+00
0.000000000000000000e+00,9.923664122137404453e-01,0.000000000000000000e+00,0.000000000000000000e+00,0.000000000000000000e+00,1.363636363636363535e-01,9.166666666666665186e-01,5.202312138728327345e-02,0.000000000000000000e+00,5.000000000000000000e-01,0.000000000000000000e+00,0.000000000000000000e+00,0.000000000000000000e+00,0.000000000000000000e+00,0.000000000000000000e+00,0.000000000000000000e+00,9.906933457422055778e-01,9.558521560574949616e-01,8.689138576779025236e-01,0.000000000000000000e+00,1.000000000000000000e+00,0.000000000000000000e+00,4.999999999999998890e-01,0.000000000000000000e+00,1.000000000000000000e+00,4.999999999999997224e-01,6.603773584905682503e-02,3.636363636363635909e-01,1.872659176029952592e-03,0.000000000000000000e+00,0.000000000000000000e+00,0.000000000000000000e+00,0.000000000000000000e+00,0.000000000000000000e+00,1.000000000000000000e+00,4.074074074074082036e-02,9.814814814814815103e-01,1.000000000000000000e+00,5.000000000000000000e-01,3.275862068965523233e-01,5.714285714285715079e-01,7.500000000000000000e-01,0.000000000000000000e+00,0.000000000000000000e+00,7.500000000000000000e-01,4.628099173553713586e-01,8.333333333333333703e-01,0.000000000000000000e+00,0.000000000000000000e+00,0.000000000000000000e+00,0.000000000000000000e+00,0.000000000000000000e+00
0.000000000000000000e+00,9.923664122137404453e-01,0.000000000000000000e+00,0.000000000000000000e+00,0.000000000000000000e+00,1.363636363636363535e-01,9.166666666666665186e-01,5.202312138728327345e-02,0.000000000000000000e+00,5.000000000000000000e-01,0.000000000000000000e+00,0.000000000000000000e+00,0.000000000000000000e+00,0.000000000000000000e+00,0.000000000000000000e+00,0.000000000000000000e+00,9.930200093066542388e-01,9.558521560574949616e-01,8.651685393258424783e-01,0.000000000000000000e+00,1.000000000000000000e+00,0.000000000000000000e+00,4.999999999999998890e-01,0.000000000000000000e+00,1.000000000000000000e+00,4.999999999999997224e-01,6.603773584905682503e-02,3.636363636363635909e-01,1.872659176029952592e-03,0.000000000000000000e+00,0.000000000000000000e+00,0.000000000000000000e+00,0.000000000000000000e+00,0.000000000000000000e+00,7.857142857142858094e-01,4.074074074074082036e-02,9.814814814814815103e-01,1.000000000000000000e+00,5.000000000000000000e-01,1.551724137931037584e-01,5.714285714285715079e-01,7.500000000000000000e-01,0.000000000000000000e+00,0.000000000000000000e+00,7.500000000000000000e-01,4.628099173553713586e-01,8.333333333333333703e-01,0.000000000000000000e+00,0.000000000000000000e+00,0.000000000000000000e+00,0.000000000000000000e+00,0.000000000000000000e+00
0.000000000000000000e+00,9.923664122137404453e-01,0.000000000000000000e+00,0.000000000000000000e+00,0.000000000000000000e+00,1.363636363636363535e-01,9.166666666666665186e-01,5.202312138728327345e-02,0.000000000000000000e+00,5.000000000000000000e-01,0.000000000000000000e+00,0.000000000000000000e+00,0.000000000000000000e+00,0.000000000000000000e+00,0.000000000000000000e+00,0.000000000000000000e+00,9.930200093066542388e-01,9.558521560574949616e-01,8.614232209737827661e-01,0.000000000000000000e+00,1.000000000000000000e+00,0.000000000000000000e+00,4.999999999999998890e-01,0.000000000000000000e+00,1.000000000000000000e+00,4.999999999999997224e-01,6.603773584905682503e-02,3.636363636363635909e-01,1.872659176029952592e-03,0.000000000000000000e+00,0.000000000000000000e+00,0.000000000000000000e+00,0.000000000000000000e+00,0.000000000000000000e+00,7.857142857142858094e-01,4.074074074074082036e-02,9.814814814814815103e-01,1.000000000000000000e+00,5.000000000000000000e-01,1.724137931034485927e-01,5.714285714285715079e-01,7.500000000000000000e-01,0.000000000000000000e+00,0.000000000000000000e+00,1.000000000000000000e+00,4.628099173553713586e-01,8.333333333333333703e-01,0.000000000000000000e+00,0.000000000000000000e+00,0.000000000000000000e+00,0.000000000000000000e+00,0.000000000000000000e+00
0.000000000000000000e+00,9.923664122137404453e-01,0.000000000000000000e+00,0.000000000000000000e+00,0.000000000000000000e+00,1.363636363636363535e-01,9.166666666666665186e-01,5.202312138728327345e-02,0.000000000000000000e+00,5.000000000000000000e-01,0.000000000000000000e+00,0.000000000000000000e+00,0.000000000000000000e+00,0.000000000000000000e+00,0.000000000000000000e+00,0.000000000000000000e+00,9.930200093066542388e-01,9.548254620123204361e-01,8.614232209737827661e-01,0.000000000000000000e+00,1.000000000000000000e+00,0.000000000000000000e+00,4.999999999999998890e-01,0.000000000000000000e+00,1.000000000000000000e+00,4.999999999999997224e-01,6.603773584905682503e-02,3.636363636363635909e-01,3.745318352059932940e-03,0.000000000000000000e+00,0.000000000000000000e+00,0.000000000000000000e+00,0.000000000000000000e+00,0.000000000000000000e+00,7.857142857142858094e-01,4.074074074074082036e-02,9.814814814814815103e-01,6.929824561403512551e-01,5.000000000000000000e-01,3.448275862068971853e-01,5.714285714285715079e-01,7.500000000000000000e-01,0.000000000000000000e+00,0.000000000000000000e+00,1.000000000000000000e+00,4.628099173553713586e-01,8.333333333333333703e-01,0.000000000000000000e+00,0.000000000000000000e+00,0.000000000000000000e+00,0.000000000000000000e+00,0.000000000000000000e+00
0.000000000000000000e+00,9.923664122137404453e-01,0.000000000000000000e+00,0.000000000000000000e+00,0.000000000000000000e+00,1.363636363636363535e-01,9.166666666666665186e-01,5.202312138728327345e-02,0.000000000000000000e+00,5.000000000000000000e-01,0.000000000000000000e+00,0.000000000000000000e+00,0.000000000000000000e+00,0.000000000000000000e+00,0.000000000000000000e+00,0.000000000000000000e+00,9.930200093066542388e-01,9.548254620123204361e-01,8.614232209737827661e-01,0.000000000000000000e+00,1.000000000000000000e+00,0.000000000000000000e+00,4.999999999999998890e-01,0.000000000000000000e+00,1.000000000000000000e+00,4.999999999999997224e-01,6.603773584905682503e-02,3.636363636363635909e-01,3.745318352059932940e-03,0.000000000000000000e+00,0.000000000000000000e+00,0.000000000000000000e+00,0.000000000000000000e+00,0.000000000000000000e+00,7.857142857142858094e-01,4.074074074074082036e-02,9.814814814814815103e-01,6.929824561403512551e-01,5.000000000000000000e-01,3.448275862068971853e-01,5.714285714285715079e-01,7.500000000000000000e-01,0.000000000000000000e+00,0.000000000000000000e+00,1.000000000000000000e+00,4.628099173553713586e-01,8.333333333333333703e-01,0.000000000000000000e+00,0.000000000000000000e+00,0.000000000000000000e+00,0.000000000000000000e+00,0.000000000000000000e+00
0.000000000000000000e+00,9.923664122137404453e-01,0.000000000000000000e+00,0.000000000000000000e+00,0.000000000000000000e+00,1.363636363636363535e-01,9.166666666666665186e-01,5.202312138728327345e-02,0.000000000000000000e+00,5.000000000000000000e-01,0.000000000000000000e+00,0.000000000000000000e+00,0.000000000000000000e+00,0.000000000000000000e+00,0.000000000000000000e+00,0.000000000000000000e+00,9.953466728711027889e-01,9.548254620123204361e-01,8.576779026217227209e-01,0.000000000000000000e+00,1.000000000000000000e+00,0.000000000000000000e+00,4.999999999999998890e-01,0.000000000000000000e+00,1.000000000000000000e+00,4.999999999999997224e-01,4.716981132075472039e-02,3.636363636363635909e-01,3.745318352059932940e-03,0.000000000000000000e+00,0.000000000000000000e+00,0.000000000000000000e+00,0.000000000000000000e+00,0.000000000000000000e+00,7.857142857142858094e-01,4.074074074074082036e-02,9.814814814814815103e-01,6.929824561403512551e-01,5.000000000000000000e-01,5.517241379310335869e-01,5.714285714285715079e-01,7.500000000000000000e-01,0.000000000000000000e+00,0.000000000000000000e+00,1.000000000000000000e+00,4.628099173553713586e-01,8.333333333333333703e-01,0.000000000000000000e+00,0.000000000000000000e+00,0.000000000000000000e+00,0.000000000000000000e+00,0.000000000000000000e+00
0.000000000000000000e+00,9.923664122137404453e-01,0.000000000000000000e+00,0.000000000000000000e+00,0.000000000000000000e+00,1.363636363636363535e-01,9.166666666666665186e-01,5.202312138728327345e-02,0.000000000000000000e+00,5.000000000000000000e-01,0.000000000000000000e+00,0.000000000000000000e+00,0.000000000000000000e+00,0.000000000000000000e+00,0.000000000000000000e+00,0.000000000000000000e+00,9.976733364355513389e-01,9.548254620123204361e-01,8.539325842696627866e-01,0.000000000000000000e+00,1.000000000000000000e+00,0.000000000000000000e+00,4.999999999999998890e-01,0.000000000000000000e+00,1.000000000000000000e+00,4.999999999999997224e-01,4.716981132075472039e-02,3.636363636363635909e-01,3.745318352059932940e-03,0.000000000000000000e+00,0.000000000000000000e+00,0.000000000000000000e+00,0.000000000000000000e+00,0.000000000000000000e+00,7.857142857142858094e-01,4.074074074074082036e-02,9.814814814814815103e-01,6.929824561403512551e-01,5.000000000000000000e-01,6.206896551724130351e-01,7.142857142857143016e-01,7.500000000000000000e-01,0.000000000000000000e+00,0.000000000000000000e+00,7.500000000000000000e-01,4.628099173553713586e-01,8.333333333333333703e-01,0.000000000000000000e+00,0.000000000000000000e+00,0.000000000000000000e+00,0.000000000000000000e+00,0.000000000000000000e+00
0.000000000000000000e+00,9.923664122137404453e-01,0.000000000000000000e+00,0.000000000000000000e+00,0.000000000000000000e+00,1.363636363636363535e-01,9.166666666666665186e-01,5.202312138728327345e-02,0.000000000000000000e+00,5.000000000000000000e-01,0.000000000000000000e+00,0.000000000000000000e+00,0.000000000000000000e+00,0.000000000000000000e+00,0.000000000000000000e+00,0.000000000000000000e+00,9.976733364355513389e-01,9.548254620123204361e-01,8.539325842696627866e-01,0.000000000000000000e+00,1.000000000000000000e+00,0.000000000000000000e+00,4.999999999999998890e-01,0.000000000000000000e+00,1.000000000000000000e+00,4.999999999999997224e-01,4.716981132075472039e-02,3.636363636363635909e-01,3.745318352059932940e-03,0.000000000000000000e+00,0.000000000000000000e+00,0.000000000000000000e+00,0.000000000000000000e+00,0.000000000000000000e+00,7.857142857142858094e-01,4.074074074074082036e-02,9.814814814814815103e-01,6.929824561403512551e-01,3.750000000000000000e-01,5.862068965517233110e-01,1.000000000000000000e+00,7.500000000000000000e-01,0.000000000000000000e+00,0.000000000000000000e+00,7.500000000000000000e-01,4.628099173553713586e-01,8.333333333333333703e-01,0.000000000000000000e+00,0.000000000000000000e+00,0.000000000000000000e+00,0.000000000000000000e+00,0.000000000000000000e+00
0.000000000000000000e+00,9.923664122137404453e-01,0.000000000000000000e+00,0.000000000000000000e+00,0.000000000000000000e+00,1.363636363636363535e-01,8.888888888888885065e-01,5.202312138728327345e-02,0.000000000000000000e+00,5.000000000000000000e-01,0.000000000000000000e+00,0.000000000000000000e+00,0.000000000000000000e+00,0.000000000000000000e+00,0.000000000000000000e+00,0.000000000000000000e+00,9.976733364355513389e-01,9.548254620123204361e-01,8.501872659176028524e-01,0.000000000000000000e+00,1.000000000000000000e+00,0.000000000000000000e+00,4.999999999999998890e-01,0.000000000000000000e+00,1.000000000000000000e+00,4.999999999999997224e-01,4.716981132075563458e-03,3.636363636363635909e-01,3.745318352059932940e-03,0.000000000000000000e+00,0.000000000000000000e+00,0.000000000000000000e+00,0.000000000000000000e+00,0.000000000000000000e+00,7.857142857142858094e-01,4.074074074074082036e-02,9.814814814814815103e-01,6.929824561403512551e-01,2.500000000000000000e-01,4.827586206896560816e-01,1.000000000000000000e+00,7.500000000000000000e-01,0.000000000000000000e+00,0.000000000000000000e+00,7.500000000000000000e-01,4.628099173553713586e-01,8.333333333333333703e-01,0.000000000000000000e+00,0.000000000000000000e+00,0.000000000000000000e+00,0.000000000000000000e+00,0.000000000000000000e+00
0.000000000000000000e+00,9.923664122137404453e-01,0.000000000000000000e+00,0.000000000000000000e+00,0.000000000000000000e+00,1.363636363636363535e-01,8.888888888888885065e-01,5.202312138728327345e-02,0.000000000000000000e+00,5.000000000000000000e-01,0.000000000000000000e+00,0.000000000000000000e+00,0.000000000000000000e+00,0.000000000000000000e+00,0.000000000000000000e+00,0.000000000000000000e+00,9.953466728711027889e-01,9.558521560574949616e-01,8.501872659176028524e-01,0.000000000000000000e+00,1.000000000000000000e+00,0.000000000000000000e+00,4.999999999999998890e-01,0.000000000000000000e+00,1.000000000000000000e+00,4.999999999999997224e-01,4.716981132075563458e-03,3.636363636363635909e-01,3.745318352059932940e-03,0.000000000000000000e+00,0.000000000000000000e+00,0.000000000000000000e+00,0.000000000000000000e+00,0.000000000000000000e+00,9.285714285714287142e-01,4.074074074074082036e-02,9.814814814814815103e-01,6.929824561403512551e-01,2.500000000000000000e-01,3.620689655172420474e-01,1.000000000000000000e+00,6.666666666666667407e-01,0.000000000000000000e+00,0.000000000000000000e+00,7.500000000000000000e-01,4.628099173553713586e-01,6.666666666666667407e-01,0.000000000000000000e+00,0.000000000000000000e+00,0.000000000000000000e+00,0.000000000000000000e+00,0.000000000000000000e+00
0.000000000000000000e+00,9.923664122137404453e-01,0.000000000000000000e+00,0.000000000000000000e+00,0.000000000000000000e+00,1.363636363636363535e-01,8.888888888888885065e-01,5.202312138728327345e-02,0.000000000000000000e+00,5.000000000000000000e-01,0.000000000000000000e+00,0.000000000000000000e+00,0.000000000000000000e+00,0.000000000000000000e+00,0.000000000000000000e+00,0.000000000000000000e+00,9.930200093066542388e-01,9.568788501026694870e-01,8.501872659176028524e-01,0.000000000000000000e+00,1.000000000000000000e+00,0.000000000000000000e+00,4.999999999999998890e-01,0.000000000000000000e+00,1.000000000000000000e+00,4.999999999999997224e-01,4.716981132075563458e-03,3.636363636363635909e-01,3.745318352059932940e-03,0.000000000000000000e+00,0.000000000000000000e+00,0.000000000000000000e+00,0.000000000000000000e+00,0.000000000000000000e+00,1.000000000000000000e+00,4.074074074074082036e-02,9.814814814814815103e-01,6.929824561403512551e-01,3.750000000000000000e-01,3.965517241379317714e-01,7.142857142857143016e-01,6.666666666666667407e-01,0.000000000000000000e+00,0.000000000000000000e+00,7.500000000000000000e-01,4.628099173553713586e-01,6.666666666666667407e-01,0.000000000000000000e+00,0.000000000000000000e+00,0.000000000000000000e+00,0.000000000000000000e+00,0.000000000000000000e+00
0.000000000000000000e+00,9.923664122137404453e-01,0.000000000000000000e+00,0.000000000000000000e+00,0.000000000000000000e+00,1.363636363636363535e-01,8.888888888888885065e-01,5.202312138728327345e-02,0.000000000000000000e+00,5.000000000000000000e-01,0.000000000000000000e+00,0.000000000000000000e+00,0.000000000000000000e+00,0.000000000000000000e+00,0.000000000000000000e+00,0.000000000000000000e+00,9.930200093066542388e-01,9.568788501026694870e-01,8.464419475655430292e-01,0.000000000000000000e+00,1.000000000000000000e+00,0.000000000000000000e+00,4.999999999999998890e-01,0.000000000000000000e+00,1.000000000000000000e+00,4.999999999999997224e-01,4.716981132075563458e-03,5.454545454545454142e-01,5.617977528089885750e-03,0.000000000000000000e+00,0.000000000000000000e+00,0.000000000000000000e+00,0.000000000000000000e+00,0.000000000000000000e+00,1.000000000000000000e+00,4.074074074074082036e-02,9.814814814814815103e-01,6.929824561403512551e-01,3.750000000000000000e-01,4.310344827586214955e-01,4.285714285714285476e-01,6.666666666666667407e-01,0.000000000000000000e+00,0.000000000000000000e+00,7.500000000000000000e-01,4.628099173553713586e-01,6.666666666666667407e-01,0.000000000000000000e+00,0.000000000000000000e+00,0.000000000000000000e+00,0.000000000000000000e+00,0.000000000000000000e+00
0.000000000000000000e+00,9.923664122137404453e-01,0.000000000000000000e+00,0.000000000000000000e+00,0.000000000000000000e+00,1.363636363636363535e-01,8.888888888888885065e-01,5.202312138728327345e-02,0.000000000000000000e+00,5.000000000000000000e-01,0.000000000000000000e+00,0.000000000000000000e+00,0.000000000000000000e+00,0.000000000000000000e+00,0.000000000000000000e+00,0.000000000000000000e+00,9.930200093066542388e-01,9.568788501026694870e-01,8.464419475655430292e-01,0.000000000000000000e+00,1.000000000000000000e+00,0.000000000000000000e+00,4.999999999999998890e-01,0.000000000000000000e+00,1.000000000000000000e+00,4.999999999999997224e-01,4.716981132075563458e-03,3.636363636363635909e-01,7.490636704119865881e-03,0.000000000000000000e+00,0.000000000000000000e+00,0.000000000000000000e+00,0.000000000000000000e+00,0.000000000000000000e+00,1.000000000000000000e+00,4.074074074074082036e-02,9.814814814814815103e-01,6.929824561403512551e-01,3.750000000000000000e-01,3.620689655172420474e-01,4.285714285714285476e-01,6.666666666666667407e-01,0.000000000000000000e+00,0.000000000000000000e+00,7.500000000000000000e-01,4.628099173553713586e-01,6.666666666666667407e-01,0.000000000000000000e+00,0.000000000000000000e+00,0.000000000000000000e+00,0.000000000000000000e+00,0.000000000000000000e+00
0.000000000000000000e+00,9.923664122137404453e-01,0.000000000000000000e+00,0.000000000000000000e+00,0.000000000000000000e+00,1.363636363636363535e-01,8.888888888888885065e-01,5.202312138728327345e-02,0.000000000000000000e+00,5.000000000000000000e-01,0.000000000000000000e+00,0.000000000000000000e+00,0.000000000000000000e+00,0.000000000000000000e+00,0.000000000000000000e+00,0.000000000000000000e+00,9.930200093066542388e-01,9.568788501026694870e-01,8.464419475655430292e-01,0.000000000000000000e+00,1.000000000000000000e+00,0.000000000000000000e+00,4.999999999999998890e-01,0.000000000000000000e+00,1.000000000000000000e+00,4.999999999999997224e-01,4.716981132075563458e-03,2.727272727272727071e-01,7.490636704119865881e-03,0.000000000000000000e+00,0.000000000000000000e+00,0.000000000000000000e+00,0.000000000000000000e+00,0.000000000000000000e+00,1.000000000000000000e+00,4.074074074074082036e-02,9.814814814814815103e-01,6.929824561403512551e-01,3.750000000000000000e-01,2.586206896551728751e-01,4.285714285714285476e-01,6.666666666666667407e-01,0.000000000000000000e+00,0.000000000000000000e+00,7.500000000000000000e-01,4.628099173553713586e-01,6.666666666666667407e-01,0.000000000000000000e+00,0.000000000000000000e+00,0.000000000000000000e+00,0.000000000000000000e+00,0.000000000000000000e+00
0.000000000000000000e+00,9.923664122137404453e-01,0.000000000000000000e+00,0.000000000000000000e+00,0.000000000000000000e+00,1.363636363636363535e-01,9.166666666666665186e-01,5.202312138728327345e-02,0.000000000000000000e+00,5.000000000000000000e-01,0.000000000000000000e+00,0.000000000000000000e+00,0.000000000000000000e+00,0.000000000000000000e+00,0.000000000000000000e+00,0.000000000000000000e+00,9.930200093066542388e-01,9.579055441478440125e-01,8.464419475655430292e-01,0.000000000000000000e+00,1.000000000000000000e+00,0.000000000000000000e+00,4.999999999999998890e-01,0.000000000000000000e+00,1.000000000000000000e+00,4.999999999999997224e-01,4.716981132075563458e-03,2.727272727272727071e-01,7.490636704119865881e-03,0.000000000000000000e+00,0.000000000000000000e+00,0.000000000000000000e+00,0.000000000000000000e+00,0.000000000000000000e+00,9.285714285714287142e-01,4.074074074074082036e-02,9.814814814814815103e-01,6.929824561403512551e-01,3.750000000000000000e-01,2.931034482758625992e-01,5.714285714285715079e-01,6.666666666666667407e-01,0.000000000000000000e+00,0.000000000000000000e+00,7.500000000000000000e-01,4.628099173553713586e-01,6.666666666666667407e-01,0.000000000000000000e+00,0.000000000000000000e+00,0.000000000000000000e+00,0.000000000000000000e+00,0.000000000000000000e+00
0.000000000000000000e+00,9.923664122137404453e-01,0.000000000000000000e+00,0.000000000000000000e+00,0.000000000000000000e+00,1.363636363636363535e-01,9.166666666666665186e-01,5.202312138728327345e-02,0.000000000000000000e+00,5.000000000000000000e-01,0.000000000000000000e+00,0.000000000000000000e+00,0.000000000000000000e+00,0.000000000000000000e+00,0.000000000000000000e+00,0.000000000000000000e+00,9.930200093066542388e-01,9.579055441478440125e-01,8.426966292134830949e-01,0.000000000000000000e+00,1.000000000000000000e+00,0.000000000000000000e+00,4.999999999999998890e-01,0.000000000000000000e+00,1.000000000000000000e+00,4.999999999999997224e-01,4.716981132075563458e-03,9.090909090909086998e-02,7.490636704119865881e-03,0.000000000000000000e+00,0.000000000000000000e+00,0.000000000000000000e+00,0.000000000000000000e+00,0.000000000000000000e+00,8.571428571428572063e-01,4.074074074074082036e-02,9.814814814814815103e-01,6.929824561403512551e-01,3.750000000000000000e-01,5.344827586206888359e-01,5.714285714285715079e-01,6.666666666666667407e-01,0.000000000000000000e+00,0.000000000000000000e+00,7.500000000000000000e-01,4.628099173553713586e-01,6.666666666666667407e-01,0.000000000000000000e+00,0.000000000000000000e+00,0.000000000000000000e+00,0.000000000000000000e+00,0.000000000000000000e+00
0.000000000000000000e+00,9.923664122137404453e-01,0.000000000000000000e+00,0.000000000000000000e+00,0.000000000000000000e+00,1.363636363636363535e-01,9.166666666666665186e-01,5.202312138728327345e-02,0.000000000000000000e+00,5.000000000000000000e-01,0.000000000000000000e+00,0.000000000000000000e+00,0.000000000000000000e+00,0.000000000000000000e+00,0.000000000000000000e+00,0.000000000000000000e+00,9.930200093066542388e-01,9.579055441478440125e-01,8.426966292134830949e-01,0.000000000000000000e+00,1.000000000000000000e+00,0.000000000000000000e+00,4.999999999999998890e-01,0.000000000000000000e+00,1.000000000000000000e+00,4.999999999999997224e-01,4.716981132075563458e-03,9.090909090909086998e-02,9.363295880149818257e-03,0.000000000000000000e+00,0.000000000000000000e+00,0.000000000000000000e+00,0.000000000000000000e+00,0.000000000000000000e+00,8.571428571428572063e-01,4.074074074074082036e-02,9.814814814814815103e-01,6.929824561403512551e-01,3.750000000000000000e-01,5.344827586206888359e-01,7.142857142857143016e-01,6.666666666666667407e-01,0.000000000000000000e+00,0.000000000000000000e+00,7.500000000000000000e-01,4.628099173553713586e-01,6.666666666666667407e-01,0.000000000000000000e+00,0.000000000000000000e+00,0.000000000000000000e+00,0.000000000000000000e+00,0.000000000000000000e+00
0.000000000000000000e+00,9.961832061068702782e-01,0.000000000000000000e+00,0.000000000000000000e+00,0.000000000000000000e+00,1.363636363636363535e-01,9.166666666666665186e-01,5.202312138728327345e-02,0.000000000000000000e+00,5.000000000000000000e-01,0.000000000000000000e+00,0.000000000000000000e+00,0.000000000000000000e+00,0.000000000000000000e+00,0.000000000000000000e+00,0.000000000000000000e+00,9.930200093066542388e-01,9.568788501026694870e-01,8.389513108614230497e-01,0.000000000000000000e+00,1.000000000000000000e+00,0.000000000000000000e+00,4.999999999999998890e-01,0.000000000000000000e+00,1.000000000000000000e+00,4.999999999999997224e-01,4.716981132075563458e-03,2.727272727272727071e-01,9.363295880149818257e-03,0.000000000000000000e+00,0.000000000000000000e+00,0.000000000000000000e+00,0.000000000000000000e+00,0.000000000000000000e+00,8.571428571428572063e-01,4.074074074074082036e-02,9.814814814814815103e-01,6.929824561403512551e-01,3.750000000000000000e-01,5.344827586206888359e-01,7.142857142857143016e-01,6.666666666666667407e-01,0.000000000000000000e+00,0.000000000000000000e+00,7.500000000000000000e-01,4.628099173553713586e-01,6.666666666666667407e-01,0.000000000000000000e+00,0.000000000000000000e+00,0.000000000000000000e+00,0.000000000000000000e+00,0.000000000000000000e+00
0.000000000000000000e+00,9.961832061068702782e-01,0.000000000000000000e+00,0.000000000000000000e+00,0.000000000000000000e+00,1.363636363636363535e-01,9.166666666666665186e-01,5.202312138728327345e-02,0.000000000000000000e+00,5.000000000000000000e-01,0.000000000000000000e+00,0.000000000000000000e+00,0.000000000000000000e+00,0.000000000000000000e+00,0.000000000000000000e+00,0.000000000000000000e+00,9.953466728711027889e-01,9.568788501026694870e-01,8.389513108614230497e-01,0.000000000000000000e+00,1.000000000000000000e+00,0.000000000000000000e+00,4.999999999999998890e-01,0.000000000000000000e+00,1.000000000000000000e+00,4.999999999999997224e-01,4.716981132075563458e-03,2.727272727272727071e-01,9.363295880149818257e-03,0.000000000000000000e+00,0.000000000000000000e+00,0.000000000000000000e+00,0.000000000000000000e+00,0.000000000000000000e+00,8.571428571428572063e-01,4.074074074074082036e-02,9.814814814814815103e-01,6.929824561403512551e-01,3.750000000000000000e-01,5.172413793103457502e-01,7.142857142857143016e-01,6.666666666666667407e-01,0.000000000000000000e+00,0.000000000000000000e+00,7.500000000000000000e-01,4.628099173553713586e-01,6.666666666666667407e-01,0.000000000000000000e+00,0.000000000000000000e+00,0.000000000000000000e+00,0.000000000000000000e+00,0.000000000000000000e+00
0.000000000000000000e+00,9.961832061068702782e-01,0.000000000000000000e+00,0.000000000000000000e+00,0.000000000000000000e+00,1.363636363636363535e-01,9.166666666666665186e-01,5.202312138728327345e-02,0.000000000000000000e+00,5.000000000000000000e-01,0.000000000000000000e+00,0.000000000000000000e+00,0.000000000000000000e+00,0.000000000000000000e+00,0.000000000000000000e+00,0.000000000000000000e+00,9.953466728711027889e-01,9.568788501026694870e-01,8.352059925093633375e-01,0.000000000000000000e+00,1.000000000000000000e+00,0.000000000000000000e+00,4.999999999999998890e-01,0.000000000000000000e+00,1.000000000000000000e+00,4.999999999999997224e-01,4.716981132075563458e-03,1.818181818181817955e-01,9.363295880149818257e-03,0.000000000000000000e+00,0.000000000000000000e+00,0.000000000000000000e+00,0.000000000000000000e+00,0.000000000000000000e+00,8.571428571428572063e-01,4.074074074074082036e-02,9.814814814814815103e-01,6.929824561403512551e-01,3.750000000000000000e-01,2.413793103448280408e-01,7.142857142857143016e-01,6.666666666666667407e-01,0.000000000000000000e+00,0.000000000000000000e+00,7.500000000000000000e-01,4.628099173553713586e-01,6.666666666666667407e-01,0.000000000000000000e+00,0.000000000000000000e+00,0.000000000000000000e+00,0.000000000000000000e+00,0.000000000000000000e+00
0.000000000000000000e+00,9.961832061068702782e-01,0.000000000000000000e+00,0.000000000000000000e+00,0.000000000000000000e+00,1.363636363636363535e-01,9.444444444444444198e-01,5.202312138728327345e-02,0.000000000000000000e+00,5.000000000000000000e-01,0.000000000000000000e+00,0.000000000000000000e+00,0.000000000000000000e+00,0.000000000000000000e+00,0.000000000000000000e+00,0.000000000000000000e+00,9.953466728711027889e-01,9.568788501026694870e-01,8.314606741573031812e-01,0.000000000000000000e+00,1.000000000000000000e+00,0.000000000000000000e+00,4.999999999999998890e-01,0.000000000000000000e+00,1.000000000000000000e+00,4.999999999999997224e-01,4.716981132075563458e-03,1.818181818181817955e-01,9.363295880149818257e-03,0.000000000000000000e+00,0.000000000000000000e+00,0.000000000000000000e+00,0.000000000000000000e+00,0.000000000000000000e+00,8.571428571428572063e-01,4.074074074074082036e-02,9.814814814814815103e-01,6.929824561403512551e-01,3.750000000000000000e-01,1.379310344827588963e-01,5.714285714285715079e-01,6.666666666666667407e-01,0.000000000000000000e+00,0.000000000000000000e+00,7.500000000000000000e-01,4.628099173553713586e-01,6.666666666666667407e-01,0.000000000000000000e+00,0.000000000000000000e+00,0.000000000000000000e+00,0.000000000000000000e+00,0.000000000000000000e+00
0.000000000000000000e+00,9.961832061068702782e-01,0.000000000000000000e+00,0.000000000000000000e+00,0.000000000000000000e+00,1.363636363636363535e-01,9.444444444444444198e-01,5.202312138728327345e-02,0.000000000000000000e+00,5.000000000000000000e-01,0.000000000000000000e+00,0.000000000000000000e+00,0.000000000000000000e+00,0.000000000000000000e+00,0.000000000000000000e+00,0.000000000000000000e+00,9.953466728711027889e-01,9.568788501026694870e-01,8.314606741573031812e-01,0.000000000000000000e+00,1.000000000000000000e+00,0.000000000000000000e+00,4.999999999999998890e-01,0.000000000000000000e+00,1.000000000000000000e+00,4.999999999999997224e-01,4.716981132075563458e-03,4.545454545454545303e-01,9.363295880149818257e-03,0.000000000000000000e+00,0.000000000000000000e+00,0.000000000000000000e+00,0.000000000000000000e+00,0.000000000000000000e+00,8.571428571428572063e-01,4.074074074074082036e-02,9.814814814814815103e-01,6.929824561403512551e-01,3.750000000000000000e-01,1.896551724137934547e-01,5.714285714285715079e-01,6.666666666666667407e-01,0.000000000000000000e+00,0.000000000000000000e+00,7.500000000000000000e-01,4.628099173553713586e-01,6.666666666666667407e-01,0.000000000000000000e+00,0.000000000000000000e+00,0.000000000000000000e+00,0.000000000000000000e+00,0.000000000000000000e+00
0.000000000000000000e+00,1.000000000000000000e+00,0.000000000000000000e+00,0.000000000000000000e+00,0.000000000000000000e+00,1.363636363636363535e-01,9.444444444444444198e-01,5.202312138728327345e-02,0.000000000000000000e+00,5.000000000000000000e-01,0.000000000000000000e+00,0.000000000000000000e+00,0.000000000000000000e+00,0.000000000000000000e+00,0.000000000000000000e+00,0.000000000000000000e+00,9.953466728711027889e-01,9.568788501026694870e-01,8.277153558052433580e-01,0.000000000000000000e+00,1.000000000000000000e+00,0.000000000000000000e+00,4.999999999999998890e-01,0.000000000000000000e+00,1.000000000000000000e+00,4.999999999999997224e-01,4.716981132075563458e-03,4.545454545454545303e-01,1.123595505617979926e-02,0.000000000000000000e+00,0.000000000000000000e+00,0.000000000000000000e+00,0.000000000000000000e+00,0.000000000000000000e+00,8.571428571428572063e-01,4.074074074074082036e-02,9.814814814814815103e-01,6.929824561403512551e-01,3.750000000000000000e-01,1.896551724137934547e-01,1.000000000000000000e+00,6.666666666666667407e-01,0.000000000000000000e+00,0.000000000000000000e+00,7.500000000000000000e-01,4.628099173553713586e-01,6.666666666666667407e-01,0.000000000000000000e+00,0.000000000000000000e+00,0.000000000000000000e+00,0.000000000000000000e+00,0.000000000000000000e+00
0.000000000000000000e+00,1.000000000000000000e+00,0.000000000000000000e+00,0.000000000000000000e+00,0.000000000000000000e+00,1.363636363636363535e-01,9.444444444444444198e-01,5.202312138728327345e-02,0.000000000000000000e+00,5.000000000000000000e-01,0.000000000000000000e+00,0.000000000000000000e+00,0.000000000000000000e+00,0.000000000000000000e+00,0.000000000000000000e+00,0.000000000000000000e+00,9.930200093066542388e-01,9.568788501026694870e-01,8.277153558052433580e-01,0.000000000000000000e+00,1.000000000000000000e+00,0.000000000000000000e+00,4.999999999999998890e-01,0.000000000000000000e+00,1.000000000000000000e+00,4.999999999999997224e-01,4.716981132075563458e-03,4.545454545454545303e-01,1.310861423220964148e-02,0.000000000000000000e+00,0.000000000000000000e+00,0.000000000000000000e+00,0.000000000000000000e+00,0.000000000000000000e+00,8.571428571428572063e-01,4.074074074074082036e-02,9.814814814814815103e-01,6.929824561403512551e-01,2.500000000000000000e-01,2.068965517241383167e-01,1.000000000000000000e+00,6.666666666666667407e-01,0.000000000000000000e+00,0.000000000000000000e+00,7.500000000000000000e-01,4.628099173553713586e-01,6.666666666666667407e-01,0.000000000000000000e+00,0.000000000000000000e+00,0.000000000000000000e+00,0.000000000000000000e+00,0.000000000000000000e+00
0.000000000000000000e+00,9.961832061068702782e-01,0.000000000000000000e+00,0.000000000000000000e+00,0.000000000000000000e+00,1.363636363636363535e-01,9.444444444444444198e-01,5.202312138728327345e-02,0.000000000000000000e+00,5.000000000000000000e-01,0.000000000000000000e+00,0.000000000000000000e+00,0.000000000000000000e+00,0.000000000000000000e+00,0.000000000000000000e+00,0.000000000000000000e+00,9.906933457422055778e-01,9.568788501026694870e-01,8.277153558052433580e-01,0.000000000000000000e+00,1.000000000000000000e+00,0.000000000000000000e+00,4.999999999999998890e-01,0.000000000000000000e+00,1.000000000000000000e+00,4.999999999999997224e-01,4.716981132075563458e-03,4.545454545454545303e-01,1.123595505617979926e-02,0.000000000000000000e+00,0.000000000000000000e+00,0.000000000000000000e+00,0.000000000000000000e+00,0.000000000000000000e+00,8.571428571428572063e-01,4.074074074074082036e-02,9.814814814814815103e-01,6.929824561403512551e-01,2.500000000000000000e-01,3.448275862068971853e-01,1.000000000000000000e+00,6.666666666666667407e-01,0.000000000000000000e+00,0.000000000000000000e+00,7.500000000000000000e-01,4.628099173553713586e-01,6.666666666666667407e-01,0.000000000000000000e+00,0.000000000000000000e+00,0.000000000000000000e+00,0.000000000000000000e+00,0.000000000000000000e+00
0.000000000000000000e+00,9.961832061068702782e-01,0.000000000000000000e+00,0.000000000000000000e+00,0.000000000000000000e+00,1.363636363636363535e-01,9.444444444444444198e-01,5.202312138728327345e-02,0.000000000000000000e+00,5.000000000000000000e-01,0.000000000000000000e+00,0.000000000000000000e+00,0.000000000000000000e+00,0.000000000000000000e+00,0.000000000000000000e+00,0.000000000000000000e+00,9.906933457422055778e-01,9.568788501026694870e-01,8.239700374531834237e-01,0.000000000000000000e+00,1.000000000000000000e+00,0.000000000000000000e+00,4.999999999999998890e-01,0.000000000000000000e+00,1.000000000000000000e+00,4.999999999999997224e-01,4.716981132075563458e-03,4.545454545454545303e-01,1.310861423220964148e-02,0.000000000000000000e+00,0.000000000000000000e+00,0.000000000000000000e+00,0.000000000000000000e+00,0.000000000000000000e+00,8.571428571428572063e-01,4.074074074074082036e-02,9.814814814814815103e-01,6.929824561403512551e-01,2.500000000000000000e-01,2.931034482758625992e-01,1.000000000000000000e+00,6.666666666666667407e-01,0.000000000000000000e+00,0.000000000000000000e+00,7.500000000000000000e-01,4.628099173553713586e-01,6.666666666666667407e-01,0.000000000000000000e+00,0.000000000000000000e+00,0.000000000000000000e+00,0.000000000000000000e+00,0.000000000000000000e+00
0.000000000000000000e+00,1.000000000000000000e+00,0.000000000000000000e+00,0.000000000000000000e+00,0.000000000000000000e+00,1.363636363636363535e-01,9.444444444444444198e-01,5.202312138728327345e-02,0.000000000000000000e+00,5.000000000000000000e-01,0.000000000000000000e+00,0.000000000000000000e+00,0.000000000000000000e+00,0.000000000000000000e+00,0.000000000000000000e+00,0.000000000000000000e+00,9.883666821777570277e-01,9.568788501026694870e-01,8.239700374531834237e-01,0.000000000000000000e+00,1.000000000000000000e+00,0.000000000000000000e+00,4.999999999999998890e-01,0.000000000000000000e+00,1.000000000000000000e+00,4.999999999999997224e-01,4.716981132075563458e-03,4.545454545454545303e-01,1.310861423220964148e-02,0.000000000000000000e+00,0.000000000000000000e+00,0.000000000000000000e+00,0.000000000000000000e+00,0.000000000000000000e+00,8.571428571428572063e-01,4.074074074074082036e-02,9.814814814814815103e-01,6.929824561403512551e-01,3.750000000000000000e-01,3.620689655172420474e-01,1.000000000000000000e+00,6.666666666666667407e-01,0.000000000000000000e+00,0.000000000000000000e+00,7.500000000000000000e-01,4.628099173553713586e-01,1.000000000000000000e+00,0.000000000000000000e+00,0.000000000000000000e+00,0.000000000000000000e+00,0.000000000000000000e+00,0.000000000000000000e+00
0.000000000000000000e+00,1.000000000000000000e+00,0.000000000000000000e+00,0.000000000000000000e+00,0.000000000000000000e+00,1.363636363636363535e-01,9.444444444444444198e-01,5.202312138728327345e-02,0.000000000000000000e+00,5.000000000000000000e-01,0.000000000000000000e+00,0.000000000000000000e+00,0.000000000000000000e+00,0.000000000000000000e+00,0.000000000000000000e+00,0.000000000000000000e+00,9.883666821777570277e-01,9.568788501026694870e-01,8.202247191011233785e-01,0.000000000000000000e+00,1.000000000000000000e+00,0.000000000000000000e+00,4.999999999999998890e-01,0.000000000000000000e+00,1.000000000000000000e+00,4.999999999999997224e-01,4.716981132075563458e-03,4.545454545454545303e-01,1.310861423220964148e-02,0.000000000000000000e+00,0.000000000000000000e+00,0.000000000000000000e+00,0.000000000000000000e+00,0.000000000000000000e+00,8.571428571428572063e-01,4.074074074074082036e-02,9.814814814814815103e-01,6.929824561403512551e-01,3.750000000000000000e-01,4.655172413793112196e-01,8.571428571428570953e-01,6.666666666666667407e-01,0.000000000000000000e+00,0.000000000000000000e+00,7.500000000000000000e-01,4.628099173553713586e-01,1.000000000000000000e+00,0.000000000000000000e+00,0.000000000000000000e+00,0.000000000000000000e+00,0.000000000000000000e+00,0.000000000000000000e+00
0.000000000000000000e+00,1.000000000000000000e+00,0.000000000000000000e+00,0.000000000000000000e+00,0.000000000000000000e+00,1.363636363636363535e-01,9.444444444444444198e-01,5.202312138728327345e-02,0.000000000000000000e+00,5.000000000000000000e-01,0.000000000000000000e+00,0.000000000000000000e+00,0.000000000000000000e+00,0.000000000000000000e+00,0.000000000000000000e+00,0.000000000000000000e+00,9.883666821777570277e-01,9.568788501026694870e-01,8.164794007490636663e-01,0.000000000000000000e+00,1.000000000000000000e+00,0.000000000000000000e+00,4.999999999999998890e-01,0.000000000000000000e+00,1.000000000000000000e+00,4.999999999999997224e-01,4.716981132075563458e-03,3.636363636363635909e-01,1.310861423220964148e-02,0.000000000000000000e+00,0.000000000000000000e+00,0.000000000000000000e+00,0.000000000000000000e+00,0.000000000000000000e+00,7.857142857142858094e-01,4.074074074074082036e-02,9.814814814814815103e-01,6.929824561403512551e-01,5.000000000000000000e-01,4.827586206896560816e-01,8.571428571428570953e-01,6.666666666666667407e-01,0.000000000000000000e+00,0.000000000000000000e+00,1.000000000000000000e+00,4.628099173553713586e-01,1.000000000000000000e+00,0.000000000000000000e+00,0.000000000000000000e+00,0.000000000000000000e+00,0.000000000000000000e+00,0.000000000000000000e+00
0.000000000000000000e+00,9.961832061068702782e-01,0.000000000000000000e+00,0.000000000000000000e+00,0.000000000000000000e+00,1.363636363636363535e-01,9.444444444444444198e-01,5.202312138728327345e-02,0.000000000000000000e+00,5.000000000000000000e-01,0.000000000000000000e+00,0.000000000000000000e+00,0.000000000000000000e+00,0.000000000000000000e+00,0.000000000000000000e+00,0.000000000000000000e+00,9.906933457422055778e-01,9.568788501026694870e-01,8.164794007490636663e-01,0.000000000000000000e+00,1.000000000000000000e+00,0.000000000000000000e+00,4.999999999999998890e-01,0.000000000000000000e+00,1.000000000000000000e+00,4.999999999999997224e-01,4.716981132075563458e-03,1.818181818181817955e-01,1.310861423220964148e-02,0.000000000000000000e+00,0.000000000000000000e+00,0.000000000000000000e+00,0.000000000000000000e+00,0.000000000000000000e+00,6.428571428571429047e-01,4.074074074074082036e-02,9.814814814814815103e-01,6.929824561403512551e-01,6.249999999999998890e-01,4.827586206896560816e-01,8.571428571428570953e-01,6.666666666666667407e-01,0.000000000000000000e+00,0.000000000000000000e+00,1.000000000000000000e+00,4.628099173553713586e-01,1.000000000000000000e+00,0.000000000000000000e+00,0.000000000000000000e+00,0.000000000000000000e+00,0.000000000000000000e+00,0.000000000000000000e+00
0.000000000000000000e+00,9.961832061068702782e-01,0.000000000000000000e+00,0.000000000000000000e+00,0.000000000000000000e+00,1.363636363636363535e-01,9.444444444444444198e-01,5.202312138728327345e-02,0.000000000000000000e+00,5.000000000000000000e-01,0.000000000000000000e+00,0.000000000000000000e+00,0.000000000000000000e+00,0.000000000000000000e+00,0.000000000000000000e+00,0.000000000000000000e+00,9.930200093066542388e-01,9.568788501026694870e-01,8.127340823970035100e-01,0.000000000000000000e+00,1.000000000000000000e+00,0.000000000000000000e+00,4.999999999999998890e-01,0.000000000000000000e+00,1.000000000000000000e+00,4.999999999999997224e-01,4.716981132075563458e-03,1.818181818181817955e-01,1.498127340823962074e-02,0.000000000000000000e+00,0.000000000000000000e+00,0.000000000000000000e+00,0.000000000000000000e+00,0.000000000000000000e+00,6.428571428571429047e-01,4.074074074074082036e-02,9.814814814814815103e-01,6.929824561403512551e-01,6.249999999999998890e-01,3.965517241379317714e-01,8.571428571428570953e-01,6.666666666666667407e-01,0.000000000000000000e+00,0.000000000000000000e+00,1.000000000000000000e+00,4.628099173553713586e-01,1.000000000000000000e+00,0.000000000000000000e+00,0.000000000000000000e+00,0.000000000000000000e+00,0.000000000000000000e+00,0.000000000000000000e+00
0.000000000000000000e+00,9.961832061068702782e-01,0.000000000000000000e+00,0.000000000000000000e+00,0.000000000000000000e+00,1.363636363636363535e-01,9.444444444444444198e-01,5.202312138728327345e-02,0.000000000000000000e+00,5.000000000000000000e-01,0.000000000000000000e+00,0.000000000000000000e+00,0.000000000000000000e+00,0.000000000000000000e+00,0.000000000000000000e+00,0.000000000000000000e+00,9.930200093066542388e-01,9.568788501026694870e-01,8.089887640449436867e-01,0.000000000000000000e+00,1.000000000000000000e+00,0.000000000000000000e+00,4.999999999999998890e-01,0.000000000000000000e+00,1.000000000000000000e+00,4.999999999999997224e-01,4.716981132075563458e-03,1.818181818181817955e-01,1.310861423220964148e-02,0.000000000000000000e+00,0.000000000000000000e+00,0.000000000000000000e+00,0.000000000000000000e+00,0.000000000000000000e+00,6.428571428571429047e-01,4.074074074074082036e-02,9.814814814814815103e-01,6.929824561403512551e-01,6.249999999999998890e-01,3.620689655172420474e-01,8.571428571428570953e-01,6.666666666666667407e-01,0.000000000000000000e+00,0.000000000000000000e+00,1.000000000000000000e+00,4.628099173553713586e-01,1.000000000000000000e+00,0.000000000000000000e+00,0.000000000000000000e+00,0.000000000000000000e+00,0.000000000000000000e+00,0.000000000000000000e+00
0.000000000000000000e+00,9.961832061068702782e-01,0.000000000000000000e+00,0.000000000000000000e+00,0.000000000000000000e+00,1.363636363636363535e-01,9.444444444444444198e-01,5.202312138728327345e-02,0.000000000000000000e+00,5.000000000000000000e-01,0.000000000000000000e+00,0.000000000000000000e+00,0.000000000000000000e+00,0.000000000000000000e+00,0.000000000000000000e+00,0.000000000000000000e+00,9.953466728711027889e-01,9.568788501026694870e-01,8.089887640449436867e-01,0.000000000000000000e+00,1.000000000000000000e+00,0.000000000000000000e+00,4.999999999999998890e-01,0.000000000000000000e+00,1.000000000000000000e+00,4.999999999999997224e-01,4.716981132075563458e-03,1.818181818181817955e-01,1.310861423220964148e-02,0.000000000000000000e+00,0.000000000000000000e+00,0.000000000000000000e+00,0.000000000000000000e+00,0.000000000000000000e+00,6.428571428571429047e-01,4.074074074074082036e-02,9.814814814814815103e-01,6.929824561403512551e-01,6.249999999999998890e-01,3.620689655172420474e-01,8.571428571428570953e-01,6.666666666666667407e-01,0.000000000000000000e+00,0.000000000000000000e+00,1.000000000000000000e+00,4.628099173553713586e-01,1.000000000000000000e+00,0.000000000000000000e+00,0.000000000000000000e+00,0.000000000000000000e+00,0.000000000000000000e+00,0.000000000000000000e+00
0.000000000000000000e+00,9.961832061068702782e-01,0.000000000000000000e+00,0.000000000000000000e+00,0.000000000000000000e+00,1.363636363636363535e-01,9.444444444444444198e-01,5.202312138728327345e-02,0.000000000000000000e+00,5.000000000000000000e-01,0.000000000000000000e+00,0.000000000000000000e+00,0.000000000000000000e+00,0.000000000000000000e+00,0.000000000000000000e+00,0.000000000000000000e+00,9.953466728711027889e-01,9.568788501026694870e-01,8.052434456928837525e-01,0.000000000000000000e+00,1.000000000000000000e+00,0.000000000000000000e+00,4.999999999999998890e-01,0.000000000000000000e+00,1.000000000000000000e+00,4.999999999999997224e-01,4.716981132075563458e-03,1.818181818181817955e-01,1.498127340823962074e-02,0.000000000000000000e+00,0.000000000000000000e+00,0.000000000000000000e+00,0.000000000000000000e+00,0.000000000000000000e+00,6.428571428571429047e-01,4.074074074074082036e-02,9.814814814814815103e-01,6.929824561403512551e-01,6.249999999999998890e-01,3.620689655172420474e-01,7.142857142857143016e-01,6.666666666666667407e-01,0.000000000000000000e+00,0.000000000000000000e+00,1.000000000000000000e+00,4.628099173553713586e-01,1.000000000000000000e+00,0.000000000000000000e+00,0.000000000000000000e+00,0.000000000000000000e+00,0.000000000000000000e+00,0.000000000000000000e+00
0.000000000000000000e+00,9.961832061068702782e-01,0.000000000000000000e+00,0.000000000000000000e+00,0.000000000000000000e+00,1.363636363636363535e-01,9.444444444444444198e-01,5.202312138728327345e-02,0.000000000000000000e+00,5.000000000000000000e-01,0.000000000000000000e+00,0.000000000000000000e+00,0.000000000000000000e+00,0.000000000000000000e+00,0.000000000000000000e+00,0.000000000000000000e+00,9.953466728711027889e-01,9.568788501026694870e-01,8.052434456928837525e-01,0.000000000000000000e+00,1.000000000000000000e+00,0.000000000000000000e+00,4.999999999999998890e-01,0.000000000000000000e+00,1.000000000000000000e+00,4.999999999999997224e-01,4.716981132075563458e-03,3.636363636363635909e-01,1.498127340823962074e-02,0.000000000000000000e+00,0.000000000000000000e+00,0.000000000000000000e+00,0.000000000000000000e+00,0.000000000000000000e+00,6.428571428571429047e-01,4.074074074074082036e-02,9.814814814814815103e-01,6.929824561403512551e-01,6.249999999999998890e-01,5.000000000000008882e-01,7.142857142857143016e-01,6.666666666666667407e-01,0.000000000000000000e+00,0.000000000000000000e+00,1.000000000000000000e+00,4.628099173553713586e-01,1.000000000000000000e+00,0.000000000000000000e+00,0.000000000000000000e+00,0.000000000000000000e+00,0.000000000000000000e+00,0.000000000000000000e+00
0.000000000000000000e+00,9.961832061068702782e-01,0.000000000000000000e+00,0.000000000000000000e+00,0.000000000000000000e+00,1.363636363636363535e-01,9.166666666666665186e-01,6.358381502890177173e-02,0.000000000000000000e+00,5.000000000000000000e-01,0.000000000000000000e+00,0.000000000000000000e+00,0.000000000000000000e+00,0.000000000000000000e+00,0.000000000000000000e+00,0.000000000000000000e+00,9.953466728711027889e-01,9.568788501026694870e-01,8.014981273408237072e-01,0.000000000000000000e+00,1.000000000000000000e+00,0.000000000000000000e+00,4.999999999999998890e-01,0.000000000000000000e+00,1.000000000000000000e+00,4.999999999999997224e-01,4.716981132075563458e-03,3.636363636363635909e-01,1.498127340823962074e-02,0.000000000000000000e+00,0.000000000000000000e+00,0.000000000000000000e+00,0.000000000000000000e+00,0.000000000000000000e+00,6.428571428571429047e-01,4.074074074074082036e-02,9.814814814814815103e-01,6.929824561403512551e-01,6.249999999999998890e-01,6.034482758620682841e-01,7.142857142857143016e-01,6.666666666666667407e-01,0.000000000000000000e+00,0.000000000000000000e+00,1.000000000000000000e+00,4.628099173553713586e-01,1.000000000000000000e+00,0.000000000000000000e+00,0.000000000000000000e+00,0.000000000000000000e+00,0.000000000000000000e+00,0.000000000000000000e+00
0.000000000000000000e+00,9.961832061068702782e-01,0.000000000000000000e+00,0.000000000000000000e+00,0.000000000000000000e+00,1.363636363636363535e-01,9.166666666666665186e-01,6.358381502890177173e-02,0.000000000000000000e+00,5.000000000000000000e-01,0.000000000000000000e+00,0.000000000000000000e+00,0.000000000000000000e+00,0.000000000000000000e+00,0.000000000000000000e+00,0.000000000000000000e+00,9.953466728711027889e-01,9.558521560574949616e-01,7.977528089887639950e-01,0.000000000000000000e+00,1.000000000000000000e+00,0.000000000000000000e+00,4.999999999999998890e-01,0.000000000000000000e+00,1.000000000000000000e+00,4.999999999999997224e-01,3.773584905660379990e-02,3.636363636363635909e-01,1.498127340823962074e-02,0.000000000000000000e+00,0.000000000000000000e+00,0.000000000000000000e+00,0.000000000000000000e+00,0.000000000000000000e+00,6.428571428571429047e-01,4.074074074074082036e-02,9.814814814814815103e-01,6.929824561403512551e-01,6.249999999999998890e-01,7.241379310344822073e-01,7.142857142857143016e-01,6.666666666666667407e-01,0.000000000000000000e+00,0.000000000000000000e+00,1.000000000000000000e+00,4.628099173553713586e-01,1.000000000000000000e+00,0.000000000000000000e+00,0.000000000000000000e+00,0.000000000000000000e+00,0.000000000000000000e+00,0.000000000000000000e+00
0.000000000000000000e+00,9.961832061068702782e-01,0.000000000000000000e+00,0.000000000000000000e+00,0.000000000000000000e+00,1.363636363636363535e-01,9.166666666666665186e-01,6.358381502890177173e-02,0.000000000000000000e+00,5.000000000000000000e-01,0.000000000000000000e+00,0.000000000000000000e+00,0.000000000000000000e+00,0.000000000000000000e+00,0.000000000000000000e+00,0.000000000000000000e+00,9.976733364355513389e-01,9.558521560574949616e-01,7.977528089887639950e-01,0.000000000000000000e+00,1.000000000000000000e+00,0.000000000000000000e+00,4.999999999999998890e-01,0.000000000000000000e+00,1.000000000000000000e+00,4.999999999999997224e-01,3.773584905660379990e-02,6.363636363636363535e-01,1.498127340823962074e-02,0.000000000000000000e+00,0.000000000000000000e+00,0.000000000000000000e+00,0.000000000000000000e+00,0.000000000000000000e+00,6.428571428571429047e-01,4.074074074074082036e-02,9.814814814814815103e-01,6.929824561403512551e-01,6.249999999999998890e-01,6.551724137931027592e-01,7.142857142857143016e-01,6.666666666666667407e-01,0.000000000000000000e+00,0.000000000000000000e+00,1.000000000000000000e+00,4.628099173553713586e-01,1.000000000000000000e+00,0.000000000000000000e+00,0.000000000000000000e+00,0.000000000000000000e+00,0.000000000000000000e+00,0.000000000000000000e+00
0.000000000000000000e+00,9.961832061068702782e-01,0.000000000000000000e+00,0.000000000000000000e+00,0.000000000000000000e+00,1.363636363636363535e-01,9.166666666666665186e-01,5.202312138728327345e-02,0.000000000000000000e+00,5.000000000000000000e-01,0.000000000000000000e+00,0.000000000000000000e+00,0.000000000000000000e+00,0.000000000000000000e+00,0.000000000000000000e+00,0.000000000000000000e+00,1.000000000000000000e+00,9.558521560574949616e-01,7.940074906367039498e-01,0.000000000000000000e+00,1.000000000000000000e+00,0.000000000000000000e+00,4.999999999999998890e-01,0.000000000000000000e+00,1.000000000000000000e+00,4.999999999999997224e-01,3.773584905660379990e-02,7.272727272727271819e-01,1.498127340823962074e-02,0.000000000000000000e+00,0.000000000000000000e+00,0.000000000000000000e+00,0.000000000000000000e+00,0.000000000000000000e+00,6.428571428571429047e-01,4.074074074074082036e-02,9.814814814814815103e-01,6.929824561403512551e-01,6.249999999999998890e-01,4.827586206896560816e-01,7.142857142857143016e-01,6.666666666666667407e-01,0.000000000000000000e+00,0.000000000000000000e+00,1.000000000000000000e+00,4.628099173553713586e-01,1.000000000000000000e+00,0.000000000000000000e+00,0.000000000000000000e+00,0.000000000000000000e+00,0.000000000000000000e+00,0.000000000000000000e+00
0.000000000000000000e+00,9.961832061068702782e-01,0.000000000000000000e+00,0.000000000000000000e+00,0.000000000000000000e+00,1.363636363636363535e-01,8.888888888888885065e-01,5.202312138728327345e-02,0.000000000000000000e+00,5.000000000000000000e-01,0.000000000000000000e+00,0.000000000000000000e+00,0.000000000000000000e+00,0.000000000000000000e+00,0.000000000000000000e+00,0.000000000000000000e+00,1.000000000000000000e+00,9.558521560574949616e-01,7.902621722846440155e-01,0.000000000000000000e+00,1.000000000000000000e+00,0.000000000000000000e+00,4.999999999999998890e-01,0.000000000000000000e+00,1.000000000000000000e+00,4.999999999999997224e-01,3.773584905660379990e-02,7.272727272727271819e-01,1.310861423220964148e-02,0.000000000000000000e+00,0.000000000000000000e+00,0.000000000000000000e+00,0.000000000000000000e+00,0.000000000000000000e+00,6.428571428571429047e-01,4.074074074074082036e-02,9.814814814814815103e-01,6.929824561403512551e-01,6.249999999999998890e-01,4.655172413793112196e-01,7.142857142857143016e-01,6.666666666666667407e-01,0.000000000000000000e+00,0.000000000000000000e+00,1.000000000000000000e+00,4.628099173553713586e-01,1.000000000000000000e+00,0.000000000000000000e+00,0.000000000000000000e+00,0.000000000000000000e+00,0.000000000000000000e+00,0.000000000000000000e+00
0.000000000000000000e+00,9.923664122137404453e-01,0.000000000000000000e+00,0.000000000000000000e+00,0.000000000000000000e+00,1.363636363636363535e-01,8.888888888888885065e-01,5.202312138728327345e-02,0.000000000000000000e+00,5.000000000000000000e-01,0.000000000000000000e+00,0.000000000000000000e+00,0.000000000000000000e+00,0.000000000000000000e+00,0.000000000000000000e+00,0.000000000000000000e+00,1.000000000000000000e+00,9.568788501026694870e-01,7.865168539325840813e-01,0.000000000000000000e+00,1.000000000000000000e+00,0.000000000000000000e+00,4.999999999999998890e-01,0.000000000000000000e+00,1.000000000000000000e+00,4.999999999999997224e-01,3.773584905660379990e-02,7.272727272727271819e-01,1.498127340823962074e-02,0.000000000000000000e+00,0.000000000000000000e+00,0.000000000000000000e+00,0.000000000000000000e+00,0.000000000000000000e+00,6.428571428571429047e-01,4.074074074074082036e-02,9.814814814814815103e-01,6.929824561403512551e-01,6.249999999999998890e-01,3.620689655172420474e-01,7.142857142857143016e-01,6.666666666666667407e-01,0.000000000000000000e+00,0.000000000000000000e+00,1.000000000000000000e+00,4.628099173553713586e-01,1.000000000000000000e+00,0.000000000000000000e+00,0.000000000000000000e+00,0.000000000000000000e+00,0.000000000000000000e+00,0.000000000000000000e+00
0.000000000000000000e+00,9.923664122137404453e-01,0.000000000000000000e+00,0.000000000000000000e+00,0.000000000000000000e+00,1.363636363636363535e-01,8.888888888888885065e-01,5.202312138728327345e-02,0.000000000000000000e+00,5.000000000000000000e-01,0.000000000000000000e+00,0.000000000000000000e+00,0.000000000000000000e+00,0.000000000000000000e+00,0.000000000000000000e+00,0.000000000000000000e+00,9.953466728711027889e-01,9.568788501026694870e-01,7.865168539325840813e-01,0.000000000000000000e+00,1.000000000000000000e+00,0.000000000000000000e+00,4.999999999999998890e-01,0.000000000000000000e+00,1.000000000000000000e+00,4.999999999999997224e-01,3.773584905660379990e-02,7.272727272727271819e-01,1.310861423220964148e-02,0.000000000000000000e+00,0.000000000000000000e+00,0.000000000000000000e+00,0.000000000000000000e+00,0.000000000000000000e+00,6.428571428571429047e-01,4.074074074074082036e-02,9.814814814814815103e-01,6.929824561403512551e-01,5.000000000000000000e-01,3.448275862068971853e-01,7.142857142857143016e-01,6.666666666666667407e-01,0.000000000000000000e+00,0.000000000000000000e+00,7.500000000000000000e-01,4.628099173553713586e-01,1.000000000000000000e+00,0.000000000000000000e+00,0.000000000000000000e+00,0.000000000000000000e+00,0.000000000000000000e+00,0.000000000000000000e+00
0.000000000000000000e+00,9.923664122137404453e-01,0.000000000000000000e+00,0.000000000000000000e+00,0.000000000000000000e+00,1.363636363636363535e-01,8.888888888888885065e-01,5.202312138728327345e-02,0.000000000000000000e+00,5.000000000000000000e-01,0.000000000000000000e+00,0.000000000000000000e+00,0.000000000000000000e+00,0.000000000000000000e+00,0.000000000000000000e+00,0.000000000000000000e+00,9.953466728711027889e-01,9.558521560574949616e-01,7.865168539325840813e-01,0.000000000000000000e+00,1.000000000000000000e+00,0.000000000000000000e+00,4.999999999999998890e-01,0.000000000000000000e+00,1.000000000000000000e+00,4.999999999999997224e-01,3.773584905660379990e-02,6.363636363636363535e-01,1.310861423220964148e-02,0.000000000000000000e+00,0.000000000000000000e+00,0.000000000000000000e+00,0.000000000000000000e+00,0.000000000000000000e+00,6.428571428571429047e-01,4.074074074074082036e-02,9.814814814814815103e-01,6.929824561403512551e-01,5.000000000000000000e-01,2.586206896551728751e-01,7.142857142857143016e-01,6.666666666666667407e-01,0.000000000000000000e+00,0.000000000000000000e+00,7.500000000000000000e-01,4.628099173553713586e-01,6.666666666666667407e-01,0.000000000000000000e+00,0.000000000000000000e+00,0.000000000000000000e+00,0.000000000000000000e+00,0.000000000000000000e+00
0.000000000000000000e+00,9.923664122137404453e-01,0.000000000000000000e+00,0.000000000000000000e+00,0.000000000000000000e+00,1.363636363636363535e-01,8.888888888888885065e-01,5.202312138728327345e-02,0.000000000000000000e+00,5.000000000000000000e-01,0.000000000000000000e+00,0.000000000000000000e+00,0.000000000000000000e+00,0.000000000000000000e+00,0.000000000000000000e+00,0.000000000000000000e+00,9.953466728711027889e-01,9.558521560574949616e-01,7.827715355805242581e-01,0.000000000000000000e+00,1.000000000000000000e+00,0.000000000000000000e+00,4.999999999999998890e-01,0.000000000000000000e+00,1.000000000000000000e+00,4.999999999999997224e-01,3.773584905660379990e-02,5.454545454545454142e-01,1.310861423220964148e-02,0.000000000000000000e+00,0.000000000000000000e+00,0.000000000000000000e+00,0.000000000000000000e+00,0.000000000000000000e+00,6.428571428571429047e-01,4.074074074074082036e-02,9.814814814814815103e-01,6.929824561403512551e-01,3.750000000000000000e-01,2.586206896551728751e-01,7.142857142857143016e-01,6.666666666666667407e-01,0.000000000000000000e+00,0.000000000000000000e+00,7.500000000000000000e-01,4.628099173553713586e-01,6.666666666666667407e-01,0.000000000000000000e+00,0.000000000000000000e+00,0.000000000000000000e+00,0.000000000000000000e+00,0.000000000000000000e+00
0.000000000000000000e+00,9.923664122137404453e-01,0.000000000000000000e+00,0.000000000000000000e+00,0.000000000000000000e+00,1.363636363636363535e-01,8.888888888888885065e-01,5.202312138728327345e-02,0.000000000000000000e+00,5.000000000000000000e-01,0.000000000000000000e+00,0.000000000000000000e+00,0.000000000000000000e+00,0.000000000000000000e+00,0.000000000000000000e+00,0.000000000000000000e+00,9.953466728711027889e-01,9.558521560574949616e-01,7.827715355805242581e-01,0.000000000000000000e+00,1.000000000000000000e+00,0.000000000000000000e+00,4.999999999999998890e-01,0.000000000000000000e+00,1.000000000000000000e+00,4.999999999999997224e-01,3.773584905660379990e-02,5.454545454545454142e-01,1.310861423220964148e-02,0.000000000000000000e+00,0.000000000000000000e+00,0.000000000000000000e+00,0.000000000000000000e+00,0.000000000000000000e+00,6.428571428571429047e-01,4.074074074074082036e-02,9.814814814814815103e-01,6.929824561403512551e-01,3.750000000000000000e-01,3.275862068965523233e-01,7.142857142857143016e-01,6.666666666666667407e-01,0.000000000000000000e+00,0.000000000000000000e+00,7.500000000000000000e-01,4.628099173553713586e-01,6.666666666666667407e-01,0.000000000000000000e+00,0.000000000000000000e+00,0.000000000000000000e+00,0.000000000000000000e+00,0.000000000000000000e+00
0.000000000000000000e+00,9.923664122137404453e-01,0.000000000000000000e+00,0.000000000000000000e+00,0.000000000000000000e+00,1.363636363636363535e-01,8.888888888888885065e-01,5.202312138728327345e-02,0.000000000000000000e+00,5.000000000000000000e-01,0.000000000000000000e+00,0.000000000000000000e+00,0.000000000000000000e+00,0.000000000000000000e+00,0.000000000000000000e+00,0.000000000000000000e+00,9.953466728711027889e-01,9.548254620123204361e-01,7.790262172284643238e-01,0.000000000000000000e+00,1.000000000000000000e+00,0.000000000000000000e+00,4.999999999999998890e-01,0.000000000000000000e+00,1.000000000000000000e+00,4.999999999999997224e-01,3.773584905660379990e-02,5.454545454545454142e-01,1.310861423220964148e-02,0.000000000000000000e+00,0.000000000000000000e+00,0.000000000000000000e+00,0.000000000000000000e+00,0.000000000000000000e+00,6.428571428571429047e-01,4.074074074074082036e-02,9.814814814814815103e-01,6.929824561403512551e-01,3.750000000000000000e-01,4.827586206896560816e-01,7.142857142857143016e-01,6.666666666666667407e-01,0.000000000000000000e+00,0.000000000000000000e+00,7.500000000000000000e-01,4.628099173553713586e-01,6.666666666666667407e-01,0.000000000000000000e+00,0.000000000000000000e+00,0.000000000000000000e+00,0.000000000000000000e+00,0.000000000000000000e+00
0.000000000000000000e+00,9.923664122137404453e-01,0.000000000000000000e+00,0.000000000000000000e+00,0.000000000000000000e+00,1.818181818181817955e-01,8.888888888888885065e-01,5.202312138728327345e-02,0.000000000000000000e+00,5.000000000000000000e-01,0.000000000000000000e+00,0.000000000000000000e+00,0.000000000000000000e+00,0.000000000000000000e+00,0.000000000000000000e+00,0.000000000000000000e+00,9.953466728711027889e-01,9.548254620123204361e-01,7.752808988764042786e-01,0.000000000000000000e+00,1.000000000000000000e+00,0.000000000000000000e+00,4.999999999999998890e-01,0.000000000000000000e+00,1.000000000000000000e+00,4.999999999999997224e-01,3.773584905660379990e-02,5.454545454545454142e-01,1.310861423220964148e-02,0.000000000000000000e+00,0.000000000000000000e+00,0.000000000000000000e+00,0.000000000000000000e+00,0.000000000000000000e+00,6.428571428571429047e-01,4.074074074074082036e-02,9.814814814814815103e-01,6.929824561403512551e-01,3.750000000000000000e-01,4.827586206896560816e-01,7.142857142857143016e-01,6.666666666666667407e-01,0.000000000000000000e+00,0.000000000000000000e+00,7.500000000000000000e-01,4.628099173553713586e-01,6.666666666666667407e-01,0.000000000000000000e+00,0.000000000000000000e+00,0.000000000000000000e+00,0.000000000000000000e+00,0.000000000000000000e+00
0.000000000000000000e+00,9.885496183206106124e-01,0.000000000000000000e+00,0.000000000000000000e+00,0.000000000000000000e+00,1.818181818181817955e-01,8.888888888888885065e-01,5.202312138728327345e-02,0.000000000000000000e+00,5.000000000000000000e-01,0.000000000000000000e+00,0.000000000000000000e+00,0.000000000000000000e+00,0.000000000000000000e+00,0.000000000000000000e+00,0.000000000000000000e+00,9.953466728711027889e-01,9.558521560574949616e-01,7.752808988764042786e-01,0.000000000000000000e+00,1.000000000000000000e+00,0.000000000000000000e+00,4.999999999999998890e-01,0.000000000000000000e+00,1.000000000000000000e+00,4.999999999999997224e-01,3.773584905660379990e-02,3.636363636363635909e-01,1.310861423220964148e-02,0.000000000000000000e+00,0.000000000000000000e+00,0.000000000000000000e+00,0.000000000000000000e+00,0.000000000000000000e+00,6.428571428571429047e-01,4.074074074074082036e-02,9.814814814814815103e-01,6.929824561403512551e-01,3.750000000000000000e-01,4.827586206896560816e-01,1.000000000000000000e+00,6.666666666666667407e-01,0.000000000000000000e+00,0.000000000000000000e+00,7.500000000000000000e-01,4.628099173553713586e-01,1.000000000000000000e+00,0.000000000000000000e+00,0.000000000000000000e+00,0.000000000000000000e+00,0.000000000000000000e+00,0.000000000000000000e+00
0.000000000000000000e+00,9.923664122137404453e-01,0.000000000000000000e+00,0.000000000000000000e+00,0.000000000000000000e+00,1.818181818181817955e-01,8.888888888888885065e-01,5.780346820809254688e-02,0.000000000000000000e+00,5.000000000000000000e-01,0.000000000000000000e+00,0.000000000000000000e+00,0.000000000000000000e+00,0.000000000000000000e+00,0.000000000000000000e+00,0.000000000000000000e+00,9.953466728711027889e-01,9.558521560574949616e-01,7.715355805243444554e-01,0.000000000000000000e+00,1.000000000000000000e+00,0.000000000000000000e+00,4.999999999999998890e-01,0.000000000000000000e+00,1.000000000000000000e+00,4.999999999999997224e-01,3.773584905660379990e-02,3.636363636363635909e-01,1.498127340823962074e-02,0.000000000000000000e+00,0.000000000000000000e+00,0.000000000000000000e+00,0.000000000000000000e+00,0.000000000000000000e+00,6.428571428571429047e-01,4.074074074074082036e-02,9.814814814814815103e-01,6.929824561403512551e-01,5.000000000000000000e-01,3.448275862068971853e-01,1.000000000000000000e+00,6.666666666666667407e-01,0.000000000000000000e+00,0.000000000000000000e+00,7.500000000000000000e-01,4.628099173553713586e-01,1.000000000000000000e+00,0.000000000000000000e+00,0.000000000000000000e+00,0.000000000000000000e+00,0.000000000000000000e+00,0.000000000000000000e+00
0.000000000000000000e+00,9.923664122137404453e-01,0.000000000000000000e+00,0.000000000000000000e+00,0.000000000000000000e+00,1.818181818181817955e-01,9.444444444444444198e-01,5.780346820809254688e-02,0.000000000000000000e+00,5.000000000000000000e-01,0.000000000000000000e+00,0.000000000000000000e+00,0.000000000000000000e+00,0.000000000000000000e+00,0.000000000000000000e+00,0.000000000000000000e+00,9.906933457422055778e-01,9.558521560574949616e-01,7.715355805243444554e-01,0.000000000000000000e+00,1.000000000000000000e+00,0.000000000000000000e+00,4.999999999999998890e-01,0.000000000000000000e+00,1.000000000000000000e+00,4.999999999999997224e-01,3.773584905660379990e-02,3.636363636363635909e-01,1.498127340823962074e-02,0.000000000000000000e+00,0.000000000000000000e+00,0.000000000000000000e+00,0.000000000000000000e+00,0.000000000000000000e+00,6.428571428571429047e-01,3.333333333333323573e-02,9.814814814814815103e-01,6.929824561403512551e-01,6.249999999999998890e-01,2.586206896551728751e-01,1.000000000000000000e+00,6.666666666666667407e-01,0.000000000000000000e+00,0.000000000000000000e+00,7.500000000000000000e-01,4.628099173553713586e-01,1.000000000000000000e+00,0.000000000000000000e+00,0.000000000000000000e+00,0.000000000000000000e+00,0.000000000000000000e+00,0.000000000000000000e+00
0.000000000000000000e+00,9.923664122137404453e-01,0.000000000000000000e+00,0.000000000000000000e+00,0.000000000000000000e+00,1.818181818181817955e-01,9.444444444444444198e-01,5.780346820809254688e-02,0.000000000000000000e+00,5.000000000000000000e-01,0.000000000000000000e+00,0.000000000000000000e+00,0.000000000000000000e+00,0.000000000000000000e+00,0.000000000000000000e+00,0.000000000000000000e+00,9.906933457422055778e-01,9.558521560574949616e-01,7.715355805243444554e-01,0.000000000000000000e+00,1.000000000000000000e+00,0.000000000000000000e+00,4.999999999999998890e-01,0.000000000000000000e+00,1.000000000000000000e+00,4.999999999999997224e-01,3.773584905660379990e-02,2.727272727272727071e-01,1.498127340823962074e-02,0.000000000000000000e+00,0.000000000000000000e+00,0.000000000000000000e+00,0.000000000000000000e+00,0.000000000000000000e+00,6.428571428571429047e-01,3.333333333333323573e-02,9.814814814814815103e-01,6.929824561403512551e-01,6.249999999999998890e-01,2.241379310344831788e-01,1.000000000000000000e+00,6.666666666666667407e-01,0.000000000000000000e+00,0.000000000000000000e+00,7.500000000000000000e-01,4.628099173553713586e-01,1.000000000000000000e+00,0.000000000000000000e+00,0.000000000000000000e+00,0.000000000000000000e+00,0.000000000000000000e+00,0.000000000000000000e+00
0.000000000000000000e+00,9.923664122137404453e-01,0.000000000000000000e+00,0.000000000000000000e+00,0.000000000000000000e+00,1.818181818181817955e-01,9.444444444444444198e-01,5.780346820809254688e-02,0.000000000000000000e+00,5.000000000000000000e-01,0.000000000000000000e+00,0.000000000000000000e+00,0.000000000000000000e+00,0.000000000000000000e+00,0.000000000000000000e+00,0.000000000000000000e+00,9.930200093066542388e-01,9.558521560574949616e-01,7.715355805243444554e-01,0.000000000000000000e+00,1.000000000000000000e+00,0.000000000000000000e+00,4.999999999999998890e-01,0.000000000000000000e+00,1.000000000000000000e+00,4.999999999999997224e-01,3.773584905660379990e-02,2.727272727272727071e-01,1.498127340823962074e-02,0.000000000000000000e+00,0.000000000000000000e+00,0.000000000000000000e+00,0.000000000000000000e+00,0.000000000000000000e+00,6.428571428571429047e-01,0.000000000000000000e+00,9.814814814814815103e-01,6.929824561403512551e-01,6.249999999999998890e-01,1.379310344827588963e-01,1.000000000000000000e+00,6.666666666666667407e-01,0.000000000000000000e+00,0.000000000000000000e+00,7.500000000000000000e-01,4.628099173553713586e-01,8.333333333333333703e-01,0.000000000000000000e+00,0.000000000000000000e+00,0.000000000000000000e+00,0.000000000000000000e+00,0.000000000000000000e+00
0.000000000000000000e+00,9.885496183206106124e-01,0.000000000000000000e+00,0.000000000000000000e+00,0.000000000000000000e+00,1.818181818181817955e-01,9.444444444444444198e-01,5.780346820809254688e-02,0.000000000000000000e+00,5.000000000000000000e-01,0.000000000000000000e+00,0.000000000000000000e+00,0.000000000000000000e+00,0.000000000000000000e+00,0.000000000000000000e+00,0.000000000000000000e+00,9.930200093066542388e-01,9.558521560574949616e-01,7.715355805243444554e-01,0.000000000000000000e+00,1.000000000000000000e+00,0.000000000000000000e+00,4.999999999999998890e-01,0.000000000000000000e+00,1.000000000000000000e+00,4.999999999999997224e-01,3.773584905660379990e-02,3.636363636363635909e-01,1.498127340823962074e-02,0.000000000000000000e+00,0.000000000000000000e+00,0.000000000000000000e+00,0.000000000000000000e+00,0.000000000000000000e+00,6.428571428571429047e-01,0.000000000000000000e+00,9.814814814814815103e-01,6.929824561403512551e-01,6.249999999999998890e-01,1.379310344827588963e-01,1.000000000000000000e+00,6.666666666666667407e-01,0.000000000000000000e+00,0.000000000000000000e+00,7.500000000000000000e-01,4.628099173553713586e-01,8.333333333333333703e-01,0.000000000000000000e+00,0.000000000000000000e+00,0.000000000000000000e+00,0.000000000000000000e+00,0.000000000000000000e+00
0.000000000000000000e+00,9.923664122137404453e-01,0.000000000000000000e+00,0.000000000000000000e+00,0.000000000000000000e+00,1.818181818181817955e-01,9.444444444444444198e-01,5.780346820809254688e-02,0.000000000000000000e+00,5.000000000000000000e-01,0.000000000000000000e+00,0.000000000000000000e+00,0.000000000000000000e+00,0.000000000000000000e+00,0.000000000000000000e+00,0.000000000000000000e+00,9.906933457422055778e-01,9.558521560574949616e-01,7.677902621722844101e-01,0.000000000000000000e+00,1.000000000000000000e+00,0.000000000000000000e+00,4.999999999999998890e-01,0.000000000000000000e+00,1.000000000000000000e+00,4.999999999999997224e-01,3.773584905660379990e-02,3.636363636363635909e-01,1.685393258426957225e-02,0.000000000000000000e+00,0.000000000000000000e+00,0.000000000000000000e+00,0.000000000000000000e+00,0.000000000000000000e+00,6.428571428571429047e-01,0.000000000000000000e+00,9.814814814814815103e-01,6.929824561403512551e-01,6.249999999999998890e-01,2.758620689655177372e-01,1.000000000000000000e+00,6.666666666666667407e-01,0.000000000000000000e+00,0.000000000000000000e+00,7.500000000000000000e-01,6.033057851239664870e-01,8.333333333333333703e-01,0.000000000000000000e+00,0.000000000000000000e+00,0.000000000000000000e+00,0.000000000000000000e+00,0.000000000000000000e+00
0.000000000000000000e+00,9.923664122137404453e-01,0.000000000000000000e+00,0.000000000000000000e+00,0.000000000000000000e+00,1.818181818181817955e-01,9.444444444444444198e-01,5.780346820809254688e-02,0.000000000000000000e+00,5.000000000000000000e-01,0.000000000000000000e+00,0.000000000000000000e+00,0.000000000000000000e+00,0.000000000000000000e+00,0.000000000000000000e+00,0.000000000000000000e+00,9.883666821777570277e-01,9.558521560574949616e-01,7.640449438202245869e-01,0.000000000000000000e+00,1.000000000000000000e+00,0.000000000000000000e+00,4.999999999999998890e-01,0.000000000000000000e+00,1.000000000000000000e+00,4.999999999999997224e-01,3.773584905660379990e-02,5.454545454545454142e-01,1.685393258426957225e-02,0.000000000000000000e+00,0.000000000000000000e+00,0.000000000000000000e+00,0.000000000000000000e+00,0.000000000000000000e+00,6.428571428571429047e-01,0.000000000000000000e+00,9.814814814814815103e-01,6.929824561403512551e-01,5.000000000000000000e-01,5.172413793103457502e-01,1.000000000000000000e+00,6.666666666666667407e-01,0.000000000000000000e+00,0.000000000000000000e+00,7.500000000000000000e-01,6.033057851239664870e-01,8.333333333333333703e-01,0.000000000000000000e+00,0.000000000000000000e+00,0.000000000000000000e+00,0.000000000000000000e+00,0.000000000000000000e+00
0.000000000000000000e+00,9.923664122137404453e-01,0.000000000000000000e+00,0.000000000000000000e+00,0.000000000000000000e+00,1.818181818181817955e-01,9.722222222222220989e-01,5.780346820809254688e-02,0.000000000000000000e+00,5.000000000000000000e-01,0.000000000000000000e+00,0.000000000000000000e+00,0.000000000000000000e+00,0.000000000000000000e+00,0.000000000000000000e+00,0.000000000000000000e+00,9.883666821777570277e-01,9.548254620123204361e-01,7.640449438202245869e-01,0.000000000000000000e+00,1.000000000000000000e+00,0.000000000000000000e+00,4.999999999999998890e-01,0.000000000000000000e+00,1.000000000000000000e+00,4.999999999999997224e-01,3.773584905660379990e-02,5.454545454545454142e-01,1.685393258426957225e-02,0.000000000000000000e+00,0.000000000000000000e+00,0.000000000000000000e+00,0.000000000000000000e+00,0.000000000000000000e+00,6.428571428571429047e-01,0.000000000000000000e+00,9.814814814814815103e-01,9.122807017543856922e-01,3.750000000000000000e-01,7.241379310344822073e-01,5.714285714285715079e-01,6.666666666666667407e-01,0.000000000000000000e+00,0.000000000000000000e+00,7.500000000000000000e-01,6.033057851239664870e-01,8.333333333333333703e-01,0.000000000000000000e+00,0.000000000000000000e+00,0.000000000000000000e+00,0.000000000000000000e+00,0.000000000000000000e+00
0.000000000000000000e+00,9.923664122137404453e-01,0.000000000000000000e+00,0.000000000000000000e+00,0.000000000000000000e+00,1.818181818181817955e-01,9.722222222222220989e-01,5.780346820809254688e-02,0.000000000000000000e+00,5.000000000000000000e-01,0.000000000000000000e+00,0.000000000000000000e+00,0.000000000000000000e+00,0.000000000000000000e+00,0.000000000000000000e+00,0.000000000000000000e+00,9.883666821777570277e-01,9.548254620123204361e-01,7.602996254681646526e-01,0.000000000000000000e+00,1.000000000000000000e+00,0.000000000000000000e+00,4.999999999999998890e-01,0.000000000000000000e+00,1.000000000000000000e+00,4.999999999999997224e-01,3.773584905660379990e-02,5.454545454545454142e-01,1.872659176029952549e-02,0.000000000000000000e+00,0.000000000000000000e+00,0.000000000000000000e+00,0.000000000000000000e+00,0.000000000000000000e+00,6.428571428571429047e-01,0.000000000000000000e+00,9.722222222222223209e-01,9.561403508771932902e-01,3.750000000000000000e-01,7.413793103448269584e-01,5.714285714285715079e-01,6.666666666666667407e-01,0.000000000000000000e+00,0.000000000000000000e+00,7.500000000000000000e-01,6.033057851239664870e-01,8.333333333333333703e-01,0.000000000000000000e+00,0.000000000000000000e+00,0.000000000000000000e+00,0.000000000000000000e+00,0.000000000000000000e+00
0.000000000000000000e+00,9.923664122137404453e-01,0.000000000000000000e+00,0.000000000000000000e+00,0.000000000000000000e+00,1.818181818181817955e-01,9.722222222222220989e-01,5.780346820809254688e-02,0.000000000000000000e+00,5.000000000000000000e-01,0.000000000000000000e+00,0.000000000000000000e+00,0.000000000000000000e+00,0.000000000000000000e+00,0.000000000000000000e+00,0.000000000000000000e+00,9.883666821777570277e-01,9.548254620123204361e-01,7.602996254681646526e-01,0.000000000000000000e+00,1.000000000000000000e+00,0.000000000000000000e+00,4.999999999999998890e-01,0.000000000000000000e+00,1.000000000000000000e+00,4.999999999999997224e-01,3.773584905660379990e-02,5.454545454545454142e-01,1.872659176029952549e-02,0.000000000000000000e+00,0.000000000000000000e+00,0.000000000000000000e+00,0.000000000000000000e+00,0.000000000000000000e+00,6.428571428571429047e-01,1.851851851851847933e-02,9.722222222222223209e-01,9.561403508771932902e-01,3.750000000000000000e-01,6.551724137931027592e-01,5.714285714285715079e-01,6.666666666666667407e-01,0.000000000000000000e+00,0.000000000000000000e+00,7.500000000000000000e-01,6.033057851239664870e-01,8.333333333333333703e-01,0.000000000000000000e+00,0.000000000000000000e+00,0.000000000000000000e+00,0.000000000000000000e+00,0.000000000000000000e+00
0.000000000000000000e+00,9.923664122137404453e-01,0.000000000000000000e+00,0.000000000000000000e+00,0.000000000000000000e+00,1.818181818181817955e-01,9.722222222222220989e-01,5.780346820809254688e-02,0.000000000000000000e+00,5.000000000000000000e-01,0.000000000000000000e+00,0.000000000000000000e+00,0.000000000000000000e+00,0.000000000000000000e+00,0.000000000000000000e+00,0.000000000000000000e+00,9.883666821777570277e-01,9.537987679671459107e-01,7.565543071161046074e-01,0.000000000000000000e+00,1.000000000000000000e+00,0.000000000000000000e+00,4.999999999999998890e-01,0.000000000000000000e+00,1.000000000000000000e+00,4.999999999999997224e-01,3.773584905660379990e-02,5.454545454545454142e-01,2.059925093632950649e-02,0.000000000000000000e+00,0.000000000000000000e+00,0.000000000000000000e+00,0.000000000000000000e+00,0.000000000000000000e+00,6.428571428571429047e-01,5.925925925925937254e-02,9.722222222222223209e-01,5.438596491228073759e-01,3.750000000000000000e-01,4.827586206896560816e-01,5.714285714285715079e-01,6.666666666666667407e-01,0.000000000000000000e+00,0.000000000000000000e+00,7.500000000000000000e-01,6.033057851239664870e-01,8.333333333333333703e-01,0.000000000000000000e+00,0.000000000000000000e+00,0.000000000000000000e+00,0.000000000000000000e+00,0.000000000000000000e+00
0.000000000000000000e+00,9.923664122137404453e-01,0.000000000000000000e+00,0.000000000000000000e+00,0.000000000000000000e+00,1.818181818181817955e-01,9.722222222222220989e-01,5.780346820809254688e-02,0.000000000000000000e+00,5.000000000000000000e-01,0.000000000000000000e+00,0.000000000000000000e+00,0.000000000000000000e+00,0.000000000000000000e+00,0.000000000000000000e+00,0.000000000000000000e+00,9.906933457422055778e-01,9.537987679671459107e-01,7.565543071161046074e-01,0.000000000000000000e+00,1.000000000000000000e+00,0.000000000000000000e+00,4.999999999999998890e-01,0.000000000000000000e+00,1.000000000000000000e+00,4.999999999999997224e-01,3.773584905660379990e-02,4.545454545454545303e-01,2.059925093632950649e-02,0.000000000000000000e+00,0.000000000000000000e+00,0.000000000000000000e+00,0.000000000000000000e+00,0.000000000000000000e+00,6.428571428571429047e-01,5.925925925925937254e-02,9.722222222222223209e-01,5.438596491228073759e-01,3.750000000000000000e-01,4.827586206896560816e-01,5.714285714285715079e-01,6.666666666666667407e-01,0.000000000000000000e+00,0.000000000000000000e+00,7.500000000000000000e-01,6.033057851239664870e-01,6.666666666666667407e-01,0.000000000000000000e+00,0.000000000000000000e+00,0.000000000000000000e+00,0.000000000000000000e+00,0.000000000000000000e+00
0.000000000000000000e+00,9.923664122137404453e-01,0.000000000000000000e+00,0.000000000000000000e+00,0.000000000000000000e+00,1.818181818181817955e-01,9.722222222222220989e-01,4.624277456647404860e-02,0.000000000000000000e+00,5.000000000000000000e-01,0.000000000000000000e+00,0.000000000000000000e+00,0.000000000000000000e+00,0.000000000000000000e+00,0.000000000000000000e+00,0.000000000000000000e+00,9.953466728711027889e-01,9.548254620123204361e-01,7.528089887640448952e-01,0.000000000000000000e+00,1.000000000000000000e+00,0.000000000000000000e+00,4.999999999999998890e-01,0.000000000000000000e+00,1.000000000000000000e+00,4.999999999999997224e-01,3.773584905660379990e-02,4.545454545454545303e-01,2.059925093632950649e-02,0.000000000000000000e+00,0.000000000000000000e+00,0.000000000000000000e+00,0.000000000000000000e+00,0.000000000000000000e+00,6.428571428571429047e-01,5.925925925925937254e-02,9.722222222222223209e-01,5.438596491228073759e-01,3.750000000000000000e-01,6.034482758620682841e-01,5.714285714285715079e-01,6.666666666666667407e-01,0.000000000000000000e+00,0.000000000000000000e+00,7.500000000000000000e-01,6.033057851239664870e-01,6.666666666666667407e-01,0.000000000000000000e+00,0.000000000000000000e+00,0.000000000000000000e+00,0.000000000000000000e+00,0.000000000000000000e+00
0.000000000000000000e+00,9.923664122137404453e-01,0.000000000000000000e+00,0.000000000000000000e+00,0.000000000000000000e+00,1.818181818181817955e-01,9.722222222222220989e-01,4.624277456647404860e-02,0.000000000000000000e+00,5.000000000000000000e-01,0.000000000000000000e+00,0.000000000000000000e+00,0.000000000000000000e+00,0.000000000000000000e+00,0.000000000000000000e+00,0.000000000000000000e+00,9.976733364355513389e-01,9.548254620123204361e-01,7.528089887640448952e-01,0.000000000000000000e+00,1.000000000000000000e+00,0.000000000000000000e+00,4.999999999999998890e-01,0.000000000000000000e+00,1.000000000000000000e+00,4.999999999999997224e-01,3.773584905660379990e-02,4.545454545454545303e-01,2.059925093632950649e-02,0.000000000000000000e+00,0.000000000000000000e+00,0.000000000000000000e+00,0.000000000000000000e+00,0.000000000000000000e+00,6.428571428571429047e-01,5.925925925925937254e-02,9.629629629629630205e-01,5.438596491228073759e-01,5.000000000000000000e-01,7.413793103448269584e-01,5.714285714285715079e-01,6.666666666666667407e-01,0.000000000000000000e+00,0.000000000000000000e+00,7.500000000000000000e-01,6.033057851239664870e-01,6.666666666666667407e-01,0.000000000000000000e+00,0.000000000000000000e+00,0.000000000000000000e+00,0.000000000000000000e+00,0.000000000000000000e+00
0.000000000000000000e+00,9.923664122137404453e-01,0.000000000000000000e+00,0.000000000000000000e+00,0.000000000000000000e+00,1.818181818181817955e-01,9.722222222222220989e-01,4.624277456647404860e-02,0.000000000000000000e+00,5.000000000000000000e-01,0.000000000000000000e+00,0.000000000000000000e+00,0.000000000000000000e+00,0.000000000000000000e+00,0.000000000000000000e+00,0.000000000000000000e+00,9.976733364355513389e-01,9.548254620123204361e-01,7.490636704119847389e-01,0.000000000000000000e+00,1.000000000000000000e+00,0.000000000000000000e+00,4.999999999999998890e-01,0.000000000000000000e+00,1.000000000000000000e+00,4.999999999999997224e-01,3.773584905660379990e-02,4.545454545454545303e-01,2.059925093632950649e-02,0.000000000000000000e+00,0.000000000000000000e+00,0.000000000000000000e+00,0.000000000000000000e+00,0.000000000000000000e+00,6.428571428571429047e-01,5.925925925925937254e-02,9.629629629629630205e-01,7.807017543859647857e-01,5.000000000000000000e-01,7.413793103448269584e-01,5.714285714285715079e-01,4.166666666666666852e-01,0.000000000000000000e+00,0.000000000000000000e+00,7.500000000000000000e-01,6.033057851239664870e-01,6.666666666666667407e-01,0.000000000000000000e+00,0.000000000000000000e+00,0.000000000000000000e+00,0.000000000000000000e+00,0.000000000000000000e+00
0.000000000000000000e+00,9.923664122137404453e-01,0.000000000000000000e+00,0.000000000000000000e+00,0.000000000000000000e+00,1.818181818181817955e-01,9.722222222222220989e-01,4.624277456647404860e-02,0.000000000000000000e+00,5.000000000000000000e-01,0.000000000000000000e+00,0.000000000000000000e+00,0.000000000000000000e+00,0.000000000000000000e+00,0.000000000000000000e+00,0.000000000000000000e+00,9.976733364355513389e-01,9.548254620123204361e-01,7.490636704119847389e-01,0.000000000000000000e+00,1.000000000000000000e+00,0.000000000000000000e+00,4.999999999999998890e-01,0.000000000000000000e+00,1.000000000000000000e+00,4.999999999999997224e-01,3.773584905660379990e-02,5.454545454545454142e-01,2.059925093632950649e-02,0.000000000000000000e+00,0.000000000000000000e+00,0.000000000000000000e+00,0.000000000000000000e+00,0.000000000000000000e+00,6.428571428571429047e-01,5.925925925925937254e-02,9.629629629629630205e-01,7.807017543859647857e-01,5.000000000000000000e-01,4.482758620689663576e-01,5.714285714285715079e-01,4.166666666666666852e-01,0.000000000000000000e+00,0.000000000000000000e+00,7.500000000000000000e-01,6.033057851239664870e-01,6.666666666666667407e-01,0.000000000000000000e+00,0.000000000000000000e+00,0.000000000000000000e+00,0.000000000000000000e+00,0.000000000000000000e+00
0.000000000000000000e+00,9.923664122137404453e-01,0.000000000000000000e+00,0.000000000000000000e+00,0.000000000000000000e+00,1.818181818181817955e-01,9.722222222222220989e-01,5.202312138728327345e-02,0.000000000000000000e+00,5.000000000000000000e-01,0.000000000000000000e+00,0.000000000000000000e+00,0.000000000000000000e+00,0.000000000000000000e+00,0.000000000000000000e+00,0.000000000000000000e+00,9.976733364355513389e-01,9.548254620123204361e-01,7.490636704119847389e-01,0.000000000000000000e+00,1.000000000000000000e+00,0.000000000000000000e+00,4.999999999999998890e-01,0.000000000000000000e+00,1.000000000000000000e+00,4.999999999999997224e-01,3.773584905660379990e-02,5.454545454545454142e-01,2.059925093632950649e-02,0.000000000000000000e+00,0.000000000000000000e+00,0.000000000000000000e+00,0.000000000000000000e+00,0.000000000000000000e+00,6.428571428571429047e-01,5.925925925925937254e-02,9.629629629629630205e-01,7.807017543859647857e-01,5.000000000000000000e-01,3.448275862068971853e-01,5.714285714285715079e-01,4.166666666666666852e-01,0.000000000000000000e+00,0.000000000000000000e+00,7.500000000000000000e-01,6.033057851239664870e-01,6.666666666666667407e-01,0.000000000000000000e+00,0.000000000000000000e+00,0.000000000000000000e+00,0.000000000000000000e+00,0.000000000000000000e+00
0.000000000000000000e+00,9.961832061068702782e-01,0.000000000000000000e+00,0.000000000000000000e+00,0.000000000000000000e+00,1.818181818181817955e-01,9.722222222222220989e-01,6.358381502890177173e-02,0.000000000000000000e+00,5.000000000000000000e-01,0.000000000000000000e+00,0.000000000000000000e+00,0.000000000000000000e+00,0.000000000000000000e+00,0.000000000000000000e+00,0.000000000000000000e+00,9.976733364355513389e-01,9.548254620123204361e-01,7.453183520599249157e-01,0.000000000000000000e+00,1.000000000000000000e+00,0.000000000000000000e+00,4.999999999999998890e-01,0.000000000000000000e+00,1.000000000000000000e+00,4.999999999999997224e-01,3.773584905660379990e-02,5.454545454545454142e-01,2.059925093632950649e-02,0.000000000000000000e+00,0.000000000000000000e+00,0.000000000000000000e+00,0.000000000000000000e+00,0.000000000000000000e+00,6.428571428571429047e-01,5.925925925925937254e-02,9.629629629629630205e-01,7.807017543859647857e-01,5.000000000000000000e-01,1.724137931034485927e-01,5.714285714285715079e-01,7.500000000000000000e-01,0.000000000000000000e+00,0.000000000000000000e+00,7.500000000000000000e-01,1.983471074380166732e-01,6.666666666666667407e-01,0.000000000000000000e+00,0.000000000000000000e+00,0.000000000000000000e+00,0.000000000000000000e+00,0.000000000000000000e+00
0.000000000000000000e+00,9.961832061068702782e-01,0.000000000000000000e+00,0.000000000000000000e+00,0.000000000000000000e+00,1.818181818181817955e-01,9.444444444444444198e-01,6.358381502890177173e-02,0.000000000000000000e+00,5.000000000000000000e-01,0.000000000000000000e+00,0.000000000000000000e+00,0.000000000000000000e+00,0.000000000000000000e+00,0.000000000000000000e+00,0.000000000000000000e+00,9.953466728711027889e-01,9.548254620123204361e-01,7.453183520599249157e-01,0.000000000000000000e+00,1.000000000000000000e+00,0.000000000000000000e+00,4.999999999999998890e-01,0.000000000000000000e+00,1.000000000000000000e+00,4.999999999999997224e-01,3.773584905660379990e-02,5.454545454545454142e-01,2.059925093632950649e-02,0.000000000000000000e+00,0.000000000000000000e+00,0.000000000000000000e+00,0.000000000000000000e+00,0.000000000000000000e+00,6.428571428571429047e-01,5.925925925925937254e-02,9.629629629629630205e-01,7.807017543859647857e-01,5.000000000000000000e-01,1.724137931034486204e-02,5.714285714285715079e-01,7.500000000000000000e-01,0.000000000000000000e+00,0.000000000000000000e+00,7.500000000000000000e-01,1.983471074380166732e-01,6.666666666666667407e-01,0.000000000000000000e+00,0.000000000000000000e+00,0.000000000000000000e+00,0.000000000000000000e+00,0.000000000000000000e+00
0.000000000000000000e+00,9.961832061068702782e-01,0.000000000000000000e+00,0.000000000000000000e+00,0.000000000000000000e+00,1.818181818181817955e-01,9.166666666666665186e-01,6.358381502890177173e-02,0.000000000000000000e+00,5.000000000000000000e-01,0.000000000000000000e+00,0.000000000000000000e+00,0.000000000000000000e+00,0.000000000000000000e+00,0.000000000000000000e+00,0.000000000000000000e+00,9.930200093066542388e-01,9.548254620123204361e-01,7.415730337078649814e-01,0.000000000000000000e+00,1.000000000000000000e+00,0.000000000000000000e+00,4.999999999999998890e-01,0.000000000000000000e+00,1.000000000000000000e+00,4.999999999999997224e-01,3.773584905660379990e-02,4.545454545454545303e-01,2.059925093632950649e-02,0.000000000000000000e+00,0.000000000000000000e+00,0.000000000000000000e+00,0.000000000000000000e+00,0.000000000000000000e+00,6.428571428571429047e-01,5.925925925925937254e-02,9.629629629629630205e-01,7.807017543859647857e-01,5.000000000000000000e-01,1.724137931034486204e-02,8.571428571428570953e-01,7.500000000000000000e-01,0.000000000000000000e+00,0.000000000000000000e+00,7.500000000000000000e-01,1.983471074380166732e-01,6.666666666666667407e-01,0.000000000000000000e+00,0.000000000000000000e+00,0.000000000000000000e+00,0.000000000000000000e+00,0.000000000000000000e+00
0.000000000000000000e+00,9.961832061068702782e-01,0.000000000000000000e+00,0.000000000000000000e+00,0.000000000000000000e+00,1.818181818181817955e-01,9.166666666666665186e-01,6.358381502890177173e-02,0.000000000000000000e+00,5.000000000000000000e-01,0.000000000000000000e+00,0.000000000000000000e+00,0.000000000000000000e+00,0.000000000000000000e+00,0.000000000000000000e+00,0.000000000000000000e+00,9.930200093066542388e-01,9.548254620123204361e-01,7.415730337078649814e-01,0.000000000000000000e+00,1.000000000000000000e+00,0.000000000000000000e+00,4.999999999999998890e-01,0.000000000000000000e+00,1.000000000000000000e+00,4.999999999999997224e-01,3.773584905660379990e-02,3.636363636363635909e-01,2.059925093632950649e-02,0.000000000000000000e+00,0.000000000000000000e+00,0.000000000000000000e+00,0.000000000000000000e+00,0.000000000000000000e+00,6.428571428571429047e-01,5.925925925925937254e-02,9.629629629629630205e-01,7.807017543859647857e-01,5.000000000000000000e-01,1.379310344827588963e-01,1.000000000000000000e+00,7.500000000000000000e-01,0.000000000000000000e+00,0.000000000000000000e+00,7.500000000000000000e-01,1.983471074380166732e-01,6.666666666666667407e-01,0.000000000000000000e+00,0.000000000000000000e+00,0.000000000000000000e+00,0.000000000000000000e+00,0.000000000000000000e+00
0.000000000000000000e+00,9.961832061068702782e-01,0.000000000000000000e+00,0.000000000000000000e+00,0.000000000000000000e+00,1.818181818181817955e-01,9.166666666666665186e-01,6.358381502890177173e-02,0.000000000000000000e+00,5.000000000000000000e-01,0.000000000000000000e+00,0.000000000000000000e+00,0.000000000000000000e+00,0.000000000000000000e+00,0.000000000000000000e+00,0.000000000000000000e+00,9.930200093066542388e-01,9.548254620123204361e-01,7.378277153558049362e-01,0.000000000000000000e+00,1.000000000000000000e+00,0.000000000000000000e+00,4.999999999999998890e-01,0.000000000000000000e+00,1.000000000000000000e+00,4.999999999999997224e-01,3.773584905660379990e-02,3.636363636363635909e-01,2.247191011235945973e-02,0.000000000000000000e+00,0.000000000000000000e+00,0.000000000000000000e+00,0.000000000000000000e+00,0.000000000000000000e+00,6.428571428571429047e-01,5.925925925925937254e-02,9.629629629629630205e-01,7.807017543859647857e-01,5.000000000000000000e-01,1.379310344827588963e-01,1.000000000000000000e+00,7.500000000000000000e-01,0.000000000000000000e+00,0.000000000000000000e+00,7.500000000000000000e-01,1.983471074380166732e-01,6.666666666666667407e-01,0.000000000000000000e+00,0.000000000000000000e+00,0.000000000000000000e+00,0.000000000000000000e+00,0.000000000000000000e+00
0.000000000000000000e+00,9.961832061068702782e-01,0.000000000000000000e+00,0.000000000000000000e+00,0.000000000000000000e+00,1.818181818181817955e-01,9.166666666666665186e-01,6.358381502890177173e-02,0.000000000000000000e+00,5.000000000000000000e-01,0.000000000000000000e+00,0.000000000000000000e+00,0.000000000000000000e+00,0.000000000000000000e+00,0.000000000000000000e+00,0.000000000000000000e+00,9.930200093066542388e-01,9.548254620123204361e-01,7.378277153558049362e-01,0.000000000000000000e+00,1.000000000000000000e+00,0.000000000000000000e+00,4.999999999999998890e-01,0.000000000000000000e+00,1.000000000000000000e+00,4.999999999999997224e-01,1.886792452830204220e-02,2.727272727272727071e-01,2.247191011235945973e-02,0.000000000000000000e+00,0.000000000000000000e+00,0.000000000000000000e+00,0.000000000000000000e+00,0.000000000000000000e+00,6.428571428571429047e-01,5.925925925925937254e-02,9.629629629629630205e-01,7.807017543859647857e-01,5.000000000000000000e-01,6.896551724137944817e-02,1.000000000000000000e+00,7.500000000000000000e-01,0.000000000000000000e+00,0.000000000000000000e+00,5.000000000000000000e-01,5.371900826446276422e-01,6.666666666666667407e-01,0.000000000000000000e+00,0.000000000000000000e+00,0.000000000000000000e+00,0.000000000000000000e+00,0.000000000000000000e+00
0.000000000000000000e+00,9.961832061068702782e-01,0.000000000000000000e+00,0.000000000000000000e+00,0.000000000000000000e+00,1.818181818181817955e-01,9.166666666666665186e-01,6.358381502890177173e-02,0.000000000000000000e+00,5.000000000000000000e-01,0.000000000000000000e+00,0.000000000000000000e+00,0.000000000000000000e+00,0.000000000000000000e+00,0.000000000000000000e+00,0.000000000000000000e+00,9.930200093066542388e-01,9.548254620123204361e-01,7.378277153558049362e-01,0.000000000000000000e+00,1.000000000000000000e+00,0.000000000000000000e+00,4.999999999999998890e-01,0.000000000000000000e+00,1.000000000000000000e+00,4.999999999999997224e-01,1.886792452830204220e-02,1.818181818181817955e-01,2.434456928838944073e-02,0.000000000000000000e+00,0.000000000000000000e+00,0.000000000000000000e+00,0.000000000000000000e+00,0.000000000000000000e+00,6.428571428571429047e-01,2.592592592592613682e-02,9.629629629629630205e-01,7.807017543859647857e-01,5.000000000000000000e-01,0.000000000000000000e+00,1.000000000000000000e+00,7.500000000000000000e-01,0.000000000000000000e+00,0.000000000000000000e+00,5.000000000000000000e-01,5.371900826446276422e-01,6.666666666666667407e-01,0.000000000000000000e+00,0.000000000000000000e+00,0.000000000000000000e+00,0.000000000000000000e+00,0.000000000000000000e+00
0.000000000000000000e+00,9.961832061068702782e-01,0.000000000000000000e+00,0.000000000000000000e+00,0.000000000000000000e+00,1.818181818181817955e-01,9.166666666666665186e-01,6.358381502890177173e-02,0.000000000000000000e+00,5.000000000000000000e-01,0.000000000000000000e+00,0.000000000000000000e+00,0.000000000000000000e+00,0.000000000000000000e+00,0.000000000000000000e+00,0.000000000000000000e+00,9.883666821777570277e-01,9.548254620123204361e-01,7.340823970037452240e-01,0.000000000000000000e+00,1.000000000000000000e+00,0.000000000000000000e+00,4.999999999999998890e-01,0.000000000000000000e+00,1.000000000000000000e+00,4.999999999999997224e-01,1.886792452830204220e-02,1.818181818181817955e-01,2.434456928838944073e-02,0.000000000000000000e+00,0.000000000000000000e+00,0.000000000000000000e+00,0.000000000000000000e+00,0.000000000000000000e+00,6.428571428571429047e-01,7.407407407407586367e-03,9.629629629629630205e-01,7.807017543859647857e-01,3.750000000000000000e-01,0.000000000000000000e+00,1.000000000000000000e+00,9.166666666666667407e-01,0.000000000000000000e+00,0.000000000000000000e+00,5.000000000000000000e-01,5.371900826446276422e-01,6.666666666666667407e-01,0.000000000000000000e+00,0.000000000000000000e+00,0.000000000000000000e+00,0.000000000000000000e+00,0.000000000000000000e+00
0.000000000000000000e+00,9.961832061068702782e-01,0.000000000000000000e+00,0.000000000000000000e+00,0.000000000000000000e+00,1.818181818181817955e-01,9.166666666666665186e-01,6.358381502890177173e-02,0.000000000000000000e+00,5.000000000000000000e-01,0.000000000000000000e+00,0.000000000000000000e+00,0.000000000000000000e+00,0.000000000000000000e+00,0.000000000000000000e+00,0.000000000000000000e+00,9.883666821777570277e-01,9.548254620123204361e-01,7.340823970037452240e-01,0.000000000000000000e+00,1.000000000000000000e+00,0.000000000000000000e+00,4.999999999999998890e-01,0.000000000000000000e+00,1.000000000000000000e+00,4.999999999999997224e-01,1.886792452830204220e-02,1.818181818181817955e-01,2.434456928838944073e-02,0.000000000000000000e+00,0.000000000000000000e+00,0.000000000000000000e+00,0.000000000000000000e+00,0.000000000000000000e+00,6.428571428571429047e-01,7.407407407407586367e-03,9.629629629629630205e-01,7.807017543859647857e-01,3.750000000000000000e-01,0.000000000000000000e+00,1.000000000000000000e+00,9.166666666666667407e-01,0.000000000000000000e+00,0.000000000000000000e+00,5.000000000000000000e-01,5.371900826446276422e-01,6.666666666666667407e-01,0.000000000000000000e+00,0.000000000000000000e+00,0.000000000000000000e+00,0.000000000000000000e+00,0.000000000000000000e+00
0.000000000000000000e+00,9.961832061068702782e-01,0.000000000000000000e+00,0.000000000000000000e+00,0.000000000000000000e+00,1.818181818181817955e-01,9.166666666666665186e-01,6.358381502890177173e-02,0.000000000000000000e+00,5.000000000000000000e-01,0.000000000000000000e+00,0.000000000000000000e+00,0.000000000000000000e+00,0.000000000000000000e+00,0.000000000000000000e+00,0.000000000000000000e+00,9.860400186133084777e-01,9.548254620123204361e-01,7.340823970037452240e-01,0.000000000000000000e+00,1.000000000000000000e+00,0.000000000000000000e+00,4.999999999999998890e-01,0.000000000000000000e+00,1.000000000000000000e+00,4.999999999999997224e-01,1.886792452830204220e-02,2.727272727272727071e-01,2.434456928838944073e-02,0.000000000000000000e+00,0.000000000000000000e+00,0.000000000000000000e+00,0.000000000000000000e+00,0.000000000000000000e+00,6.428571428571429047e-01,7.407407407407586367e-03,9.629629629629630205e-01,7.807017543859647857e-01,2.500000000000000000e-01,3.448275862068972408e-02,1.000000000000000000e+00,9.166666666666667407e-01,0.000000000000000000e+00,0.000000000000000000e+00,5.000000000000000000e-01,5.371900826446276422e-01,6.666666666666667407e-01,0.000000000000000000e+00,0.000000000000000000e+00,0.000000000000000000e+00,0.000000000000000000e+00,0.000000000000000000e+00
0.000000000000000000e+00,9.961832061068702782e-01,0.000000000000000000e+00,0.000000000000000000e+00,0.000000000000000000e+00,1.818181818181817955e-01,9.166666666666665186e-01,6.358381502890177173e-02,0.000000000000000000e+00,5.000000000000000000e-01,0.000000000000000000e+00,0.000000000000000000e+00,0.000000000000000000e+00,0.000000000000000000e+00,0.000000000000000000e+00,0.000000000000000000e+00,9.860400186133084777e-01,9.548254620123204361e-01,7.303370786516851787e-01,0.000000000000000000e+00,1.000000000000000000e+00,0.000000000000000000e+00,4.999999999999998890e-01,0.000000000000000000e+00,1.000000000000000000e+00,4.999999999999997224e-01,1.886792452830204220e-02,3.636363636363635909e-01,2.434456928838944073e-02,0.000000000000000000e+00,0.000000000000000000e+00,0.000000000000000000e+00,0.000000000000000000e+00,0.000000000000000000e+00,6.428571428571429047e-01,7.407407407407586367e-03,9.629629629629630205e-01,7.807017543859647857e-01,2.500000000000000000e-01,3.103448275862074612e-01,1.000000000000000000e+00,7.500000000000000000e-01,0.000000000000000000e+00,0.000000000000000000e+00,5.000000000000000000e-01,5.371900826446276422e-01,6.666666666666667407e-01,0.000000000000000000e+00,0.000000000000000000e+00,0.000000000000000000e+00,0.000000000000000000e+00,0.000000000000000000e+00
0.000000000000000000e+00,1.000000000000000000e+00,0.000000000000000000e+00,0.000000000000000000e+00,0.000000000000000000e+00,1.818181818181817955e-01,9.166666666666665186e-01,6.358381502890177173e-02,0.000000000000000000e+00,5.000000000000000000e-01,0.000000000000000000e+00,0.000000000000000000e+00,0.000000000000000000e+00,0.000000000000000000e+00,0.000000000000000000e+00,0.000000000000000000e+00,9.860400186133084777e-01,9.548254620123204361e-01,7.265917602996252445e-01,0.000000000000000000e+00,1.000000000000000000e+00,0.000000000000000000e+00,4.999999999999998890e-01,0.000000000000000000e+00,1.000000000000000000e+00,4.999999999999997224e-01,1.132075471698112679e-01,4.545454545454545303e-01,2.434456928838944073e-02,0.000000000000000000e+00,0.000000000000000000e+00,0.000000000000000000e+00,0.000000000000000000e+00,0.000000000000000000e+00,6.428571428571429047e-01,7.407407407407586367e-03,9.629629629629630205e-01,7.807017543859647857e-01,2.500000000000000000e-01,5.689655172413785600e-01,8.571428571428570953e-01,5.833333333333333703e-01,0.000000000000000000e+00,0.000000000000000000e+00,5.000000000000000000e-01,5.371900826446276422e-01,6.666666666666667407e-01,0.000000000000000000e+00,0.000000000000000000e+00,0.000000000000000000e+00,0.000000000000000000e+00,0.000000000000000000e+00
0.000000000000000000e+00,9.961832061068702782e-01,0.000000000000000000e+00,0.000000000000000000e+00,0.000000000000000000e+00,1.818181818181817955e-01,9.166666666666665186e-01,6.358381502890177173e-02,0.000000000000000000e+00,5.000000000000000000e-01,0.000000000000000000e+00,0.000000000000000000e+00,0.000000000000000000e+00,0.000000000000000000e+00,0.000000000000000000e+00,0.000000000000000000e+00,9.860400186133084777e-01,9.548254620123204361e-01,7.265917602996252445e-01,0.000000000000000000e+00,1.000000000000000000e+00,0.000000000000000000e+00,4.999999999999998890e-01,0.000000000000000000e+00,1.000000000000000000e+00,4.999999999999997224e-01,1.132075471698112679e-01,4.545454545454545303e-01,2.247191011235945973e-02,0.000000000000000000e+00,0.000000000000000000e+00,0.000000000000000000e+00,0.000000000000000000e+00,0.000000000000000000e+00,6.428571428571429047e-01,7.407407407407586367e-03,9.629629629629630205e-01,7.807017543859647857e-01,2.500000000000000000e-01,6.034482758620682841e-01,5.714285714285715079e-01,5.833333333333333703e-01,0.000000000000000000e+00,0.000000000000000000e+00,5.000000000000000000e-01,5.371900826446276422e-01,6.666666666666667407e-01,0.000000000000000000e+00,0.000000000000000000e+00,0.000000000000000000e+00,0.000000000000000000e+00,0.000000000000000000e+00
0.000000000000000000e+00,9.961832061068702782e-01,0.000000000000000000e+00,0.000000000000000000e+00,0.000000000000000000e+00,1.818181818181817955e-01,9.166666666666665186e-01,6.358381502890177173e-02,0.000000000000000000e+00,5.000000000000000000e-01,0.000000000000000000e+00,0.000000000000000000e+00,0.000000000000000000e+00,0.000000000000000000e+00,0.000000000000000000e+00,0.000000000000000000e+00,9.860400186133084777e-01,9.548254620123204361e-01,7.228464419475653102e-01,0.000000000000000000e+00,1.000000000000000000e+00,0.000000000000000000e+00,4.999999999999998890e-01,0.000000000000000000e+00,1.000000000000000000e+00,4.999999999999997224e-01,1.132075471698112679e-01,4.545454545454545303e-01,2.434456928838944073e-02,0.000000000000000000e+00,0.000000000000000000e+00,0.000000000000000000e+00,0.000000000000000000e+00,0.000000000000000000e+00,6.428571428571429047e-01,7.407407407407586367e-03,9.629629629629630205e-01,7.807017543859647857e-01,2.500000000000000000e-01,6.034482758620682841e-01,5.714285714285715079e-01,5.833333333333333703e-01,0.000000000000000000e+00,0.000000000000000000e+00,5.000000000000000000e-01,5.371900826446276422e-01,6.666666666666667407e-01,0.000000000000000000e+00,0.000000000000000000e+00,0.000000000000000000e+00,0.000000000000000000e+00,0.000000000000000000e+00
0.000000000000000000e+00,9.961832061068702782e-01,0.000000000000000000e+00,0.000000000000000000e+00,0.000000000000000000e+00,1.818181818181817955e-01,9.166666666666665186e-01,6.358381502890177173e-02,0.000000000000000000e+00,5.000000000000000000e-01,0.000000000000000000e+00,0.000000000000000000e+00,0.000000000000000000e+00,0.000000000000000000e+00,0.000000000000000000e+00,0.000000000000000000e+00,9.883666821777570277e-01,9.548254620123204361e-01,7.228464419475653102e-01,0.000000000000000000e+00,1.000000000000000000e+00,0.000000000000000000e+00,4.999999999999998890e-01,0.000000000000000000e+00,1.000000000000000000e+00,4.999999999999997224e-01,3.773584905660379990e-02,5.454545454545454142e-01,2.434456928838944073e-02,0.000000000000000000e+00,0.000000000000000000e+00,0.000000000000000000e+00,0.000000000000000000e+00,0.000000000000000000e+00,6.428571428571429047e-01,7.407407407407586367e-03,9.444444444444444198e-01,7.807017543859647857e-01,2.500000000000000000e-01,3.793103448275869649e-01,5.714285714285715079e-01,5.833333333333333703e-01,0.000000000000000000e+00,0.000000000000000000e+00,5.000000000000000000e-01,5.371900826446276422e-01,6.666666666666667407e-01,0.000000000000000000e+00,0.000000000000000000e+00,0.000000000000000000e+00,0.000000000000000000e+00,0.000000000000000000e+00
0.000000000000000000e+00,9.961832061068702782e-01,0.000000000000000000e+00,0.000000000000000000e+00,0.000000000000000000e+00,1.818181818181817955e-01,9.166666666666665186e-01,6.358381502890177173e-02,0.000000000000000000e+00,5.000000000000000000e-01,0.000000000000000000e+00,0.000000000000000000e+00,0.000000000000000000e+00,0.000000000000000000e+00,0.000000000000000000e+00,0.000000000000000000e+00,9.906933457422055778e-01,9.548254620123204361e-01,7.228464419475653102e-01,0.000000000000000000e+00,1.000000000000000000e+00,0.000000000000000000e+00,4.999999999999998890e-01,0.000000000000000000e+00,1.000000000000000000e+00,4.999999999999997224e-01,3.773584905660379990e-02,5.454545454545454142e-01,2.434456928838944073e-02,0.000000000000000000e+00,0.000000000000000000e+00,0.000000000000000000e+00,0.000000000000000000e+00,0.000000000000000000e+00,6.428571428571429047e-01,7.407407407407586367e-03,9.444444444444444198e-01,7.807017543859647857e-01,2.500000000000000000e-01,2.586206896551728751e-01,5.714285714285715079e-01,5.833333333333333703e-01,0.000000000000000000e+00,0.000000000000000000e+00,5.000000000000000000e-01,5.371900826446276422e-01,6.666666666666667407e-01,0.000000000000000000e+00,0.000000000000000000e+00,0.000000000000000000e+00,0.000000000000000000e+00,0.000000000000000000e+00
0.000000000000000000e+00,9.961832061068702782e-01,0.000000000000000000e+00,0.000000000000000000e+00,0.000000000000000000e+00,1.818181818181817955e-01,9.166666666666665186e-01,6.358381502890177173e-02,0.000000000000000000e+00,5.000000000000000000e-01,0.000000000000000000e+00,0.000000000000000000e+00,0.000000000000000000e+00,0.000000000000000000e+00,0.000000000000000000e+00,0.000000000000000000e+00,9.906933457422055778e-01,9.548254620123204361e-01,7.191011235955053760e-01,0.000000000000000000e+00,1.000000000000000000e+00,0.000000000000000000e+00,4.999999999999998890e-01,0.000000000000000000e+00,1.000000000000000000e+00,4.999999999999997224e-01,3.773584905660379990e-02,5.454545454545454142e-01,2.247191011235945973e-02,0.000000000000000000e+00,0.000000000000000000e+00,0.000000000000000000e+00,0.000000000000000000e+00,0.000000000000000000e+00,6.428571428571429047e-01,7.407407407407586367e-03,9.444444444444444198e-01,7.807017543859647857e-01,2.500000000000000000e-01,2.586206896551728751e-01,5.714285714285715079e-01,5.833333333333333703e-01,0.000000000000000000e+00,0.000000000000000000e+00,7.500000000000000000e-01,5.371900826446276422e-01,6.666666666666667407e-01,0.000000000000000000e+00,0.000000000000000000e+00,0.000000000000000000e+00,0.000000000000000000e+00,0.000000000000000000e+00
0.000000000000000000e+00,9.961832061068702782e-01,0.000000000000000000e+00,0.000000000000000000e+00,0.000000000000000000e+00,1.818181818181817955e-01,9.444444444444444198e-01,6.358381502890177173e-02,0.000000000000000000e+00,5.000000000000000000e-01,0.000000000000000000e+00,0.000000000000000000e+00,0.000000000000000000e+00,0.000000000000000000e+00,0.000000000000000000e+00,0.000000000000000000e+00,9.906933457422055778e-01,9.548254620123204361e-01,7.191011235955053760e-01,0.000000000000000000e+00,1.000000000000000000e+00,0.000000000000000000e+00,4.999999999999998890e-01,0.000000000000000000e+00,1.000000000000000000e+00,4.999999999999997224e-01,3.773584905660379990e-02,6.363636363636363535e-01,2.247191011235945973e-02,0.000000000000000000e+00,0.000000000000000000e+00,0.000000000000000000e+00,0.000000000000000000e+00,0.000000000000000000e+00,6.428571428571429047e-01,7.407407407407586367e-03,9.444444444444444198e-01,7.807017543859647857e-01,3.750000000000000000e-01,2.586206896551728751e-01,8.571428571428570953e-01,6.666666666666667407e-01,0.000000000000000000e+00,0.000000000000000000e+00,7.500000000000000000e-01,5.371900826446276422e-01,6.666666666666667407e-01,0.000000000000000000e+00,0.000000000000000000e+00,0.000000000000000000e+00,0.000000000000000000e+00,0.000000000000000000e+00
0.000000000000000000e+00,9.961832061068702782e-01,0.000000000000000000e+00,0.000000000000000000e+00,0.000000000000000000e+00,1.818181818181817955e-01,9.444444444444444198e-01,6.358381502890177173e-02,0.000000000000000000e+00,5.000000000000000000e-01,0.000000000000000000e+00,0.000000000000000000e+00,0.000000000000000000e+00,0.000000000000000000e+00,0.000000000000000000e+00,0.000000000000000000e+00,9.906933457422055778e-01,9.548254620123204361e-01,7.153558052434455528e-01,0.000000000000000000e+00,1.000000000000000000e+00,0.000000000000000000e+00,4.999999999999998890e-01,0.000000000000000000e+00,1.000000000000000000e+00,4.999999999999997224e-01,3.773584905660379990e-02,6.363636363636363535e-01,2.247191011235945973e-02,0.000000000000000000e+00,0.000000000000000000e+00,0.000000000000000000e+00,0.000000000000000000e+00,0.000000000000000000e+00,6.428571428571429047e-01,1.851851851851847933e-02,9.351851851851850084e-01,7.807017543859647857e-01,3.750000000000000000e-01,3.275862068965523233e-01,8.571428571428570953e-01,6.666666666666667407e-01,0.000000000000000000e+00,0.000000000000000000e+00,7.500000000000000000e-01,5.371900826446276422e-01,8.333333333333333703e-01,0.000000000000000000e+00,0.000000000000000000e+00,0.000000000000000000e+00,0.000000000000000000e+00,0.000000000000000000e+00
0.000000000000000000e+00,9.961832061068702782e-01,0.000000000000000000e+00,0.000000000000000000e+00,0.000000000000000000e+00,1.818181818181817955e-01,9.444444444444444198e-01,6.358381502890177173e-02,0.000000000000000000e+00,5.000000000000000000e-01,0.000000000000000000e+00,0.000000000000000000e+00,0.000000000000000000e+00,0.000000000000000000e+00,0.000000000000000000e+00,0.000000000000000000e+00,9.906933457422055778e-01,9.548254620123204361e-01,7.116104868913855075e-01,0.000000000000000000e+00,1.000000000000000000e+00,0.000000000000000000e+00,4.999999999999998890e-01,0.000000000000000000e+00,1.000000000000000000e+00,4.999999999999997224e-01,3.773584905660379990e-02,6.363636363636363535e-01,2.247191011235945973e-02,0.000000000000000000e+00,0.000000000000000000e+00,0.000000000000000000e+00,0.000000000000000000e+00,0.000000000000000000e+00,6.428571428571429047e-01,1.851851851851847933e-02,9.351851851851850084e-01,7.807017543859647857e-01,3.750000000000000000e-01,3.620689655172420474e-01,7.142857142857143016e-01,6.666666666666667407e-01,0.000000000000000000e+00,0.000000000000000000e+00,7.500000000000000000e-01,5.371900826446276422e-01,8.333333333333333703e-01,0.000000000000000000e+00,0.000000000000000000e+00,0.000000000000000000e+00,0.000000000000000000e+00,0.000000000000000000e+00
0.000000000000000000e+00,9.961832061068702782e-01,0.000000000000000000e+00,0.000000000000000000e+00,0.000000000000000000e+00,1.818181818181817955e-01,9.444444444444444198e-01,6.358381502890177173e-02,0.000000000000000000e+00,5.000000000000000000e-01,0.000000000000000000e+00,0.000000000000000000e+00,0.000000000000000000e+00,0.000000000000000000e+00,0.000000000000000000e+00,0.000000000000000000e+00,9.906933457422055778e-01,9.548254620123204361e-01,7.116104868913855075e-01,0.000000000000000000e+00,1.000000000000000000e+00,0.000000000000000000e+00,4.999999999999998890e-01,0.000000000000000000e+00,1.000000000000000000e+00,4.999999999999997224e-01,3.773584905660379990e-02,5.454545454545454142e-01,2.247191011235945973e-02,0.000000000000000000e+00,0.000000000000000000e+00,0.000000000000000000e+00,0.000000000000000000e+00,0.000000000000000000e+00,6.428571428571429047e-01,1.851851851851847933e-02,9.351851851851850084e-01,7.807017543859647857e-01,5.000000000000000000e-01,4.827586206896560816e-01,7.142857142857143016e-01,6.666666666666667407e-01,0.000000000000000000e+00,0.000000000000000000e+00,1.000000000000000000e+00,5.371900826446276422e-01,8.333333333333333703e-01,0.000000000000000000e+00,0.000000000000000000e+00,0.000000000000000000e+00,0.000000000000000000e+00,0.000000000000000000e+00
0.000000000000000000e+00,1.000000000000000000e+00,0.000000000000000000e+00,0.000000000000000000e+00,0.000000000000000000e+00,1.818181818181817955e-01,9.444444444444444198e-01,6.358381502890177173e-02,0.000000000000000000e+00,5.000000000000000000e-01,0.000000000000000000e+00,0.000000000000000000e+00,0.000000000000000000e+00,0.000000000000000000e+00,0.000000000000000000e+00,0.000000000000000000e+00,9.906933457422055778e-01,9.548254620123204361e-01,7.078651685393255732e-01,0.000000000000000000e+00,1.000000000000000000e+00,0.000000000000000000e+00,4.999999999999998890e-01,0.000000000000000000e+00,1.000000000000000000e+00,4.999999999999997224e-01,6.603773584905682503e-02,5.454545454545454142e-01,2.247191011235945973e-02,0.000000000000000000e+00,0.000000000000000000e+00,0.000000000000000000e+00,0.000000000000000000e+00,0.000000000000000000e+00,6.428571428571429047e-01,1.851851851851847933e-02,9.351851851851850084e-01,7.807017543859647857e-01,5.000000000000000000e-01,4.137931034482766335e-01,7.142857142857143016e-01,6.666666666666667407e-01,0.000000000000000000e+00,0.000000000000000000e+00,1.000000000000000000e+00,5.371900826446276422e-01,8.333333333333333703e-01,0.000000000000000000e+00,0.000000000000000000e+00,0.000000000000000000e+00,0.000000000000000000e+00,0.000000000000000000e+00
0.000000000000000000e+00,1.000000000000000000e+00,0.000000000000000000e+00,0.000000000000000000e+00,0.000000000000000000e+00,1.818181818181817955e-01,9.444444444444444198e-01,6.358381502890177173e-02,0.000000000000000000e+00,5.000000000000000000e-01,0.000000000000000000e+00,0.000000000000000000e+00,0.000000000000000000e+00,0.000000000000000000e+00,0.000000000000000000e+00,0.000000000000000000e+00,9.906933457422055778e-01,9.558521560574949616e-01,7.041198501872656390e-01,0.000000000000000000e+00,1.000000000000000000e+00,0.000000000000000000e+00,4.999999999999998890e-01,0.000000000000000000e+00,1.000000000000000000e+00,4.999999999999997224e-01,6.603773584905682503e-02,5.454545454545454142e-01,2.247191011235945973e-02,0.000000000000000000e+00,0.000000000000000000e+00,0.000000000000000000e+00,0.000000000000000000e+00,0.000000000000000000e+00,6.428571428571429047e-01,1.851851851851847933e-02,9.351851851851850084e-01,7.807017543859647857e-01,5.000000000000000000e-01,3.448275862068971853e-01,7.142857142857143016e-01,6.666666666666667407e-01,0.000000000000000000e+00,0.000000000000000000e+00,1.000000000000000000e+00,5.371900826446276422e-01,8.333333333333333703e-01,0.000000000000000000e+00,0.000000000000000000e+00,0.000000000000000000e+00,0.000000000000000000e+00,0.000000000000000000e+00
0.000000000000000000e+00,1.000000000000000000e+00,0.000000000000000000e+00,0.000000000000000000e+00,0.000000000000000000e+00,1.818181818181817955e-01,9.444444444444444198e-01,6.358381502890177173e-02,0.000000000000000000e+00,5.000000000000000000e-01,0.000000000000000000e+00,0.000000000000000000e+00,0.000000000000000000e+00,0.000000000000000000e+00,0.000000000000000000e+00,0.000000000000000000e+00,9.930200093066542388e-01,9.558521560574949616e-01,7.041198501872656390e-01,0.000000000000000000e+00,1.000000000000000000e+00,0.000000000000000000e+00,4.999999999999998890e-01,0.000000000000000000e+00,1.000000000000000000e+00,4.999999999999997224e-01,6.603773584905682503e-02,5.454545454545454142e-01,2.247191011235945973e-02,0.000000000000000000e+00,0.000000000000000000e+00,0.000000000000000000e+00,0.000000000000000000e+00,0.000000000000000000e+00,6.428571428571429047e-01,1.851851851851847933e-02,9.351851851851850084e-01,7.807017543859647857e-01,5.000000000000000000e-01,3.448275862068971853e-01,7.142857142857143016e-01,6.666666666666667407e-01,0.000000000000000000e+00,0.000000000000000000e+00,1.000000000000000000e+00,5.371900826446276422e-01,8.333333333333333703e-01,0.000000000000000000e+00,0.000000000000000000e+00,0.000000000000000000e+00,0.000000000000000000e+00,0.000000000000000000e+00
0.000000000000000000e+00,1.000000000000000000e+00,0.000000000000000000e+00,0.000000000000000000e+00,0.000000000000000000e+00,1.818181818181817955e-01,9.722222222222220989e-01,6.358381502890177173e-02,0.000000000000000000e+00,5.000000000000000000e-01,0.000000000000000000e+00,0.000000000000000000e+00,0.000000000000000000e+00,0.000000000000000000e+00,0.000000000000000000e+00,0.000000000000000000e+00,9.930200093066542388e-01,9.548254620123204361e-01,7.003745318352058158e-01,0.000000000000000000e+00,1.000000000000000000e+00,0.000000000000000000e+00,4.999999999999998890e-01,0.000000000000000000e+00,1.000000000000000000e+00,4.999999999999997224e-01,6.603773584905682503e-02,4.545454545454545303e-01,2.434456928838944073e-02,0.000000000000000000e+00,0.000000000000000000e+00,0.000000000000000000e+00,0.000000000000000000e+00,0.000000000000000000e+00,6.428571428571429047e-01,1.851851851851847933e-02,9.166666666666665186e-01,7.807017543859647857e-01,3.750000000000000000e-01,1.896551724137934547e-01,7.142857142857143016e-01,6.666666666666667407e-01,0.000000000000000000e+00,0.000000000000000000e+00,1.000000000000000000e+00,5.371900826446276422e-01,8.333333333333333703e-01,0.000000000000000000e+00,0.000000000000000000e+00,0.000000000000000000e+00,0.000000000000000000e+00,0.000000000000000000e+00
0.000000000000000000e+00,1.000000000000000000e+00,0.000000000000000000e+00,0.000000000000000000e+00,0.000000000000000000e+00,1.818181818181817955e-01,9.722222222222220989e-01,6.358381502890177173e-02,0.000000000000000000e+00,5.000000000000000000e-01,0.000000000000000000e+00,0.000000000000000000e+00,0.000000000000000000e+00,0.000000000000000000e+00,0.000000000000000000e+00,0.000000000000000000e+00,9.930200093066542388e-01,9.548254620123204361e-01,6.966292134831458815e-01,0.000000000000000000e+00,1.000000000000000000e+00,0.000000000000000000e+00,4.999999999999998890e-01,0.000000000000000000e+00,1.000000000000000000e+00,4.999999999999997224e-01,6.603773584905682503e-02,4.545454545454545303e-01,2.434456928838944073e-02,0.000000000000000000e+00,0.000000000000000000e+00,0.000000000000000000e+00,0.000000000000000000e+00,0.000000000000000000e+00,6.428571428571429047e-01,1.851851851851847933e-02,8.935185185185184897e-01,7.807017543859647857e-01,3.750000000000000000e-01,2.068965517241383167e-01,7.142857142857143016e-01,6.666666666666667407e-01,0.000000000000000000e+00,0.000000000000000000e+00,1.000000000000000000e+00,4.628099173553713586e-01,8.333333333333333703e-01,0.000000000000000000e+00,0.000000000000000000e+00,0.000000000000000000e+00,0.000000000000000000e+00,0.000000000000000000e+00
0.000000000000000000e+00,1.000000000000000000e+00,0.000000000000000000e+00,0.000000000000000000e+00,0.000000000000000000e+00,1.818181818181817955e-01,9.722222222222220989e-01,6.358381502890177173e-02,0.000000000000000000e+00,5.000000000000000000e-01,0.000000000000000000e+00,0.000000000000000000e+00,0.000000000000000000e+00,0.000000000000000000e+00,0.000000000000000000e+00,0.000000000000000000e+00,9.906933457422055778e-01,9.548254620123204361e-01,6.966292134831458815e-01,0.000000000000000000e+00,1.000000000000000000e+00,0.000000000000000000e+00,4.999999999999998890e-01,0.000000000000000000e+00,1.000000000000000000e+00,4.999999999999997224e-01,6.603773584905682503e-02,4.545454545454545303e-01,2.434456928838944073e-02,0.000000000000000000e+00,0.000000000000000000e+00,0.000000000000000000e+00,0.000000000000000000e+00,0.000000000000000000e+00,6.428571428571429047e-01,1.851851851851847933e-02,8.935185185185184897e-01,7.807017543859647857e-01,3.750000000000000000e-01,3.620689655172420474e-01,7.142857142857143016e-01,6.666666666666667407e-01,0.000000000000000000e+00,0.000000000000000000e+00,1.000000000000000000e+00,4.628099173553713586e-01,8.333333333333333703e-01,0.000000000000000000e+00,0.000000000000000000e+00,0.000000000000000000e+00,0.000000000000000000e+00,0.000000000000000000e+00
0.000000000000000000e+00,1.000000000000000000e+00,0.000000000000000000e+00,0.000000000000000000e+00,0.000000000000000000e+00,1.818181818181817955e-01,9.722222222222220989e-01,6.358381502890177173e-02,0.000000000000000000e+00,5.000000000000000000e-01,0.000000000000000000e+00,0.000000000000000000e+00,0.000000000000000000e+00,0.000000000000000000e+00,0.000000000000000000e+00,0.000000000000000000e+00,9.906933457422055778e-01,9.537987679671459107e-01,6.928838951310858363e-01,0.000000000000000000e+00,1.000000000000000000e+00,0.000000000000000000e+00,4.999999999999998890e-01,0.000000000000000000e+00,1.000000000000000000e+00,4.999999999999997224e-01,6.603773584905682503e-02,5.454545454545454142e-01,2.434456928838944073e-02,0.000000000000000000e+00,0.000000000000000000e+00,0.000000000000000000e+00,0.000000000000000000e+00,0.000000000000000000e+00,6.428571428571429047e-01,1.851851851851847933e-02,9.305555555555555802e-01,7.807017543859647857e-01,3.750000000000000000e-01,6.034482758620682841e-01,2.857142857142857539e-01,6.666666666666667407e-01,0.000000000000000000e+00,0.000000000000000000e+00,1.000000000000000000e+00,4.628099173553713586e-01,8.333333333333333703e-01,0.000000000000000000e+00,0.000000000000000000e+00,0.000000000000000000e+00,0.000000000000000000e+00,0.000000000000000000e+00
0.000000000000000000e+00,9.961832061068702782e-01,0.000000000000000000e+00,0.000000000000000000e+00,0.000000000000000000e+00,1.818181818181817955e-01,9.722222222222220989e-01,6.358381502890177173e-02,0.000000000000000000e+00,5.000000000000000000e-01,0.000000000000000000e+00,0.000000000000000000e+00,0.000000000000000000e+00,0.000000000000000000e+00,0.000000000000000000e+00,0.000000000000000000e+00,9.930200093066542388e-01,9.527720739219713852e-01,6.891385767790260131e-01,0.000000000000000000e+00,1.000000000000000000e+00,0.000000000000000000e+00,4.999999999999998890e-01,0.000000000000000000e+00,1.000000000000000000e+00,4.999999999999997224e-01,6.603773584905682503e-02,6.363636363636363535e-01,2.434456928838944073e-02,0.000000000000000000e+00,0.000000000000000000e+00,0.000000000000000000e+00,0.000000000000000000e+00,0.000000000000000000e+00,6.428571428571429047e-01,1.851851851851847933e-02,9.305555555555555802e-01,7.807017543859647857e-01,3.750000000000000000e-01,7.241379310344822073e-01,2.857142857142857539e-01,6.666666666666667407e-01,0.000000000000000000e+00,0.000000000000000000e+00,1.000000000000000000e+00,4.628099173553713586e-01,8.333333333333333703e-01,0.000000000000000000e+00,0.000000000000000000e+00,0.000000000000000000e+00,0.000000000000000000e+00,0.000000000000000000e+00
0.000000000000000000e+00,9.961832061068702782e-01,0.000000000000000000e+00,0.000000000000000000e+00,0.000000000000000000e+00,1.818181818181817955e-01,9.722222222222220989e-01,6.358381502890177173e-02,0.000000000000000000e+00,5.000000000000000000e-01,0.000000000000000000e+00,0.000000000000000000e+00,0.000000000000000000e+00,0.000000000000000000e+00,0.000000000000000000e+00,0.000000000000000000e+00,9.930200093066542388e-01,9.527720739219713852e-01,6.853932584269659678e-01,0.000000000000000000e+00,1.000000000000000000e+00,0.000000000000000000e+00,4.999999999999998890e-01,0.000000000000000000e+00,1.000000000000000000e+00,4.999999999999997224e-01,6.603773584905682503e-02,6.363636363636363535e-01,2.434456928838944073e-02,0.000000000000000000e+00,0.000000000000000000e+00,0.000000000000000000e+00,0.000000000000000000e+00,0.000000000000000000e+00,6.428571428571429047e-01,1.851851851851847933e-02,9.305555555555555802e-01,7.807017543859647857e-01,3.750000000000000000e-01,7.241379310344822073e-01,5.714285714285715079e-01,8.333333333333333703e-01,0.000000000000000000e+00,0.000000000000000000e+00,7.500000000000000000e-01,4.628099173553713586e-01,8.333333333333333703e-01,0.000000000000000000e+00,0.000000000000000000e+00,0.000000000000000000e+00,0.000000000000000000e+00,0.000000000000000000e+00
0.000000000000000000e+00,9.961832061068702782e-01,0.000000000000000000e+00,0.000000000000000000e+00,0.000000000000000000e+00,1.818181818181817955e-01,9.722222222222220989e-01,6.358381502890177173e-02,0.000000000000000000e+00,5.000000000000000000e-01,0.000000000000000000e+00,0.000000000000000000e+00,0.000000000000000000e+00,0.000000000000000000e+00,0.000000000000000000e+00,0.000000000000000000e+00,9.930200093066542388e-01,9.527720739219713852e-01,6.853932584269659678e-01,0.000000000000000000e+00,1.000000000000000000e+00,0.000000000000000000e+00,4.999999999999998890e-01,0.000000000000000000e+00,1.000000000000000000e+00,4.999999999999997224e-01,4.716981132075472039e-02,5.454545454545454142e-01,2.434456928838944073e-02,0.000000000000000000e+00,0.000000000000000000e+00,0.000000000000000000e+00,0.000000000000000000e+00,0.000000000000000000e+00,6.428571428571429047e-01,9.259259259259260133e-02,9.166666666666665186e-01,7.807017543859647857e-01,3.750000000000000000e-01,6.034482758620682841e-01,7.142857142857143016e-01,8.333333333333333703e-01,0.000000000000000000e+00,0.000000000000000000e+00,7.500000000000000000e-01,4.628099173553713586e-01,8.333333333333333703e-01,0.000000000000000000e+00,0.000000000000000000e+00,0.000000000000000000e+00,0.000000000000000000e+00,0.000000000000000000e+00
0.000000000000000000e+00,9.961832061068702782e-01,0.000000000000000000e+00,0.000000000000000000e+00,0.000000000000000000e+00,1.818181818181817955e-01,9.722222222222220989e-01,6.936416184971104515e-02,0.000000000000000000e+00,5.000000000000000000e-01,0.000000000000000000e+00,0.000000000000000000e+00,0.000000000000000000e+00,0.000000000000000000e+00,0.000000000000000000e+00,0.000000000000000000e+00,9.953466728711027889e-01,9.537987679671459107e-01,6.816479400749061446e-01,0.000000000000000000e+00,1.000000000000000000e+00,0.000000000000000000e+00,4.999999999999998890e-01,0.000000000000000000e+00,1.000000000000000000e+00,4.999999999999997224e-01,0.000000000000000000e+00,5.454545454545454142e-01,2.434456928838944073e-02,0.000000000000000000e+00,0.000000000000000000e+00,0.000000000000000000e+00,0.000000000000000000e+00,0.000000000000000000e+00,6.428571428571429047e-01,9.259259259259260133e-02,9.166666666666665186e-01,7.807017543859647857e-01,3.750000000000000000e-01,3.620689655172420474e-01,7.142857142857143016e-01,8.333333333333333703e-01,0.000000000000000000e+00,0.000000000000000000e+00,7.500000000000000000e-01,4.628099173553713586e-01,6.666666666666667407e-01,0.000000000000000000e+00,0.000000000000000000e+00,0.000000000000000000e+00,0.000000000000000000e+00,0.000000000000000000e+00
0.000000000000000000e+00,9.923664122137404453e-01,0.000000000000000000e+00,0.000000000000000000e+00,0.000000000000000000e+00,1.818181818181817955e-01,9.722222222222220989e-01,6.936416184971104515e-02,0.000000000000000000e+00,5.000000000000000000e-01,0.000000000000000000e+00,0.000000000000000000e+00,0.000000000000000000e+00,0.000000000000000000e+00,0.000000000000000000e+00,0.000000000000000000e+00,9.930200093066542388e-01,9.537987679671459107e-01,6.779026217228462103e-01,0.000000000000000000e+00,1.000000000000000000e+00,0.000000000000000000e+00,4.999999999999998890e-01,0.000000000000000000e+00,1.000000000000000000e+00,4.999999999999997224e-01,0.000000000000000000e+00,5.454545454545454142e-01,2.434456928838944073e-02,0.000000000000000000e+00,0.000000000000000000e+00,0.000000000000000000e+00,0.000000000000000000e+00,0.000000000000000000e+00,6.428571428571429047e-01,5.925925925925937254e-02,9.074074074074073293e-01,7.807017543859647857e-01,3.750000000000000000e-01,3.620689655172420474e-01,7.142857142857143016e-01,8.333333333333333703e-01,0.000000000000000000e+00,0.000000000000000000e+00,7.500000000000000000e-01,4.628099173553713586e-01,6.666666666666667407e-01,0.000000000000000000e+00,0.000000000000000000e+00,0.000000000000000000e+00,0.000000000000000000e+00,0.000000000000000000e+00
0.000000000000000000e+00,9.923664122137404453e-01,0.000000000000000000e+00,0.000000000000000000e+00,0.000000000000000000e+00,1.818181818181817955e-01,9.722222222222220989e-01,6.936416184971104515e-02,0.000000000000000000e+00,5.000000000000000000e-01,0.000000000000000000e+00,0.000000000000000000e+00,0.000000000000000000e+00,0.000000000000000000e+00,0.000000000000000000e+00,0.000000000000000000e+00,9.930200093066542388e-01,9.537987679671459107e-01,6.779026217228462103e-01,0.000000000000000000e+00,1.000000000000000000e+00,0.000000000000000000e+00,4.999999999999998890e-01,0.000000000000000000e+00,1.000000000000000000e+00,4.999999999999997224e-01,0.000000000000000000e+00,5.454545454545454142e-01,2.434456928838944073e-02,0.000000000000000000e+00,0.000000000000000000e+00,0.000000000000000000e+00,0.000000000000000000e+00,0.000000000000000000e+00,6.428571428571429047e-01,5.925925925925937254e-02,9.074074074074073293e-01,7.807017543859647857e-01,3.750000000000000000e-01,3.620689655172420474e-01,7.142857142857143016e-01,8.333333333333333703e-01,0.000000000000000000e+00,0.000000000000000000e+00,7.500000000000000000e-01,4.628099173553713586e-01,6.666666666666667407e-01,0.000000000000000000e+00,0.000000000000000000e+00,0.000000000000000000e+00,0.000000000000000000e+00,0.000000000000000000e+00
0.000000000000000000e+00,9.923664122137404453e-01,0.000000000000000000e+00,0.000000000000000000e+00,0.000000000000000000e+00,1.818181818181817955e-01,9.444444444444444198e-01,6.936416184971104515e-02,0.000000000000000000e+00,5.000000000000000000e-01,0.000000000000000000e+00,0.000000000000000000e+00,0.000000000000000000e+00,0.000000000000000000e+00,0.000000000000000000e+00,0.000000000000000000e+00,9.906933457422055778e-01,9.537987679671459107e-01,6.779026217228462103e-01,0.000000000000000000e+00,1.000000000000000000e+00,0.000000000000000000e+00,4.999999999999998890e-01,0.000000000000000000e+00,1.000000000000000000e+00,4.999999999999997224e-01,0.000000000000000000e+00,5.454545454545454142e-01,2.434456928838944073e-02,0.000000000000000000e+00,0.000000000000000000e+00,0.000000000000000000e+00,0.000000000000000000e+00,0.000000000000000000e+00,6.428571428571429047e-01,5.925925925925937254e-02,8.749999999999997780e-01,7.807017543859647857e-01,3.750000000000000000e-01,5.344827586206888359e-01,7.142857142857143016e-01,7.500000000000000000e-01,0.000000000000000000e+00,0.000000000000000000e+00,7.500000000000000000e-01,4.628099173553713586e-01,6.666666666666667407e-01,0.000000000000000000e+00,0.000000000000000000e+00,0.000000000000000000e+00,0.000000000000000000e+00,0.000000000000000000e+00
0.000000000000000000e+00,9.923664122137404453e-01,0.000000000000000000e+00,0.000000000000000000e+00,0.000000000000000000e+00,1.818181818181817955e-01,9.444444444444444198e-01,6.936416184971104515e-02,0.000000000000000000e+00,5.000000000000000000e-01,0.000000000000000000e+00,0.000000000000000000e+00,0.000000000000000000e+00,0.000000000000000000e+00,0.000000000000000000e+00,0.000000000000000000e+00,9.883666821777570277e-01,9.537987679671459107e-01,6.741573033707866092e-01,0.000000000000000000e+00,1.000000000000000000e+00,0.000000000000000000e+00,4.999999999999998890e-01,0.000000000000000000e+00,1.000000000000000000e+00,4.999999999999997224e-01,2.830188679245295574e-02,2.727272727272727071e-01,2.434456928838944073e-02,0.000000000000000000e+00,0.000000000000000000e+00,0.000000000000000000e+00,0.000000000000000000e+00,0.000000000000000000e+00,6.428571428571429047e-01,5.925925925925937254e-02,8.749999999999997780e-01,7.807017543859647857e-01,3.750000000000000000e-01,6.034482758620682841e-01,7.142857142857143016e-01,7.500000000000000000e-01,0.000000000000000000e+00,0.000000000000000000e+00,7.500000000000000000e-01,4.628099173553713586e-01,6.666666666666667407e-01,0.000000000000000000e+00,0.000000000000000000e+00,0.000000000000000000e+00,0.000000000000000000e+00,0.000000000000000000e+00
0.000000000000000000e+00,9.923664122137404453e-01,0.000000000000000000e+00,0.000000000000000000e+00,0.000000000000000000e+00,1.818181818181817955e-01,9.444444444444444198e-01,6.936416184971104515e-02,0.000000000000000000e+00,5.000000000000000000e-01,0.000000000000000000e+00,0.000000000000000000e+00,0.000000000000000000e+00,0.000000000000000000e+00,0.000000000000000000e+00,0.000000000000000000e+00,9.883666821777570277e-01,9.537987679671459107e-01,6.741573033707866092e-01,0.000000000000000000e+00,1.000000000000000000e+00,0.000000000000000000e+00,4.999999999999998890e-01,0.000000000000000000e+00,1.000000000000000000e+00,4.999999999999997224e-01,5.660377358490563393e-02,1.818181818181817955e-01,2.434456928838944073e-02,0.000000000000000000e+00,0.000000000000000000e+00,0.000000000000000000e+00,0.000000000000000000e+00,0.000000000000000000e+00,6.428571428571429047e-01,5.925925925925937254e-02,8.749999999999997780e-01,7.807017543859647857e-01,3.750000000000000000e-01,5.000000000000008882e-01,7.142857142857143016e-01,7.500000000000000000e-01,0.000000000000000000e+00,0.000000000000000000e+00,7.500000000000000000e-01,4.628099173553713586e-01,6.666666666666667407e-01,0.000000000000000000e+00,0.000000000000000000e+00,0.000000000000000000e+00,0.000000000000000000e+00,0.000000000000000000e+00
0.000000000000000000e+00,9.923664122137404453e-01,0.000000000000000000e+00,0.000000000000000000e+00,0.000000000000000000e+00,1.818181818181817955e-01,9.444444444444444198e-01,6.936416184971104515e-02,0.000000000000000000e+00,5.000000000000000000e-01,0.000000000000000000e+00,0.000000000000000000e+00,0.000000000000000000e+00,0.000000000000000000e+00,0.000000000000000000e+00,0.000000000000000000e+00,9.883666821777570277e-01,9.537987679671459107e-01,6.704119850187266749e-01,0.000000000000000000e+00,1.000000000000000000e+00,0.000000000000000000e+00,4.999999999999998890e-01,0.000000000000000000e+00,1.000000000000000000e+00,4.999999999999997224e-01,5.660377358490563393e-02,9.090909090909086998e-02,2.621722846441939050e-02,0.000000000000000000e+00,0.000000000000000000e+00,0.000000000000000000e+00,0.000000000000000000e+00,0.000000000000000000e+00,6.428571428571429047e-01,5.925925925925937254e-02,8.749999999999997780e-01,7.807017543859647857e-01,3.750000000000000000e-01,3.965517241379317714e-01,7.142857142857143016e-01,7.500000000000000000e-01,0.000000000000000000e+00,0.000000000000000000e+00,5.000000000000000000e-01,4.628099173553713586e-01,6.666666666666667407e-01,0.000000000000000000e+00,0.000000000000000000e+00,0.000000000000000000e+00,0.000000000000000000e+00,0.000000000000000000e+00
0.000000000000000000e+00,9.923664122137404453e-01,0.000000000000000000e+00,0.000000000000000000e+00,0.000000000000000000e+00,1.818181818181817955e-01,9.444444444444444198e-01,6.936416184971104515e-02,0.000000000000000000e+00,5.000000000000000000e-01,0.000000000000000000e+00,0.000000000000000000e+00,0.000000000000000000e+00,0.000000000000000000e+00,0.000000000000000000e+00,0.000000000000000000e+00,9.883666821777570277e-01,9.537987679671459107e-01,6.704119850187266749e-01,0.000000000000000000e+00,1.000000000000000000e+00,0.000000000000000000e+00,4.999999999999998890e-01,0.000000000000000000e+00,1.000000000000000000e+00,4.999999999999997224e-01,5.660377358490563393e-02,9.090909090909086998e-02,2.434456928838944073e-02,0.000000000000000000e+00,0.000000000000000000e+00,0.000000000000000000e+00,0.000000000000000000e+00,0.000000000000000000e+00,6.428571428571429047e-01,5.925925925925937254e-02,8.749999999999997780e-01,7.807017543859647857e-01,3.750000000000000000e-01,3.448275862068971853e-01,7.142857142857143016e-01,7.500000000000000000e-01,0.000000000000000000e+00,0.000000000000000000e+00,5.000000000000000000e-01,4.628099173553713586e-01,6.666666666666667407e-01,0.000000000000000000e+00,0.000000000000000000e+00,0.000000000000000000e+00,0.000000000000000000e+00,0.000000000000000000e+00
0.000000000000000000e+00,9.923664122137404453e-01,0.000000000000000000e+00,0.000000000000000000e+00,0.000000000000000000e+00,1.818181818181817955e-01,9.444444444444444198e-01,6.936416184971104515e-02,0.000000000000000000e+00,5.000000000000000000e-01,0.000000000000000000e+00,0.000000000000000000e+00,0.000000000000000000e+00,0.000000000000000000e+00,0.000000000000000000e+00,0.000000000000000000e+00,9.883666821777570277e-01,9.537987679671459107e-01,6.704119850187266749e-01,0.000000000000000000e+00,1.000000000000000000e+00,0.000000000000000000e+00,4.999999999999998890e-01,0.000000000000000000e+00,1.000000000000000000e+00,4.999999999999997224e-01,5.660377358490563393e-02,0.000000000000000000e+00,2.621722846441939050e-02,0.000000000000000000e+00,0.000000000000000000e+00,0.000000000000000000e+00,0.000000000000000000e+00,0.000000000000000000e+00,6.428571428571429047e-01,4.074074074074082036e-02,8.888888888888888395e-01,7.807017543859647857e-01,3.750000000000000000e-01,4.137931034482766335e-01,7.142857142857143016e-01,7.500000000000000000e-01,0.000000000000000000e+00,0.000000000000000000e+00,5.000000000000000000e-01,4.628099173553713586e-01,6.666666666666667407e-01,0.000000000000000000e+00,0.000000000000000000e+00,0.000000000000000000e+00,0.000000000000000000e+00,0.000000000000000000e+00
0.000000000000000000e+00,9.923664122137404453e-01,0.000000000000000000e+00,0.000000000000000000e+00,0.000000000000000000e+00,1.818181818181817955e-01,9.444444444444444198e-01,6.936416184971104515e-02,0.000000000000000000e+00,5.000000000000000000e-01,0.000000000000000000e+00,0.000000000000000000e+00,0.000000000000000000e+00,0.000000000000000000e+00,0.000000000000000000e+00,0.000000000000000000e+00,9.883666821777570277e-01,9.527720739219713852e-01,6.666666666666668517e-01,0.000000000000000000e+00,1.000000000000000000e+00,0.000000000000000000e+00,4.999999999999998890e-01,0.000000000000000000e+00,1.000000000000000000e+00,4.999999999999997224e-01,5.660377358490563393e-02,0.000000000000000000e+00,2.621722846441939050e-02,0.000000000000000000e+00,0.000000000000000000e+00,0.000000000000000000e+00,0.000000000000000000e+00,0.000000000000000000e+00,6.428571428571429047e-01,4.074074074074082036e-02,8.888888888888888395e-01,7.807017543859647857e-01,5.000000000000000000e-01,3.620689655172420474e-01,7.142857142857143016e-01,7.500000000000000000e-01,0.000000000000000000e+00,0.000000000000000000e+00,5.000000000000000000e-01,4.628099173553713586e-01,6.666666666666667407e-01,0.000000000000000000e+00,0.000000000000000000e+00,0.000000000000000000e+00,0.000000000000000000e+00,0.000000000000000000e+00
0.000000000000000000e+00,9.923664122137404453e-01,0.000000000000000000e+00,0.000000000000000000e+00,0.000000000000000000e+00,1.818181818181817955e-01,9.444444444444444198e-01,6.936416184971104515e-02,0.000000000000000000e+00,5.000000000000000000e-01,0.000000000000000000e+00,0.000000000000000000e+00,0.000000000000000000e+00,0.000000000000000000e+00,0.000000000000000000e+00,0.000000000000000000e+00,9.906933457422055778e-01,9.527720739219713852e-01,6.629213483146069175e-01,0.000000000000000000e+00,1.000000000000000000e+00,0.000000000000000000e+00,4.999999999999998890e-01,0.000000000000000000e+00,1.000000000000000000e+00,4.999999999999997224e-01,5.660377358490563393e-02,1.818181818181817955e-01,2.621722846441939050e-02,0.000000000000000000e+00,0.000000000000000000e+00,0.000000000000000000e+00,0.000000000000000000e+00,0.000000000000000000e+00,6.428571428571429047e-01,4.074074074074082036e-02,8.888888888888888395e-01,7.807017543859647857e-01,5.000000000000000000e-01,4.827586206896560816e-01,7.142857142857143016e-01,7.500000000000000000e-01,0.000000000000000000e+00,0.000000000000000000e+00,7.500000000000000000e-01,4.628099173553713586e-01,6.666666666666667407e-01,0.000000000000000000e+00,0.000000000000000000e+00,0.000000000000000000e+00,0.000000000000000000e+00,0.000000000000000000e+00
0.000000000000000000e+00,9.923664122137404453e-01,0.000000000000000000e+00,0.000000000000000000e+00,0.000000000000000000e+00,1.818181818181817955e-01,9.444444444444444198e-01,6.936416184971104515e-02,0.000000000000000000e+00,5.000000000000000000e-01,0.000000000000000000e+00,0.000000000000000000e+00,0.000000000000000000e+00,0.000000000000000000e+00,0.000000000000000000e+00,0.000000000000000000e+00,9.906933457422055778e-01,9.527720739219713852e-01,6.629213483146069175e-01,0.000000000000000000e+00,1.000000000000000000e+00,0.000000000000000000e+00,4.999999999999998890e-01,0.000000000000000000e+00,1.000000000000000000e+00,4.999999999999997224e-01,9.433962264150944077e-02,1.818181818181817955e-01,2.808988764044937150e-02,0.000000000000000000e+00,0.000000000000000000e+00,0.000000000000000000e+00,0.000000000000000000e+00,0.000000000000000000e+00,6.428571428571429047e-01,4.074074074074082036e-02,8.888888888888888395e-01,7.807017543859647857e-01,3.750000000000000000e-01,4.827586206896560816e-01,7.142857142857143016e-01,9.166666666666667407e-01,0.000000000000000000e+00,0.000000000000000000e+00,7.500000000000000000e-01,4.628099173553713586e-01,6.666666666666667407e-01,0.000000000000000000e+00,0.000000000000000000e+00,0.000000000000000000e+00,0.000000000000000000e+00,0.000000000000000000e+00
0.000000000000000000e+00,9.923664122137404453e-01,0.000000000000000000e+00,0.000000000000000000e+00,0.000000000000000000e+00,1.818181818181817955e-01,9.444444444444444198e-01,6.936416184971104515e-02,0.000000000000000000e+00,5.000000000000000000e-01,0.000000000000000000e+00,0.000000000000000000e+00,0.000000000000000000e+00,0.000000000000000000e+00,0.000000000000000000e+00,0.000000000000000000e+00,9.906933457422055778e-01,9.527720739219713852e-01,6.591760299625469832e-01,0.000000000000000000e+00,1.000000000000000000e+00,0.000000000000000000e+00,4.999999999999998890e-01,0.000000000000000000e+00,1.000000000000000000e+00,4.999999999999997224e-01,9.433962264150944077e-02,3.636363636363635909e-01,2.808988764044937150e-02,0.000000000000000000e+00,0.000000000000000000e+00,0.000000000000000000e+00,0.000000000000000000e+00,0.000000000000000000e+00,6.428571428571429047e-01,4.074074074074082036e-02,8.888888888888888395e-01,7.807017543859647857e-01,3.750000000000000000e-01,4.310344827586214955e-01,7.142857142857143016e-01,9.166666666666667407e-01,0.000000000000000000e+00,0.000000000000000000e+00,7.500000000000000000e-01,4.628099173553713586e-01,8.333333333333333703e-01,0.000000000000000000e+00,0.000000000000000000e+00,0.000000000000000000e+00,0.000000000000000000e+00,0.000000000000000000e+00
0.000000000000000000e+00,9.923664122137404453e-01,0.000000000000000000e+00,0.000000000000000000e+00,0.000000000000000000e+00,1.818181818181817955e-01,9.444444444444444198e-01,6.936416184971104515e-02,0.000000000000000000e+00,5.000000000000000000e-01,0.000000000000000000e+00,0.000000000000000000e+00,0.000000000000000000e+00,0.000000000000000000e+00,0.000000000000000000e+00,0.000000000000000000e+00,9.906933457422055778e-01,9.527720739219713852e-01,6.591760299625469832e-01,0.000000000000000000e+00,1.000000000000000000e+00,0.000000000000000000e+00,4.999999999999998890e-01,0.000000000000000000e+00,1.000000000000000000e+00,4.999999999999997224e-01,9.433962264150944077e-02,3.636363636363635909e-01,2.621722846441939050e-02,0.000000000000000000e+00,0.000000000000000000e+00,0.000000000000000000e+00,0.000000000000000000e+00,0.000000000000000000e+00,6.428571428571429047e-01,4.074074074074082036e-02,8.888888888888888395e-01,7.807017543859647857e-01,3.750000000000000000e-01,5.000000000000008882e-01,7.142857142857143016e-01,9.166666666666667407e-01,0.000000000000000000e+00,0.000000000000000000e+00,7.500000000000000000e-01,4.628099173553713586e-01,8.333333333333333703e-01,0.000000000000000000e+00,0.000000000000000000e+00,0.000000000000000000e+00,0.000000000000000000e+00,0.000000000000000000e+00
0.000000000000000000e+00,9.923664122137404453e-01,0.000000000000000000e+00,0.000000000000000000e+00,0.000000000000000000e+00,1.818181818181817955e-01,9.444444444444444198e-01,6.936416184971104515e-02,0.000000000000000000e+00,5.000000000000000000e-01,0.000000000000000000e+00,0.000000000000000000e+00,0.000000000000000000e+00,0.000000000000000000e+00,0.000000000000000000e+00,0.000000000000000000e+00,9.930200093066542388e-01,9.537987679671459107e-01,6.591760299625469832e-01,0.000000000000000000e+00,1.000000000000000000e+00,0.000000000000000000e+00,4.999999999999998890e-01,0.000000000000000000e+00,1.000000000000000000e+00,4.999999999999997224e-01,9.433962264150944077e-02,3.636363636363635909e-01,2.808988764044937150e-02,0.000000000000000000e+00,0.000000000000000000e+00,0.000000000000000000e+00,0.000000000000000000e+00,0.000000000000000000e+00,6.428571428571429047e-01,9.259259259259260133e-02,8.888888888888888395e-01,7.807017543859647857e-01,3.750000000000000000e-01,4.310344827586214955e-01,2.857142857142857539e-01,7.500000000000000000e-01,0.000000000000000000e+00,0.000000000000000000e+00,7.500000000000000000e-01,4.628099173553713586e-01,8.333333333333333703e-01,0.000000000000000000e+00,0.000000000000000000e+00,0.000000000000000000e+00,0.000000000000000000e+00,0.000000000000000000e+00
0.000000000000000000e+00,9.923664122137404453e-01,0.000000000000000000e+00,0.000000000000000000e+00,0.000000000000000000e+00,1.818181818181817955e-01,9.444444444444444198e-01,6.936416184971104515e-02,0.000000000000000000e+00,5.000000000000000000e-01,0.000000000000000000e+00,0.000000000000000000e+00,0.000000000000000000e+00,0.000000000000000000e+00,0.000000000000000000e+00,0.000000000000000000e+00,9.930200093066542388e-01,9.537987679671459107e-01,6.554307116104870490e-01,0.000000000000000000e+00,1.000000000000000000e+00,0.000000000000000000e+00,4.999999999999998890e-01,0.000000000000000000e+00,1.000000000000000000e+00,4.999999999999997224e-01,9.433962264150944077e-02,3.636363636363635909e-01,2.808988764044937150e-02,0.000000000000000000e+00,0.000000000000000000e+00,0.000000000000000000e+00,0.000000000000000000e+00,0.000000000000000000e+00,6.428571428571429047e-01,1.000000000000002692e-01,8.888888888888888395e-01,7.807017543859647857e-01,3.750000000000000000e-01,5.517241379310335869e-01,2.857142857142857539e-01,6.666666666666667407e-01,0.000000000000000000e+00,0.000000000000000000e+00,7.500000000000000000e-01,4.628099173553713586e-01,8.333333333333333703e-01,0.000000000000000000e+00,0.000000000000000000e+00,0.000000000000000000e+00,0.000000000000000000e+00,0.000000000000000000e+00
0.000000000000000000e+00,9.923664122137404453e-01,0.000000000000000000e+00,0.000000000000000000e+00,0.000000000000000000e+00,1.818181818181817955e-01,9.444444444444444198e-01,6.936416184971104515e-02,0.000000000000000000e+00,5.000000000000000000e-01,0.000000000000000000e+00,0.000000000000000000e+00,0.000000000000000000e+00,0.000000000000000000e+00,0.000000000000000000e+00,0.000000000000000000e+00,9.930200093066542388e-01,9.537987679671459107e-01,6.554307116104870490e-01,0.000000000000000000e+00,1.000000000000000000e+00,0.000000000000000000e+00,4.999999999999998890e-01,0.000000000000000000e+00,1.000000000000000000e+00,4.999999999999997224e-01,9.433962264150944077e-02,5.454545454545454142e-01,2.996254681647932475e-02,0.000000000000000000e+00,0.000000000000000000e+00,0.000000000000000000e+00,0.000000000000000000e+00,0.000000000000000000e+00,6.428571428571429047e-01,1.000000000000002692e-01,8.888888888888888395e-01,7.807017543859647857e-01,3.750000000000000000e-01,7.241379310344822073e-01,5.714285714285715079e-01,6.666666666666667407e-01,0.000000000000000000e+00,0.000000000000000000e+00,7.500000000000000000e-01,4.628099173553713586e-01,8.333333333333333703e-01,0.000000000000000000e+00,0.000000000000000000e+00,0.000000000000000000e+00,0.000000000000000000e+00,0.000000000000000000e+00
0.000000000000000000e+00,9.923664122137404453e-01,0.000000000000000000e+00,0.000000000000000000e+00,0.000000000000000000e+00,1.818181818181817955e-01,9.722222222222220989e-01,6.936416184971104515e-02,0.000000000000000000e+00,5.000000000000000000e-01,0.000000000000000000e+00,0.000000000000000000e+00,0.000000000000000000e+00,0.000000000000000000e+00,0.000000000000000000e+00,0.000000000000000000e+00,9.930200093066542388e-01,9.537987679671459107e-01,6.516853932584271147e-01,0.000000000000000000e+00,1.000000000000000000e+00,0.000000000000000000e+00,4.999999999999998890e-01,0.000000000000000000e+00,1.000000000000000000e+00,4.999999999999997224e-01,9.433962264150944077e-02,3.636363636363635909e-01,2.996254681647932475e-02,0.000000000000000000e+00,0.000000000000000000e+00,0.000000000000000000e+00,0.000000000000000000e+00,0.000000000000000000e+00,6.428571428571429047e-01,1.000000000000002692e-01,8.657407407407405886e-01,7.807017543859647857e-01,3.750000000000000000e-01,7.413793103448269584e-01,5.714285714285715079e-01,6.666666666666667407e-01,0.000000000000000000e+00,0.000000000000000000e+00,7.500000000000000000e-01,4.628099173553713586e-01,8.333333333333333703e-01,0.000000000000000000e+00,0.000000000000000000e+00,0.000000000000000000e+00,0.000000000000000000e+00,0.000000000000000000e+00
0.000000000000000000e+00,9.961832061068702782e-01,0.000000000000000000e+00,0.000000000000000000e+00,0.000000000000000000e+00,1.818181818181817955e-01,9.722222222222220989e-01,6.936416184971104515e-02,0.000000000000000000e+00,5.000000000000000000e-01,0.000000000000000000e+00,0.000000000000000000e+00,0.000000000000000000e+00,0.000000000000000000e+00,0.000000000000000000e+00,0.000000000000000000e+00,9.930200093066542388e-01,9.537987679671459107e-01,6.516853932584271147e-01,0.000000000000000000e+00,1.000000000000000000e+00,0.000000000000000000e+00,4.999999999999998890e-01,0.000000000000000000e+00,1.000000000000000000e+00,4.999999999999997224e-01,9.433962264150944077e-02,2.727272727272727071e-01,3.183520599250930228e-02,0.000000000000000000e+00,0.000000000000000000e+00,0.000000000000000000e+00,0.000000000000000000e+00,0.000000000000000000e+00,6.428571428571429047e-01,1.000000000000002692e-01,8.518518518518517491e-01,7.807017543859647857e-01,3.750000000000000000e-01,7.413793103448269584e-01,5.714285714285715079e-01,6.666666666666667407e-01,0.000000000000000000e+00,0.000000000000000000e+00,7.500000000000000000e-01,4.628099173553713586e-01,8.333333333333333703e-01,0.000000000000000000e+00,0.000000000000000000e+00,0.000000000000000000e+00,0.000000000000000000e+00,0.000000000000000000e+00
0.000000000000000000e+00,9.961832061068702782e-01,0.000000000000000000e+00,0.000000000000000000e+00,0.000000000000000000e+00,1.818181818181817955e-01,9.722222222222220989e-01,6.936416184971104515e-02,0.000000000000000000e+00,5.000000000000000000e-01,0.000000000000000000e+00,0.000000000000000000e+00,0.000000000000000000e+00,0.000000000000000000e+00,0.000000000000000000e+00,0.000000000000000000e+00,9.930200093066542388e-01,9.548254620123204361e-01,6.479400749063671805e-01,0.000000000000000000e+00,1.000000000000000000e+00,0.000000000000000000e+00,4.999999999999998890e-01,0.000000000000000000e+00,1.000000000000000000e+00,4.999999999999997224e-01,9.433962264150944077e-02,2.727272727272727071e-01,3.183520599250930228e-02,0.000000000000000000e+00,0.000000000000000000e+00,0.000000000000000000e+00,0.000000000000000000e+00,0.000000000000000000e+00,6.428571428571429047e-01,1.000000000000002692e-01,8.518518518518517491e-01,7.807017543859647857e-01,3.750000000000000000e-01,6.206896551724130351e-01,5.714285714285715079e-01,6.666666666666667407e-01,0.000000000000000000e+00,0.000000000000000000e+00,7.500000000000000000e-01,4.628099173553713586e-01,8.333333333333333703e-01,0.000000000000000000e+00,0.000000000000000000e+00,0.000000000000000000e+00,0.000000000000000000e+00,0.000000000000000000e+00
0.000000000000000000e+00,9.923664122137404453e-01,0.000000000000000000e+00,0.000000000000000000e+00,0.000000000000000000e+00,1.818181818181817955e-01,9.722222222222220989e-01,6.936416184971104515e-02,0.000000000000000000e+00,5.000000000000000000e-01,0.000000000000000000e+00,0.000000000000000000e+00,0.000000000000000000e+00,0.000000000000000000e+00,0.000000000000000000e+00,0.000000000000000000e+00,9.930200093066542388e-01,9.537987679671459107e-01,6.479400749063671805e-01,0.000000000000000000e+00,1.000000000000000000e+00,0.000000000000000000e+00,4.999999999999998890e-01,0.000000000000000000e+00,1.000000000000000000e+00,4.999999999999997224e-01,9.433962264150944077e-02,4.545454545454545303e-01,3.183520599250930228e-02,0.000000000000000000e+00,0.000000000000000000e+00,0.000000000000000000e+00,0.000000000000000000e+00,0.000000000000000000e+00,6.428571428571429047e-01,1.000000000000002692e-01,8.518518518518517491e-01,7.807017543859647857e-01,3.750000000000000000e-01,6.034482758620682841e-01,5.714285714285715079e-01,6.666666666666667407e-01,0.000000000000000000e+00,0.000000000000000000e+00,7.500000000000000000e-01,4.628099173553713586e-01,8.333333333333333703e-01,0.000000000000000000e+00,0.000000000000000000e+00,0.000000000000000000e+00,0.000000000000000000e+00,0.000000000000000000e+00
0.000000000000000000e+00,9.923664122137404453e-01,0.000000000000000000e+00,0.000000000000000000e+00,0.000000000000000000e+00,1.818181818181817955e-01,9.722222222222220989e-01,6.936416184971104515e-02,0.000000000000000000e+00,5.000000000000000000e-01,0.000000000000000000e+00,0.000000000000000000e+00,0.000000000000000000e+00,0.000000000000000000e+00,0.000000000000000000e+00,0.000000000000000000e+00,9.930200093066542388e-01,9.537987679671459107e-01,6.441947565543072463e-01,0.000000000000000000e+00,1.000000000000000000e+00,0.000000000000000000e+00,4.999999999999998890e-01,0.000000000000000000e+00,1.000000000000000000e+00,4.999999999999997224e-01,9.433962264150944077e-02,5.454545454545454142e-01,3.183520599250930228e-02,0.000000000000000000e+00,0.000000000000000000e+00,0.000000000000000000e+00,0.000000000000000000e+00,0.000000000000000000e+00,6.428571428571429047e-01,1.000000000000002692e-01,8.518518518518517491e-01,7.807017543859647857e-01,3.750000000000000000e-01,6.034482758620682841e-01,5.714285714285715079e-01,6.666666666666667407e-01,0.000000000000000000e+00,0.000000000000000000e+00,7.500000000000000000e-01,4.628099173553713586e-01,8.333333333333333703e-01,0.000000000000000000e+00,0.000000000000000000e+00,0.000000000000000000e+00,0.000000000000000000e+00,0.000000000000000000e+00
0.000000000000000000e+00,9.961832061068702782e-01,0.000000000000000000e+00,0.000000000000000000e+00,0.000000000000000000e+00,1.818181818181817955e-01,9.722222222222220989e-01,6.936416184971104515e-02,0.000000000000000000e+00,5.000000000000000000e-01,0.000000000000000000e+00,0.000000000000000000e+00,0.000000000000000000e+00,0.000000000000000000e+00,0.000000000000000000e+00,0.000000000000000000e+00,9.930200093066542388e-01,9.537987679671459107e-01,6.441947565543072463e-01,0.000000000000000000e+00,1.000000000000000000e+00,0.000000000000000000e+00,4.999999999999998890e-01,0.000000000000000000e+00,1.000000000000000000e+00,4.999999999999997224e-01,9.433962264150944077e-02,5.454545454545454142e-01,3.183520599250930228e-02,0.000000000000000000e+00,0.000000000000000000e+00,0.000000000000000000e+00,0.000000000000000000e+00,0.000000000000000000e+00,6.428571428571429047e-01,1.000000000000002692e-01,8.518518518518517491e-01,7.807017543859647857e-01,3.750000000000000000e-01,5.000000000000008882e-01,5.714285714285715079e-01,6.666666666666667407e-01,0.000000000000000000e+00,0.000000000000000000e+00,7.500000000000000000e-01,9.338842975206610442e-01,8.333333333333333703e-01,0.000000000000000000e+00,0.000000000000000000e+00,0.000000000000000000e+00,0.000000000000000000e+00,0.000000000000000000e+00
0.000000000000000000e+00,9.923664122137404453e-01,0.000000000000000000e+00,0.000000000000000000e+00,0.000000000000000000e+00,1.818181818181817955e-01,9.722222222222220989e-01,6.936416184971104515e-02,0.000000000000000000e+00,5.000000000000000000e-01,0.000000000000000000e+00,0.000000000000000000e+00,0.000000000000000000e+00,0.000000000000000000e+00,0.000000000000000000e+00,0.000000000000000000e+00,9.930200093066542388e-01,9.537987679671459107e-01,6.441947565543072463e-01,0.000000000000000000e+00,1.000000000000000000e+00,0.000000000000000000e+00,4.999999999999998890e-01,0.000000000000000000e+00,1.000000000000000000e+00,4.999999999999997224e-01,9.433962264150944077e-02,6.363636363636363535e-01,3.183520599250930228e-02,0.000000000000000000e+00,0.000000000000000000e+00,0.000000000000000000e+00,0.000000000000000000e+00,0.000000000000000000e+00,6.428571428571429047e-01,1.000000000000002692e-01,8.518518518518517491e-01,7.807017543859647857e-01,3.750000000000000000e-01,4.827586206896560816e-01,5.714285714285715079e-01,6.666666666666667407e-01,0.000000000000000000e+00,0.000000000000000000e+00,7.500000000000000000e-01,9.338842975206610442e-01,8.333333333333333703e-01,0.000000000000000000e+00,0.000000000000000000e+00,0.000000000000000000e+00,0.000000000000000000e+00,0.000000000000000000e+00
0.000000000000000000e+00,9.923664122137404453e-01,0.000000000000000000e+00,0.000000000000000000e+00,0.000000000000000000e+00,1.818181818181817955e-01,9.722222222222220989e-01,6.936416184971104515e-02,0.000000000000000000e+00,5.000000000000000000e-01,0.000000000000000000e+00,0.000000000000000000e+00,0.000000000000000000e+00,0.000000000000000000e+00,0.000000000000000000e+00,0.000000000000000000e+00,9.930200093066542388e-01,9.527720739219713852e-01,6.441947565543072463e-01,0.000000000000000000e+00,1.000000000000000000e+00,0.000000000000000000e+00,4.999999999999998890e-01,0.000000000000000000e+00,1.000000000000000000e+00,4.999999999999997224e-01,9.433962264150944077e-02,6.363636363636363535e-01,3.183520599250930228e-02,0.000000000000000000e+00,0.000000000000000000e+00,0.000000000000000000e+00,0.000000000000000000e+00,0.000000000000000000e+00,6.428571428571429047e-01,5.185185185185178791e-02,8.518518518518517491e-01,7.807017543859647857e-01,3.750000000000000000e-01,3.620689655172420474e-01,5.714285714285715079e-01,6.666666666666667407e-01,0.000000000000000000e+00,0.000000000000000000e+00,7.500000000000000000e-01,9.338842975206610442e-01,6.666666666666667407e-01,0.000000000000000000e+00,0.000000000000000000e+00,0.000000000000000000e+00,0.000000000000000000e+00,0.000000000000000000e+00
0.000000000000000000e+00,9.923664122137404453e-01,0.000000000000000000e+00,0.000000000000000000e+00,0.000000000000000000e+00,1.818181818181817955e-01,9.722222222222220989e-01,6.936416184971104515e-02,0.000000000000000000e+00,5.000000000000000000e-01,0.000000000000000000e+00,0.000000000000000000e+00,0.000000000000000000e+00,0.000000000000000000e+00,0.000000000000000000e+00,0.000000000000000000e+00,9.953466728711027889e-01,9.527720739219713852e-01,6.404494382022473120e-01,0.000000000000000000e+00,1.000000000000000000e+00,0.000000000000000000e+00,4.999999999999998890e-01,0.000000000000000000e+00,1.000000000000000000e+00,4.999999999999997224e-01,9.433962264150944077e-02,6.363636363636363535e-01,3.183520599250930228e-02,0.000000000000000000e+00,0.000000000000000000e+00,0.000000000000000000e+00,0.000000000000000000e+00,0.000000000000000000e+00,6.428571428571429047e-01,5.185185185185178791e-02,8.518518518518517491e-01,7.807017543859647857e-01,3.750000000000000000e-01,3.620689655172420474e-01,5.714285714285715079e-01,6.666666666666667407e-01,0.000000000000000000e+00,0.000000000000000000e+00,7.500000000000000000e-01,8.677685950413221994e-01,6.666666666666667407e-01,0.000000000000000000e+00,0.000000000000000000e+00,0.000000000000000000e+00,0.000000000000000000e+00,0.000000000000000000e+00
0.000000000000000000e+00,9.923664122137404453e-01,0.000000000000000000e+00,0.000000000000000000e+00,0.000000000000000000e+00,1.818181818181817955e-01,9.722222222222220989e-01,6.936416184971104515e-02,0.000000000000000000e+00,5.000000000000000000e-01,0.000000000000000000e+00,0.000000000000000000e+00,0.000000000000000000e+00,0.000000000000000000e+00,0.000000000000000000e+00,0.000000000000000000e+00,9.953466728711027889e-01,9.527720739219713852e-01,6.367041198501873778e-01,0.000000000000000000e+00,1.000000000000000000e+00,0.000000000000000000e+00,4.999999999999998890e-01,0.000000000000000000e+00,1.000000000000000000e+00,4.999999999999997224e-01,1.603773584905659744e-01,6.363636363636363535e-01,2.996254681647932475e-02,0.000000000000000000e+00,0.000000000000000000e+00,0.000000000000000000e+00,0.000000000000000000e+00,0.000000000000000000e+00,6.428571428571429047e-01,6.666666666666702656e-02,8.518518518518517491e-01,7.807017543859647857e-01,3.750000000000000000e-01,3.965517241379317714e-01,1.428571428571428770e-01,6.666666666666667407e-01,0.000000000000000000e+00,0.000000000000000000e+00,7.500000000000000000e-01,0.000000000000000000e+00,6.666666666666667407e-01,0.000000000000000000e+00,0.000000000000000000e+00,0.000000000000000000e+00,0.000000000000000000e+00,0.000000000000000000e+00
0.000000000000000000e+00,9.923664122137404453e-01,0.000000000000000000e+00,0.000000000000000000e+00,0.000000000000000000e+00,1.818181818181817955e-01,9.722222222222220989e-01,8.092485549132955036e-02,0.000000000000000000e+00,5.000000000000000000e-01,0.000000000000000000e+00,0.000000000000000000e+00,0.000000000000000000e+00,0.000000000000000000e+00,0.000000000000000000e+00,0.000000000000000000e+00,9.930200093066542388e-01,9.537987679671459107e-01,6.367041198501873778e-01,0.000000000000000000e+00,1.000000000000000000e+00,0.000000000000000000e+00,4.999999999999998890e-01,0.000000000000000000e+00,1.000000000000000000e+00,4.999999999999997224e-01,1.603773584905659744e-01,5.454545454545454142e-01,3.183520599250930228e-02,0.000000000000000000e+00,0.000000000000000000e+00,0.000000000000000000e+00,0.000000000000000000e+00,0.000000000000000000e+00,6.428571428571429047e-01,9.259259259259260133e-02,8.518518518518517491e-01,7.807017543859647857e-01,3.750000000000000000e-01,3.965517241379317714e-01,0.000000000000000000e+00,6.666666666666667407e-01,0.000000000000000000e+00,0.000000000000000000e+00,7.500000000000000000e-01,0.000000000000000000e+00,6.666666666666667407e-01,0.000000000000000000e+00,0.000000000000000000e+00,0.000000000000000000e+00,0.000000000000000000e+00,0.000000000000000000e+00
0.000000000000000000e+00,9.885496183206106124e-01,0.000000000000000000e+00,0.000000000000000000e+00,0.000000000000000000e+00,1.818181818181817955e-01,9.722222222222220989e-01,8.092485549132955036e-02,0.000000000000000000e+00,5.000000000000000000e-01,0.000000000000000000e+00,0.000000000000000000e+00,0.000000000000000000e+00,0.000000000000000000e+00,0.000000000000000000e+00,0.000000000000000000e+00,9.930200093066542388e-01,9.548254620123204361e-01,6.329588014981274435e-01,0.000000000000000000e+00,1.000000000000000000e+00,0.000000000000000000e+00,4.999999999999998890e-01,0.000000000000000000e+00,1.000000000000000000e+00,4.999999999999997224e-01,1.603773584905659744e-01,4.545454545454545303e-01,3.183520599250930228e-02,0.000000000000000000e+00,0.000000000000000000e+00,0.000000000000000000e+00,0.000000000000000000e+00,0.000000000000000000e+00,6.428571428571429047e-01,9.259259259259260133e-02,8.518518518518517491e-01,7.807017543859647857e-01,3.750000000000000000e-01,3.448275862068971853e-01,0.000000000000000000e+00,6.666666666666667407e-01,0.000000000000000000e+00,0.000000000000000000e+00,7.500000000000000000e-01,6.033057851239664870e-01,6.666666666666667407e-01,0.000000000000000000e+00,0.000000000000000000e+00,0.000000000000000000e+00,0.000000000000000000e+00,0.000000000000000000e+00
0.000000000000000000e+00,9.923664122137404453e-01,0.000000000000000000e+00,0.000000000000000000e+00,0.000000000000000000e+00,1.818181818181817955e-01,9.444444444444444198e-01,8.092485549132955036e-02,0.000000000000000000e+00,5.000000000000000000e-01,0.000000000000000000e+00,0.000000000000000000e+00,0.000000000000000000e+00,0.000000000000000000e+00,0.000000000000000000e+00,0.000000000000000000e+00,9.930200093066542388e-01,9.548254620123204361e-01,6.329588014981274435e-01,0.000000000000000000e+00,1.000000000000000000e+00,0.000000000000000000e+00,4.999999999999998890e-01,0.000000000000000000e+00,1.000000000000000000e+00,4.999999999999997224e-01,1.603773584905659744e-01,4.545454545454545303e-01,2.996254681647932475e-02,0.000000000000000000e+00,0.000000000000000000e+00,0.000000000000000000e+00,0.000000000000000000e+00,0.000000000000000000e+00,6.428571428571429047e-01,9.259259259259260133e-02,8.518518518518517491e-01,7.807017543859647857e-01,3.750000000000000000e-01,3.448275862068971853e-01,4.285714285714285476e-01,6.666666666666667407e-01,0.000000000000000000e+00,0.000000000000000000e+00,7.500000000000000000e-01,6.033057851239664870e-01,6.666666666666667407e-01,0.000000000000000000e+00,0.000000000000000000e+00,0.000000000000000000e+00,0.000000000000000000e+00,0.000000000000000000e+00
0.000000000000000000e+00,9.923664122137404453e-01,0.000000000000000000e+00,0.000000000000000000e+00,0.000000000000000000e+00,1.818181818181817955e-01,9.444444444444444198e-01,8.092485549132955036e-02,0.000000000000000000e+00,5.000000000000000000e-01,0.000000000000000000e+00,0.000000000000000000e+00,0.000000000000000000e+00,0.000000000000000000e+00,0.000000000000000000e+00,0.000000000000000000e+00,9.953466728711027889e-01,9.548254620123204361e-01,6.292134831460675093e-01,0.000000000000000000e+00,1.000000000000000000e+00,0.000000000000000000e+00,4.999999999999998890e-01,0.000000000000000000e+00,1.000000000000000000e+00,4.999999999999997224e-01,1.603773584905659744e-01,4.545454545454545303e-01,2.996254681647932475e-02,0.000000000000000000e+00,0.000000000000000000e+00,0.000000000000000000e+00,0.000000000000000000e+00,0.000000000000000000e+00,6.428571428571429047e-01,9.259259259259260133e-02,8.518518518518517491e-01,7.807017543859647857e-01,3.750000000000000000e-01,3.448275862068971853e-01,4.285714285714285476e-01,6.666666666666667407e-01,0.000000000000000000e+00,0.000000000000000000e+00,7.500000000000000000e-01,6.033057851239664870e-01,6.666666666666667407e-01,0.000000000000000000e+00,0.000000000000000000e+00,0.000000000000000000e+00,0.000000000000000000e+00,0.000000000000000000e+00
0.000000000000000000e+00,9.923664122137404453e-01,0.000000000000000000e+00,0.000000000000000000e+00,0.000000000000000000e+00,1.818181818181817955e-01,9.444444444444444198e-01,8.092485549132955036e-02,0.000000000000000000e+00,5.000000000000000000e-01,0.000000000000000000e+00,0.000000000000000000e+00,0.000000000000000000e+00,0.000000000000000000e+00,0.000000000000000000e+00,0.000000000000000000e+00,9.953466728711027889e-01,9.548254620123204361e-01,6.292134831460675093e-01,0.000000000000000000e+00,1.000000000000000000e+00,0.000000000000000000e+00,4.999999999999998890e-01,0.000000000000000000e+00,1.000000000000000000e+00,4.999999999999997224e-01,1.603773584905659744e-01,4.545454545454545303e-01,2.996254681647932475e-02,0.000000000000000000e+00,0.000000000000000000e+00,0.000000000000000000e+00,0.000000000000000000e+00,0.000000000000000000e+00,6.428571428571429047e-01,9.259259259259260133e-02,8.379629629629629095e-01,7.807017543859647857e-01,5.000000000000000000e-01,3.448275862068971853e-01,4.285714285714285476e-01,6.666666666666667407e-01,0.000000000000000000e+00,0.000000000000000000e+00,7.500000000000000000e-01,6.033057851239664870e-01,6.666666666666667407e-01,0.000000000000000000e+00,0.000000000000000000e+00,0.000000000000000000e+00,0.000000000000000000e+00,0.000000000000000000e+00
0.000000000000000000e+00,9.923664122137404453e-01,0.000000000000000000e+00,0.000000000000000000e+00,0.000000000000000000e+00,1.818181818181817955e-01,9.444444444444444198e-01,8.092485549132955036e-02,0.000000000000000000e+00,5.000000000000000000e-01,0.000000000000000000e+00,0.000000000000000000e+00,0.000000000000000000e+00,0.000000000000000000e+00,0.000000000000000000e+00,0.000000000000000000e+00,9.953466728711027889e-01,9.548254620123204361e-01,6.254681647940075750e-01,0.000000000000000000e+00,1.000000000000000000e+00,0.000000000000000000e+00,4.999999999999998890e-01,0.000000000000000000e+00,1.000000000000000000e+00,4.999999999999997224e-01,1.603773584905659744e-01,3.636363636363635909e-01,2.996254681647932475e-02,0.000000000000000000e+00,0.000000000000000000e+00,0.000000000000000000e+00,0.000000000000000000e+00,0.000000000000000000e+00,6.428571428571429047e-01,9.259259259259260133e-02,8.379629629629629095e-01,7.807017543859647857e-01,5.000000000000000000e-01,6.034482758620682841e-01,4.285714285714285476e-01,1.000000000000000000e+00,0.000000000000000000e+00,0.000000000000000000e+00,7.500000000000000000e-01,6.033057851239664870e-01,6.666666666666667407e-01,0.000000000000000000e+00,0.000000000000000000e+00,0.000000000000000000e+00,0.000000000000000000e+00,0.000000000000000000e+00
0.000000000000000000e+00,9.885496183206106124e-01,0.000000000000000000e+00,0.000000000000000000e+00,0.000000000000000000e+00,1.818181818181817955e-01,9.444444444444444198e-01,8.092485549132955036e-02,0.000000000000000000e+00,5.000000000000000000e-01,0.000000000000000000e+00,0.000000000000000000e+00,0.000000000000000000e+00,0.000000000000000000e+00,0.000000000000000000e+00,0.000000000000000000e+00,9.953466728711027889e-01,9.548254620123204361e-01,6.217228464419477518e-01,0.000000000000000000e+00,1.000000000000000000e+00,0.000000000000000000e+00,4.999999999999998890e-01,0.000000000000000000e+00,1.000000000000000000e+00,4.999999999999997224e-01,1.603773584905659744e-01,2.727272727272727071e-01,2.996254681647932475e-02,0.000000000000000000e+00,0.000000000000000000e+00,0.000000000000000000e+00,0.000000000000000000e+00,0.000000000000000000e+00,6.428571428571429047e-01,9.259259259259260133e-02,8.379629629629629095e-01,7.807017543859647857e-01,5.000000000000000000e-01,7.241379310344822073e-01,4.285714285714285476e-01,1.000000000000000000e+00,0.000000000000000000e+00,0.000000000000000000e+00,7.500000000000000000e-01,6.033057851239664870e-01,6.666666666666667407e-01,0.000000000000000000e+00,0.000000000000000000e+00,0.000000000000000000e+00,0.000000000000000000e+00,0.000000000000000000e+00
0.000000000000000000e+00,9.923664122137404453e-01,0.000000000000000000e+00,0.000000000000000000e+00,0.000000000000000000e+00,1.818181818181817955e-01,9.444444444444444198e-01,8.092485549132955036e-02,0.000000000000000000e+00,5.000000000000000000e-01,0.000000000000000000e+00,0.000000000000000000e+00,0.000000000000000000e+00,0.000000000000000000e+00,0.000000000000000000e+00,0.000000000000000000e+00,9.906933457422055778e-01,9.548254620123204361e-01,6.254681647940075750e-01,0.000000000000000000e+00,1.000000000000000000e+00,0.000000000000000000e+00,4.999999999999998890e-01,0.000000000000000000e+00,1.000000000000000000e+00,4.999999999999997224e-01,1.603773584905659744e-01,2.727272727272727071e-01,2.808988764044937150e-02,0.000000000000000000e+00,0.000000000000000000e+00,0.000000000000000000e+00,0.000000000000000000e+00,0.000000000000000000e+00,6.428571428571429047e-01,9.259259259259260133e-02,8.379629629629629095e-01,7.807017543859647857e-01,5.000000000000000000e-01,6.724137931034477322e-01,4.285714285714285476e-01,1.000000000000000000e+00,0.000000000000000000e+00,0.000000000000000000e+00,7.500000000000000000e-01,6.033057851239664870e-01,6.666666666666667407e-01,0.000000000000000000e+00,0.000000000000000000e+00,0.000000000000000000e+00,0.000000000000000000e+00,0.000000000000000000e+00
0.000000000000000000e+00,9.923664122137404453e-01,0.000000000000000000e+00,0.000000000000000000e+00,0.000000000000000000e+00,1.818181818181817955e-01,9.444444444444444198e-01,7.514450867052027694e-02,0.000000000000000000e+00,5.000000000000000000e-01,0.000000000000000000e+00,0.000000000000000000e+00,0.000000000000000000e+00,0.000000000000000000e+00,0.000000000000000000e+00,0.000000000000000000e+00,9.906933457422055778e-01,9.548254620123204361e-01,6.179775280898878176e-01,0.000000000000000000e+00,1.000000000000000000e+00,0.000000000000000000e+00,4.999999999999998890e-01,0.000000000000000000e+00,1.000000000000000000e+00,4.999999999999997224e-01,1.603773584905659744e-01,2.727272727272727071e-01,2.808988764044937150e-02,0.000000000000000000e+00,0.000000000000000000e+00,0.000000000000000000e+00,0.000000000000000000e+00,0.000000000000000000e+00,6.428571428571429047e-01,9.259259259259260133e-02,8.379629629629629095e-01,7.807017543859647857e-01,3.750000000000000000e-01,6.896551724137924833e-01,7.142857142857143016e-01,5.833333333333333703e-01,0.000000000000000000e+00,0.000000000000000000e+00,7.500000000000000000e-01,6.033057851239664870e-01,6.666666666666667407e-01,0.000000000000000000e+00,0.000000000000000000e+00,0.000000000000000000e+00,0.000000000000000000e+00,0.000000000000000000e+00
0.000000000000000000e+00,9.923664122137404453e-01,0.000000000000000000e+00,0.000000000000000000e+00,0.000000000000000000e+00,1.818181818181817955e-01,9.444444444444444198e-01,7.514450867052027694e-02,0.000000000000000000e+00,5.000000000000000000e-01,0.000000000000000000e+00,0.000000000000000000e+00,0.000000000000000000e+00,0.000000000000000000e+00,0.000000000000000000e+00,0.000000000000000000e+00,9.906933457422055778e-01,9.548254620123204361e-01,6.142322097378277723e-01,0.000000000000000000e+00,1.000000000000000000e+00,0.000000000000000000e+00,4.999999999999998890e-01,0.000000000000000000e+00,1.000000000000000000e+00,4.999999999999997224e-01,1.603773584905659744e-01,2.727272727272727071e-01,2.996254681647932475e-02,0.000000000000000000e+00,0.000000000000000000e+00,0.000000000000000000e+00,0.000000000000000000e+00,0.000000000000000000e+00,6.428571428571429047e-01,1.518518518518520155e-01,8.379629629629629095e-01,7.807017543859647857e-01,3.750000000000000000e-01,4.655172413793112196e-01,7.142857142857143016e-01,7.500000000000000000e-01,0.000000000000000000e+00,0.000000000000000000e+00,7.500000000000000000e-01,6.033057851239664870e-01,6.666666666666667407e-01,0.000000000000000000e+00,0.000000000000000000e+00,0.000000000000000000e+00,0.000000000000000000e+00,0.000000000000000000e+00
0.000000000000000000e+00,9.923664122137404453e-01,0.000000000000000000e+00,0.000000000000000000e+00,0.000000000000000000e+00,1.818181818181817955e-01,9.444444444444444198e-01,7.514450867052027694e-02,0.000000000000000000e+00,5.000000000000000000e-01,0.000000000000000000e+00,0.000000000000000000e+00,0.000000000000000000e+00,0.000000000000000000e+00,0.000000000000000000e+00,0.000000000000000000e+00,9.883666821777570277e-01,9.548254620123204361e-01,6.104868913857678381e-01,0.000000000000000000e+00,1.000000000000000000e+00,0.000000000000000000e+00,4.999999999999998890e-01,0.000000000000000000e+00,1.000000000000000000e+00,4.999999999999997224e-01,1.603773584905659744e-01,1.818181818181817955e-01,2.996254681647932475e-02,0.000000000000000000e+00,0.000000000000000000e+00,0.000000000000000000e+00,0.000000000000000000e+00,0.000000000000000000e+00,6.428571428571429047e-01,1.518518518518520155e-01,8.101851851851850084e-01,7.807017543859647857e-01,3.750000000000000000e-01,4.137931034482766335e-01,7.142857142857143016e-01,9.166666666666667407e-01,0.000000000000000000e+00,0.000000000000000000e+00,7.500000000000000000e-01,6.033057851239664870e-01,6.666666666666667407e-01,0.000000000000000000e+00,0.000000000000000000e+00,0.000000000000000000e+00,0.000000000000000000e+00,0.000000000000000000e+00
0.000000000000000000e+00,9.923664122137404453e-01,0.000000000000000000e+00,0.000000000000000000e+00,0.000000000000000000e+00,1.818181818181817955e-01,9.444444444444444198e-01,7.514450867052027694e-02,0.000000000000000000e+00,5.000000000000000000e-01,0.000000000000000000e+00,0.000000000000000000e+00,0.000000000000000000e+00,0.000000000000000000e+00,0.000000000000000000e+00,0.000000000000000000e+00,9.860400186133084777e-01,9.548254620123204361e-01,6.104868913857678381e-01,0.000000000000000000e+00,1.000000000000000000e+00,0.000000000000000000e+00,4.999999999999998890e-01,0.000000000000000000e+00,1.000000000000000000e+00,4.999999999999997224e-01,1.603773584905659744e-01,1.818181818181817955e-01,2.996254681647932475e-02,0.000000000000000000e+00,0.000000000000000000e+00,0.000000000000000000e+00,0.000000000000000000e+00,0.000000000000000000e+00,6.428571428571429047e-01,1.518518518518520155e-01,8.101851851851850084e-01,1.000000000000000000e+00,3.750000000000000000e-01,4.827586206896560816e-01,7.142857142857143016e-01,9.166666666666667407e-01,0.000000000000000000e+00,0.000000000000000000e+00,7.500000000000000000e-01,6.033057851239664870e-01,6.666666666666667407e-01,0.000000000000000000e+00,0.000000000000000000e+00,0.000000000000000000e+00,0.000000000000000000e+00,0.000000000000000000e+00
0.000000000000000000e+00,9.923664122137404453e-01,0.000000000000000000e+00,0.000000000000000000e+00,0.000000000000000000e+00,1.818181818181817955e-01,9.444444444444444198e-01,7.514450867052027694e-02,0.000000000000000000e+00,5.000000000000000000e-01,0.000000000000000000e+00,0.000000000000000000e+00,0.000000000000000000e+00,0.000000000000000000e+00,0.000000000000000000e+00,0.000000000000000000e+00,9.860400186133084777e-01,9.558521560574949616e-01,6.067415730337079038e-01,0.000000000000000000e+00,1.000000000000000000e+00,0.000000000000000000e+00,4.999999999999998890e-01,0.000000000000000000e+00,1.000000000000000000e+00,4.999999999999997224e-01,1.603773584905659744e-01,3.636363636363635909e-01,2.996254681647932475e-02,0.000000000000000000e+00,0.000000000000000000e+00,0.000000000000000000e+00,0.000000000000000000e+00,0.000000000000000000e+00,6.428571428571429047e-01,1.518518518518520155e-01,8.101851851851850084e-01,1.000000000000000000e+00,3.750000000000000000e-01,4.482758620689663576e-01,1.000000000000000000e+00,6.666666666666667407e-01,0.000000000000000000e+00,0.000000000000000000e+00,5.000000000000000000e-01,6.033057851239664870e-01,6.666666666666667407e-01,0.000000000000000000e+00,0.000000000000000000e+00,0.000000000000000000e+00,0.000000000000000000e+00,0.000000000000000000e+00
0.000000000000000000e+00,9.923664122137404453e-01,0.000000000000000000e+00,0.000000000000000000e+00,0.000000000000000000e+00,1.818181818181817955e-01,9.444444444444444198e-01,7.514450867052027694e-02,0.000000000000000000e+00,5.000000000000000000e-01,0.000000000000000000e+00,0.000000000000000000e+00,0.000000000000000000e+00,0.000000000000000000e+00,0.000000000000000000e+00,0.000000000000000000e+00,9.860400186133084777e-01,9.558521560574949616e-01,6.067415730337079038e-01,0.000000000000000000e+00,1.000000000000000000e+00,0.000000000000000000e+00,4.999999999999998890e-01,0.000000000000000000e+00,1.000000000000000000e+00,4.999999999999997224e-01,1.603773584905659744e-01,3.636363636363635909e-01,2.808988764044937150e-02,0.000000000000000000e+00,0.000000000000000000e+00,0.000000000000000000e+00,0.000000000000000000e+00,0.000000000000000000e+00,6.428571428571429047e-01,1.518518518518520155e-01,8.101851851851850084e-01,1.000000000000000000e+00,3.750000000000000000e-01,3.965517241379317714e-01,1.000000000000000000e+00,5.000000000000000000e-01,0.000000000000000000e+00,0.000000000000000000e+00,5.000000000000000000e-01,6.033057851239664870e-01,6.666666666666667407e-01,0.000000000000000000e+00,0.000000000000000000e+00,0.000000000000000000e+00,0.000000000000000000e+00,0.000000000000000000e+00
0.000000000000000000e+00,9.923664122137404453e-01,0.000000000000000000e+00,0.000000000000000000e+00,0.000000000000000000e+00,1.818181818181817955e-01,9.722222222222220989e-01,7.514450867052027694e-02,0.000000000000000000e+00,5.000000000000000000e-01,0.000000000000000000e+00,0.000000000000000000e+00,0.000000000000000000e+00,0.000000000000000000e+00,0.000000000000000000e+00,0.000000000000000000e+00,9.906933457422055778e-01,9.558521560574949616e-01,6.029962546816480806e-01,0.000000000000000000e+00,1.000000000000000000e+00,0.000000000000000000e+00,4.999999999999998890e-01,0.000000000000000000e+00,1.000000000000000000e+00,4.999999999999997224e-01,1.603773584905659744e-01,4.545454545454545303e-01,2.996254681647932475e-02,0.000000000000000000e+00,0.000000000000000000e+00,0.000000000000000000e+00,0.000000000000000000e+00,0.000000000000000000e+00,6.428571428571429047e-01,1.518518518518520155e-01,8.101851851851850084e-01,1.000000000000000000e+00,3.750000000000000000e-01,5.862068965517233110e-01,1.000000000000000000e+00,5.833333333333333703e-01,0.000000000000000000e+00,0.000000000000000000e+00,5.000000000000000000e-01,6.033057851239664870e-01,6.666666666666667407e-01,0.000000000000000000e+00,0.000000000000000000e+00,0.000000000000000000e+00,0.000000000000000000e+00,0.000000000000000000e+00
0.000000000000000000e+00,9.885496183206106124e-01,0.000000000000000000e+00,0.000000000000000000e+00,0.000000000000000000e+00,1.818181818181817955e-01,9.722222222222220989e-01,7.514450867052027694e-02,0.000000000000000000e+00,5.000000000000000000e-01,0.000000000000000000e+00,0.000000000000000000e+00,0.000000000000000000e+00,0.000000000000000000e+00,0.000000000000000000e+00,0.000000000000000000e+00,9.953466728711027889e-01,9.548254620123204361e-01,6.029962546816480806e-01,0.000000000000000000e+00,1.000000000000000000e+00,0.000000000000000000e+00,4.999999999999998890e-01,0.000000000000000000e+00,1.000000000000000000e+00,4.999999999999997224e-01,2.452830188679246126e-01,5.454545454545454142e-01,2.996254681647932475e-02,0.000000000000000000e+00,0.000000000000000000e+00,0.000000000000000000e+00,0.000000000000000000e+00,0.000000000000000000e+00,6.428571428571429047e-01,1.518518518518520155e-01,8.101851851851850084e-01,1.000000000000000000e+00,3.750000000000000000e-01,6.034482758620682841e-01,1.000000000000000000e+00,8.333333333333333703e-01,0.000000000000000000e+00,0.000000000000000000e+00,5.000000000000000000e-01,6.033057851239664870e-01,6.666666666666667407e-01,0.000000000000000000e+00,0.000000000000000000e+00,0.000000000000000000e+00,0.000000000000000000e+00,0.000000000000000000e+00
0.000000000000000000e+00,9.885496183206106124e-01,0.000000000000000000e+00,0.000000000000000000e+00,0.000000000000000000e+00,1.818181818181817955e-01,9.722222222222220989e-01,7.514450867052027694e-02,0.000000000000000000e+00,5.000000000000000000e-01,0.000000000000000000e+00,0.000000000000000000e+00,0.000000000000000000e+00,0.000000000000000000e+00,0.000000000000000000e+00,0.000000000000000000e+00,9.953466728711027889e-01,9.548254620123204361e-01,5.992509363295881464e-01,0.000000000000000000e+00,1.000000000000000000e+00,0.000000000000000000e+00,4.999999999999998890e-01,0.000000000000000000e+00,1.000000000000000000e+00,4.999999999999997224e-01,2.452830188679246126e-01,5.454545454545454142e-01,2.996254681647932475e-02,0.000000000000000000e+00,0.000000000000000000e+00,0.000000000000000000e+00,0.000000000000000000e+00,0.000000000000000000e+00,6.428571428571429047e-01,1.518518518518520155e-01,8.101851851851850084e-01,9.122807017543856922e-01,5.000000000000000000e-01,5.517241379310335869e-01,5.714285714285715079e-01,8.333333333333333703e-01,0.000000000000000000e+00,0.000000000000000000e+00,5.000000000000000000e-01,6.033057851239664870e-01,6.666666666666667407e-01,0.000000000000000000e+00,0.000000000000000000e+00,0.000000000000000000e+00,0.000000000000000000e+00,0.000000000000000000e+00
0.000000000000000000e+00,9.885496183206106124e-01,0.000000000000000000e+00,0.000000000000000000e+00,0.000000000000000000e+00,1.818181818181817955e-01,9.722222222222220989e-01,7.514450867052027694e-02,0.000000000000000000e+00,5.000000000000000000e-01,0.000000000000000000e+00,0.000000000000000000e+00,0.000000000000000000e+00,0.000000000000000000e+00,0.000000000000000000e+00,0.000000000000000000e+00,9.976733364355513389e-01,9.548254620123204361e-01,5.955056179775282121e-01,0.000000000000000000e+00,1.000000000000000000e+00,0.000000000000000000e+00,4.999999999999998890e-01,0.000000000000000000e+00,1.000000000000000000e+00,4.999999999999997224e-01,2.452830188679246126e-01,5.454545454545454142e-01,2.996254681647932475e-02,0.000000000000000000e+00,0.000000000000000000e+00,0.000000000000000000e+00,0.000000000000000000e+00,0.000000000000000000e+00,6.428571428571429047e-01,1.518518518518520155e-01,8.101851851851850084e-01,6.929824561403512551e-01,5.000000000000000000e-01,6.034482758620682841e-01,5.714285714285715079e-01,7.500000000000000000e-01,0.000000000000000000e+00,0.000000000000000000e+00,5.000000000000000000e-01,3.305785123966935024e-01,6.666666666666667407e-01,0.000000000000000000e+00,0.000000000000000000e+00,0.000000000000000000e+00,0.000000000000000000e+00,0.000000000000000000e+00
0.000000000000000000e+00,9.923664122137404453e-01,0.000000000000000000e+00,0.000000000000000000e+00,0.000000000000000000e+00,1.818181818181817955e-01,9.722222222222220989e-01,7.514450867052027694e-02,0.000000000000000000e+00,5.000000000000000000e-01,0.000000000000000000e+00,0.000000000000000000e+00,0.000000000000000000e+00,0.000000000000000000e+00,0.000000000000000000e+00,0.000000000000000000e+00,9.976733364355513389e-01,9.548254620123204361e-01,5.955056179775282121e-01,0.000000000000000000e+00,1.000000000000000000e+00,0.000000000000000000e+00,4.999999999999998890e-01,0.000000000000000000e+00,1.000000000000000000e+00,4.999999999999997224e-01,2.452830188679246126e-01,5.454545454545454142e-01,2.996254681647932475e-02,0.000000000000000000e+00,0.000000000000000000e+00,0.000000000000000000e+00,0.000000000000000000e+00,0.000000000000000000e+00,6.428571428571429047e-01,1.518518518518520155e-01,8.101851851851850084e-01,6.929824561403512551e-01,3.750000000000000000e-01,4.827586206896560816e-01,5.714285714285715079e-01,7.500000000000000000e-01,0.000000000000000000e+00,0.000000000000000000e+00,5.000000000000000000e-01,3.305785123966935024e-01,6.666666666666667407e-01,0.000000000000000000e+00,0.000000000000000000e+00,0.000000000000000000e+00,0.000000000000000000e+00,0.000000000000000000e+00
0.000000000000000000e+00,9.923664122137404453e-01,0.000000000000000000e+00,0.000000000000000000e+00,0.000000000000000000e+00,1.818181818181817955e-01,9.722222222222220989e-01,7.514450867052027694e-02,0.000000000000000000e+00,5.000000000000000000e-01,0.000000000000000000e+00,0.000000000000000000e+00,0.000000000000000000e+00,0.000000000000000000e+00,0.000000000000000000e+00,0.000000000000000000e+00,9.976733364355513389e-01,9.548254620123204361e-01,5.917602996254682779e-01,0.000000000000000000e+00,1.000000000000000000e+00,0.000000000000000000e+00,4.999999999999998890e-01,0.000000000000000000e+00,1.000000000000000000e+00,4.999999999999997224e-01,2.452830188679246126e-01,3.636363636363635909e-01,2.996254681647932475e-02,0.000000000000000000e+00,0.000000000000000000e+00,0.000000000000000000e+00,0.000000000000000000e+00,0.000000000000000000e+00,6.428571428571429047e-01,1.518518518518520155e-01,8.101851851851850084e-01,6.929824561403512551e-01,2.500000000000000000e-01,3.620689655172420474e-01,5.714285714285715079e-01,7.500000000000000000e-01,0.000000000000000000e+00,0.000000000000000000e+00,5.000000000000000000e-01,3.305785123966935024e-01,6.666666666666667407e-01,0.000000000000000000e+00,0.000000000000000000e+00,0.000000000000000000e+00,0.000000000000000000e+00,0.000000000000000000e+00
0.000000000000000000e+00,9.885496183206106124e-01,0.000000000000000000e+00,0.000000000000000000e+00,0.000000000000000000e+00,1.818181818181817955e-01,9.722222222222220989e-01,7.514450867052027694e-02,0.000000000000000000e+00,5.000000000000000000e-01,0.000000000000000000e+00,0.000000000000000000e+00,0.000000000000000000e+00,0.000000000000000000e+00,0.000000000000000000e+00,0.000000000000000000e+00,9.976733364355513389e-01,9.548254620123204361e-01,5.917602996254682779e-01,0.000000000000000000e+00,1.000000000000000000e+00,0.000000000000000000e+00,4.999999999999998890e-01,0.000000000000000000e+00,1.000000000000000000e+00,4.999999999999997224e-01,2.452830188679246126e-01,2.727272727272727071e-01,2.996254681647932475e-02,0.000000000000000000e+00,0.000000000000000000e+00,0.000000000000000000e+00,0.000000000000000000e+00,0.000000000000000000e+00,6.428571428571429047e-01,1.518518518518520155e-01,8.009259259259260411e-01,6.929824561403512551e-01,2.500000000000000000e-01,2.758620689655177372e-01,5.714285714285715079e-01,7.500000000000000000e-01,0.000000000000000000e+00,0.000000000000000000e+00,5.000000000000000000e-01,3.305785123966935024e-01,5.000000000000001110e-01,0.000000000000000000e+00,0.000000000000000000e+00,0.000000000000000000e+00,0.000000000000000000e+00,0.000000000000000000e+00
0.000000000000000000e+00,9.885496183206106124e-01,0.000000000000000000e+00,0.000000000000000000e+00,0.000000000000000000e+00,1.818181818181817955e-01,9.722222222222220989e-01,7.514450867052027694e-02,0.000000000000000000e+00,5.000000000000000000e-01,0.000000000000000000e+00,0.000000000000000000e+00,0.000000000000000000e+00,0.000000000000000000e+00,0.000000000000000000e+00,0.000000000000000000e+00,9.953466728711027889e-01,9.548254620123204361e-01,5.880149812734082326e-01,0.000000000000000000e+00,1.000000000000000000e+00,0.000000000000000000e+00,4.999999999999998890e-01,0.000000000000000000e+00,1.000000000000000000e+00,4.999999999999997224e-01,2.452830188679246126e-01,2.727272727272727071e-01,2.996254681647932475e-02,0.000000000000000000e+00,0.000000000000000000e+00,0.000000000000000000e+00,0.000000000000000000e+00,0.000000000000000000e+00,6.428571428571429047e-01,1.518518518518520155e-01,7.916666666666668517e-01,6.929824561403512551e-01,2.500000000000000000e-01,3.103448275862074612e-01,5.714285714285715079e-01,7.500000000000000000e-01,0.000000000000000000e+00,0.000000000000000000e+00,5.000000000000000000e-01,3.305785123966935024e-01,5.000000000000001110e-01,0.000000000000000000e+00,0.000000000000000000e+00,0.000000000000000000e+00,0.000000000000000000e+00,0.000000000000000000e+00
0.000000000000000000e+00,9.885496183206106124e-01,0.000000000000000000e+00,0.000000000000000000e+00,0.000000000000000000e+00,1.818181818181817955e-01,9.722222222222220989e-01,7.514450867052027694e-02,0.000000000000000000e+00,5.000000000000000000e-01,0.000000000000000000e+00,0.000000000000000000e+00,0.000000000000000000e+00,0.000000000000000000e+00,0.000000000000000000e+00,0.000000000000000000e+00,9.953466728711027889e-01,9.548254620123204361e-01,5.880149812734082326e-01,0.000000000000000000e+00,1.000000000000000000e+00,0.000000000000000000e+00,4.999999999999998890e-01,0.000000000000000000e+00,1.000000000000000000e+00,4.999999999999997224e-01,2.452830188679246126e-01,2.727272727272727071e-01,2.996254681647932475e-02,0.000000000000000000e+00,0.000000000000000000e+00,0.000000000000000000e+00,0.000000000000000000e+00,0.000000000000000000e+00,6.428571428571429047e-01,1.518518518518520155e-01,7.916666666666668517e-01,6.929824561403512551e-01,2.500000000000000000e-01,3.103448275862074612e-01,5.714285714285715079e-01,7.500000000000000000e-01,0.000000000000000000e+00,0.000000000000000000e+00,5.000000000000000000e-01,3.305785123966935024e-01,5.000000000000001110e-01,0.000000000000000000e+00,0.000000000000000000e+00,0.000000000000000000e+00,0.000000000000000000e+00,0.000000000000000000e+00
0.000000000000000000e+00,9.885496183206106124e-01,0.000000000000000000e+00,0.000000000000000000e+00,0.000000000000000000e+00,1.818181818181817955e-01,9.722222222222220989e-01,7.514450867052027694e-02,0.000000000000000000e+00,5.000000000000000000e-01,0.000000000000000000e+00,0.000000000000000000e+00,0.000000000000000000e+00,0.000000000000000000e+00,0.000000000000000000e+00,0.000000000000000000e+00,9.953466728711027889e-01,9.548254620123204361e-01,5.880149812734082326e-01,0.000000000000000000e+00,1.000000000000000000e+00,0.000000000000000000e+00,4.999999999999998890e-01,0.000000000000000000e+00,1.000000000000000000e+00,4.999999999999997224e-01,2.122641509433963458e-01,0.000000000000000000e+00,2.996254681647932475e-02,0.000000000000000000e+00,0.000000000000000000e+00,0.000000000000000000e+00,0.000000000000000000e+00,0.000000000000000000e+00,6.428571428571429047e-01,1.518518518518520155e-01,7.916666666666668517e-01,6.929824561403512551e-01,2.500000000000000000e-01,3.793103448275869649e-01,5.714285714285715079e-01,7.500000000000000000e-01,0.000000000000000000e+00,0.000000000000000000e+00,5.000000000000000000e-01,3.305785123966935024e-01,5.000000000000001110e-01,0.000000000000000000e+00,0.000000000000000000e+00,0.000000000000000000e+00,0.000000000000000000e+00,0.000000000000000000e+00
0.000000000000000000e+00,9.885496183206106124e-01,0.000000000000000000e+00,0.000000000000000000e+00,0.000000000000000000e+00,1.818181818181817955e-01,9.722222222222220989e-01,7.514450867052027694e-02,0.000000000000000000e+00,5.000000000000000000e-01,0.000000000000000000e+00,0.000000000000000000e+00,0.000000000000000000e+00,0.000000000000000000e+00,0.000000000000000000e+00,0.000000000000000000e+00,9.953466728711027889e-01,9.548254620123204361e-01,5.842696629213484094e-01,0.000000000000000000e+00,1.000000000000000000e+00,0.000000000000000000e+00,4.999999999999998890e-01,0.000000000000000000e+00,1.000000000000000000e+00,4.999999999999997224e-01,2.122641509433963458e-01,0.000000000000000000e+00,2.996254681647932475e-02,0.000000000000000000e+00,0.000000000000000000e+00,0.000000000000000000e+00,0.000000000000000000e+00,0.000000000000000000e+00,6.428571428571429047e-01,1.518518518518520155e-01,7.916666666666668517e-01,6.929824561403512551e-01,1.250000000000000000e-01,5.344827586206888359e-01,5.714285714285715079e-01,7.500000000000000000e-01,0.000000000000000000e+00,0.000000000000000000e+00,5.000000000000000000e-01,3.305785123966935024e-01,5.000000000000001110e-01,0.000000000000000000e+00,0.000000000000000000e+00,0.000000000000000000e+00,0.000000000000000000e+00,0.000000000000000000e+00
0.000000000000000000e+00,9.923664122137404453e-01,0.000000000000000000e+00,0.000000000000000000e+00,0.000000000000000000e+00,1.818181818181817955e-01,9.722222222222220989e-01,7.514450867052027694e-02,0.000000000000000000e+00,5.000000000000000000e-01,0.000000000000000000e+00,0.000000000000000000e+00,0.000000000000000000e+00,0.000000000000000000e+00,0.000000000000000000e+00,0.000000000000000000e+00,9.953466728711027889e-01,9.548254620123204361e-01,5.842696629213484094e-01,0.000000000000000000e+00,1.000000000000000000e+00,0.000000000000000000e+00,4.999999999999998890e-01,0.000000000000000000e+00,1.000000000000000000e+00,4.999999999999997224e-01,2.122641509433963458e-01,1.818181818181817955e-01,2.996254681647932475e-02,0.000000000000000000e+00,0.000000000000000000e+00,0.000000000000000000e+00,0.000000000000000000e+00,0.000000000000000000e+00,6.428571428571429047e-01,1.518518518518520155e-01,7.916666666666668517e-01,6.929824561403512551e-01,0.000000000000000000e+00,6.206896551724130351e-01,5.714285714285715079e-01,8.333333333333333703e-01,0.000000000000000000e+00,0.000000000000000000e+00,5.000000000000000000e-01,3.305785123966935024e-01,5.000000000000001110e-01,0.000000000000000000e+00,0.000000000000000000e+00,0.000000000000000000e+00,0.000000000000000000e+00,0.000000000000000000e+00
0.000000000000000000e+00,9.885496183206106124e-01,0.000000000000000000e+00,0.000000000000000000e+00,0.000000000000000000e+00,1.818181818181817955e-01,9.722222222222220989e-01,7.514450867052027694e-02,0.000000000000000000e+00,5.000000000000000000e-01,0.000000000000000000e+00,0.000000000000000000e+00,0.000000000000000000e+00,0.000000000000000000e+00,0.000000000000000000e+00,0.000000000000000000e+00,9.953466728711027889e-01,9.548254620123204361e-01,5.805243445692884752e-01,0.000000000000000000e+00,1.000000000000000000e+00,0.000000000000000000e+00,4.999999999999998890e-01,0.000000000000000000e+00,1.000000000000000000e+00,4.999999999999997224e-01,2.122641509433963458e-01,2.727272727272727071e-01,2.996254681647932475e-02,0.000000000000000000e+00,0.000000000000000000e+00,0.000000000000000000e+00,0.000000000000000000e+00,0.000000000000000000e+00,6.428571428571429047e-01,1.518518518518520155e-01,7.916666666666668517e-01,6.929824561403512551e-01,0.000000000000000000e+00,5.517241379310335869e-01,5.714285714285715079e-01,8.333333333333333703e-01,0.000000000000000000e+00,0.000000000000000000e+00,5.000000000000000000e-01,3.305785123966935024e-01,5.000000000000001110e-01,0.000000000000000000e+00,0.000000000000000000e+00,0.000000000000000000e+00,0.000000000000000000e+00,0.000000000000000000e+00
0.000000000000000000e+00,9.885496183206106124e-01,0.000000000000000000e+00,0.000000000000000000e+00,0.000000000000000000e+00,1.818181818181817955e-01,9.722222222222220989e-01,7.514450867052027694e-02,0.000000000000000000e+00,5.000000000000000000e-01,0.000000000000000000e+00,0.000000000000000000e+00,0.000000000000000000e+00,0.000000000000000000e+00,0.000000000000000000e+00,0.000000000000000000e+00,9.953466728711027889e-01,9.548254620123204361e-01,5.805243445692884752e-01,0.000000000000000000e+00,1.000000000000000000e+00,0.000000000000000000e+00,4.999999999999998890e-01,0.000000000000000000e+00,1.000000000000000000e+00,4.999999999999997224e-01,2.122641509433963458e-01,2.727272727272727071e-01,3.183520599250930228e-02,0.000000000000000000e+00,0.000000000000000000e+00,0.000000000000000000e+00,0.000000000000000000e+00,0.000000000000000000e+00,6.428571428571429047e-01,1.518518518518520155e-01,7.916666666666668517e-01,6.929824561403512551e-01,2.500000000000000000e-01,4.827586206896560816e-01,5.714285714285715079e-01,7.500000000000000000e-01,0.000000000000000000e+00,0.000000000000000000e+00,5.000000000000000000e-01,3.305785123966935024e-01,5.000000000000001110e-01,0.000000000000000000e+00,0.000000000000000000e+00,0.000000000000000000e+00,0.000000000000000000e+00,0.000000000000000000e+00
0.000000000000000000e+00,9.885496183206106124e-01,0.000000000000000000e+00,0.000000000000000000e+00,0.000000000000000000e+00,1.818181818181817955e-01,9.722222222222220989e-01,7.514450867052027694e-02,0.000000000000000000e+00,5.000000000000000000e-01,0.000000000000000000e+00,0.000000000000000000e+00,0.000000000000000000e+00,0.000000000000000000e+00,0.000000000000000000e+00,0.000000000000000000e+00,9.953466728711027889e-01,9.548254620123204361e-01,5.805243445692884752e-01,0.000000000000000000e+00,1.000000000000000000e+00,0.000000000000000000e+00,4.999999999999998890e-01,0.000000000000000000e+00,1.000000000000000000e+00,4.999999999999997224e-01,2.122641509433963458e-01,2.727272727272727071e-01,3.370786516853925552e-02,0.000000000000000000e+00,0.000000000000000000e+00,0.000000000000000000e+00,0.000000000000000000e+00,0.000000000000000000e+00,6.428571428571429047e-01,1.518518518518520155e-01,7.916666666666668517e-01,6.929824561403512551e-01,2.500000000000000000e-01,4.827586206896560816e-01,5.714285714285715079e-01,7.500000000000000000e-01,0.000000000000000000e+00,0.000000000000000000e+00,5.000000000000000000e-01,3.305785123966935024e-01,5.000000000000001110e-01,0.000000000000000000e+00,0.000000000000000000e+00,0.000000000000000000e+00,0.000000000000000000e+00,0.000000000000000000e+00
0.000000000000000000e+00,9.923664122137404453e-01,0.000000000000000000e+00,0.000000000000000000e+00,0.000000000000000000e+00,1.818181818181817955e-01,9.722222222222220989e-01,7.514450867052027694e-02,0.000000000000000000e+00,5.000000000000000000e-01,0.000000000000000000e+00,0.000000000000000000e+00,0.000000000000000000e+00,0.000000000000000000e+00,0.000000000000000000e+00,0.000000000000000000e+00,9.953466728711027889e-01,9.548254620123204361e-01,5.767790262172285409e-01,0.000000000000000000e+00,1.000000000000000000e+00,0.000000000000000000e+00,4.999999999999998890e-01,0.000000000000000000e+00,1.000000000000000000e+00,4.999999999999997224e-01,2.122641509433963458e-01,2.727272727272727071e-01,3.370786516853925552e-02,0.000000000000000000e+00,0.000000000000000000e+00,0.000000000000000000e+00,0.000000000000000000e+00,0.000000000000000000e+00,6.428571428571429047e-01,1.518518518518520155e-01,7.916666666666668517e-01,6.929824561403512551e-01,2.500000000000000000e-01,4.827586206896560816e-01,5.714285714285715079e-01,6.666666666666667407e-01,0.000000000000000000e+00,0.000000000000000000e+00,5.000000000000000000e-01,3.305785123966935024e-01,5.000000000000001110e-01,0.000000000000000000e+00,0.000000000000000000e+00,0.000000000000000000e+00,0.000000000000000000e+00,0.000000000000000000e+00
0.000000000000000000e+00,9.923664122137404453e-01,0.000000000000000000e+00,0.000000000000000000e+00,0.000000000000000000e+00,1.818181818181817955e-01,9.444444444444444198e-01,7.514450867052027694e-02,0.000000000000000000e+00,5.000000000000000000e-01,0.000000000000000000e+00,0.000000000000000000e+00,0.000000000000000000e+00,0.000000000000000000e+00,0.000000000000000000e+00,0.000000000000000000e+00,9.976733364355513389e-01,9.537987679671459107e-01,5.730337078651686067e-01,0.000000000000000000e+00,1.000000000000000000e+00,0.000000000000000000e+00,4.999999999999998890e-01,0.000000000000000000e+00,1.000000000000000000e+00,4.999999999999997224e-01,2.169811320754716222e-01,3.636363636363635909e-01,3.370786516853925552e-02,0.000000000000000000e+00,0.000000000000000000e+00,0.000000000000000000e+00,0.000000000000000000e+00,0.000000000000000000e+00,6.428571428571429047e-01,1.518518518518520155e-01,7.916666666666668517e-01,6.929824561403512551e-01,3.750000000000000000e-01,4.827586206896560816e-01,5.714285714285715079e-01,6.666666666666667407e-01,0.000000000000000000e+00,0.000000000000000000e+00,5.000000000000000000e-01,3.305785123966935024e-01,5.000000000000001110e-01,0.000000000000000000e+00,0.000000000000000000e+00,0.000000000000000000e+00,0.000000000000000000e+00,0.000000000000000000e+00
0.000000000000000000e+00,9.923664122137404453e-01,0.000000000000000000e+00,0.000000000000000000e+00,0.000000000000000000e+00,1.818181818181817955e-01,9.166666666666665186e-01,7.514450867052027694e-02,0.000000000000000000e+00,5.000000000000000000e-01,0.000000000000000000e+00,0.000000000000000000e+00,0.000000000000000000e+00,0.000000000000000000e+00,0.000000000000000000e+00,0.000000000000000000e+00,9.976733364355513389e-01,9.537987679671459107e-01,5.730337078651686067e-01,0.000000000000000000e+00,1.000000000000000000e+00,0.000000000000000000e+00,4.999999999999998890e-01,0.000000000000000000e+00,1.000000000000000000e+00,4.999999999999997224e-01,2.169811320754716222e-01,4.545454545454545303e-01,3.558052434456922264e-02,0.000000000000000000e+00,0.000000000000000000e+00,0.000000000000000000e+00,0.000000000000000000e+00,0.000000000000000000e+00,6.428571428571429047e-01,1.518518518518520155e-01,7.916666666666668517e-01,6.929824561403512551e-01,3.750000000000000000e-01,3.620689655172420474e-01,7.142857142857143016e-01,6.666666666666667407e-01,0.000000000000000000e+00,0.000000000000000000e+00,5.000000000000000000e-01,3.305785123966935024e-01,5.000000000000001110e-01,0.000000000000000000e+00,0.000000000000000000e+00,0.000000000000000000e+00,0.000000000000000000e+00,0.000000000000000000e+00
0.000000000000000000e+00,9.885496183206106124e-01,0.000000000000000000e+00,0.000000000000000000e+00,0.000000000000000000e+00,1.818181818181817955e-01,9.166666666666665186e-01,8.092485549132955036e-02,0.000000000000000000e+00,5.000000000000000000e-01,0.000000000000000000e+00,0.000000000000000000e+00,0.000000000000000000e+00,0.000000000000000000e+00,0.000000000000000000e+00,0.000000000000000000e+00,9.976733364355513389e-01,9.537987679671459107e-01,5.692883895131086724e-01,0.000000000000000000e+00,1.000000000000000000e+00,0.000000000000000000e+00,4.999999999999998890e-01,0.000000000000000000e+00,1.000000000000000000e+00,4.999999999999997224e-01,2.169811320754716222e-01,4.545454545454545303e-01,3.558052434456922264e-02,0.000000000000000000e+00,0.000000000000000000e+00,0.000000000000000000e+00,0.000000000000000000e+00,0.000000000000000000e+00,6.428571428571429047e-01,1.518518518518520155e-01,7.916666666666668517e-01,6.929824561403512551e-01,3.750000000000000000e-01,2.586206896551728751e-01,7.142857142857143016e-01,6.666666666666667407e-01,0.000000000000000000e+00,0.000000000000000000e+00,5.000000000000000000e-01,3.305785123966935024e-01,6.666666666666667407e-01,0.000000000000000000e+00,0.000000000000000000e+00,0.000000000000000000e+00,0.000000000000000000e+00,0.000000000000000000e+00
0.000000000000000000e+00,9.885496183206106124e-01,0.000000000000000000e+00,0.000000000000000000e+00,0.000000000000000000e+00,1.818181818181817955e-01,9.166666666666665186e-01,8.092485549132955036e-02,0.000000000000000000e+00,5.000000000000000000e-01,0.000000000000000000e+00,0.000000000000000000e+00,0.000000000000000000e+00,0.000000000000000000e+00,0.000000000000000000e+00,0.000000000000000000e+00,9.930200093066542388e-01,9.527720739219713852e-01,5.692883895131086724e-01,0.000000000000000000e+00,1.000000000000000000e+00,0.000000000000000000e+00,4.999999999999998890e-01,0.000000000000000000e+00,1.000000000000000000e+00,4.999999999999997224e-01,2.169811320754716222e-01,2.727272727272727071e-01,3.745318352059918976e-02,0.000000000000000000e+00,0.000000000000000000e+00,0.000000000000000000e+00,0.000000000000000000e+00,0.000000000000000000e+00,6.428571428571429047e-01,1.518518518518520155e-01,7.916666666666668517e-01,6.929824561403512551e-01,3.750000000000000000e-01,1.379310344827588963e-01,7.142857142857143016e-01,6.666666666666667407e-01,0.000000000000000000e+00,0.000000000000000000e+00,5.000000000000000000e-01,3.305785123966935024e-01,6.666666666666667407e-01,0.000000000000000000e+00,0.000000000000000000e+00,0.000000000000000000e+00,0.000000000000000000e+00,0.000000000000000000e+00
0.000000000000000000e+00,9.923664122137404453e-01,0.000000000000000000e+00,0.000000000000000000e+00,0.000000000000000000e+00,1.818181818181817955e-01,9.166666666666665186e-01,8.092485549132955036e-02,0.000000000000000000e+00,5.000000000000000000e-01,0.000000000000000000e+00,0.000000000000000000e+00,0.000000000000000000e+00,0.000000000000000000e+00,0.000000000000000000e+00,0.000000000000000000e+00,9.930200093066542388e-01,9.527720739219713852e-01,5.655430711610487382e-01,0.000000000000000000e+00,1.000000000000000000e+00,0.000000000000000000e+00,4.999999999999998890e-01,0.000000000000000000e+00,1.000000000000000000e+00,4.999999999999997224e-01,2.169811320754716222e-01,2.727272727272727071e-01,3.745318352059918976e-02,0.000000000000000000e+00,0.000000000000000000e+00,0.000000000000000000e+00,0.000000000000000000e+00,0.000000000000000000e+00,6.428571428571429047e-01,1.518518518518520155e-01,7.638888888888889506e-01,6.929824561403512551e-01,3.750000000000000000e-01,2.068965517241383167e-01,7.142857142857143016e-01,6.666666666666667407e-01,0.000000000000000000e+00,0.000000000000000000e+00,7.500000000000000000e-01,3.305785123966935024e-01,6.666666666666667407e-01,0.000000000000000000e+00,0.000000000000000000e+00,0.000000000000000000e+00,0.000000000000000000e+00,0.000000000000000000e+00
0.000000000000000000e+00,9.923664122137404453e-01,0.000000000000000000e+00,0.000000000000000000e+00,0.000000000000000000e+00,1.818181818181817955e-01,9.166666666666665186e-01,8.092485549132955036e-02,0.000000000000000000e+00,5.000000000000000000e-01,0.000000000000000000e+00,0.000000000000000000e+00,0.000000000000000000e+00,0.000000000000000000e+00,0.000000000000000000e+00,0.000000000000000000e+00,9.930200093066542388e-01,9.527720739219713852e-01,5.655430711610487382e-01,0.000000000000000000e+00,1.000000000000000000e+00,0.000000000000000000e+00,4.999999999999998890e-01,0.000000000000000000e+00,1.000000000000000000e+00,4.999999999999997224e-01,2.169811320754716222e-01,5.454545454545454142e-01,3.932584269662914300e-02,0.000000000000000000e+00,0.000000000000000000e+00,0.000000000000000000e+00,0.000000000000000000e+00,0.000000000000000000e+00,6.428571428571429047e-01,1.518518518518520155e-01,7.638888888888889506e-01,6.929824561403512551e-01,3.750000000000000000e-01,3.448275862068971853e-01,7.142857142857143016e-01,6.666666666666667407e-01,0.000000000000000000e+00,0.000000000000000000e+00,7.500000000000000000e-01,3.305785123966935024e-01,6.666666666666667407e-01,0.000000000000000000e+00,0.000000000000000000e+00,0.000000000000000000e+00,0.000000000000000000e+00,0.000000000000000000e+00
0.000000000000000000e+00,9.923664122137404453e-01,0.000000000000000000e+00,0.000000000000000000e+00,0.000000000000000000e+00,1.818181818181817955e-01,9.444444444444444198e-01,8.092485549132955036e-02,0.000000000000000000e+00,5.000000000000000000e-01,0.000000000000000000e+00,0.000000000000000000e+00,0.000000000000000000e+00,0.000000000000000000e+00,0.000000000000000000e+00,0.000000000000000000e+00,9.906933457422055778e-01,9.537987679671459107e-01,5.655430711610487382e-01,0.000000000000000000e+00,1.000000000000000000e+00,0.000000000000000000e+00,4.999999999999998890e-01,0.000000000000000000e+00,1.000000000000000000e+00,4.999999999999997224e-01,2.452830188679246126e-01,6.363636363636363535e-01,3.932584269662914300e-02,0.000000000000000000e+00,0.000000000000000000e+00,0.000000000000000000e+00,0.000000000000000000e+00,0.000000000000000000e+00,6.428571428571429047e-01,1.259259259259258856e-01,7.638888888888889506e-01,6.929824561403512551e-01,3.750000000000000000e-01,4.827586206896560816e-01,7.142857142857143016e-01,6.666666666666667407e-01,0.000000000000000000e+00,0.000000000000000000e+00,7.500000000000000000e-01,3.305785123966935024e-01,6.666666666666667407e-01,0.000000000000000000e+00,0.000000000000000000e+00,0.000000000000000000e+00,0.000000000000000000e+00,0.000000000000000000e+00
0.000000000000000000e+00,9.923664122137404453e-01,0.000000000000000000e+00,0.000000000000000000e+00,0.000000000000000000e+00,1.818181818181817955e-01,9.444444444444444198e-01,8.092485549132955036e-02,0.000000000000000000e+00,5.000000000000000000e-01,0.000000000000000000e+00,0.000000000000000000e+00,0.000000000000000000e+00,0.000000000000000000e+00,0.000000000000000000e+00,0.000000000000000000e+00,9.953466728711027889e-01,9.537987679671459107e-01,5.617977528089888040e-01,0.000000000000000000e+00,1.000000000000000000e+00,0.000000000000000000e+00,4.999999999999998890e-01,0.000000000000000000e+00,1.000000000000000000e+00,4.999999999999997224e-01,2.452830188679246126e-01,7.272727272727271819e-01,3.932584269662914300e-02,0.000000000000000000e+00,0.000000000000000000e+00,0.000000000000000000e+00,0.000000000000000000e+00,0.000000000000000000e+00,6.428571428571429047e-01,1.259259259259258856e-01,7.638888888888889506e-01,6.929824561403512551e-01,5.000000000000000000e-01,6.034482758620682841e-01,7.142857142857143016e-01,6.666666666666667407e-01,0.000000000000000000e+00,0.000000000000000000e+00,7.500000000000000000e-01,3.305785123966935024e-01,6.666666666666667407e-01,0.000000000000000000e+00,0.000000000000000000e+00,0.000000000000000000e+00,0.000000000000000000e+00,0.000000000000000000e+00
0.000000000000000000e+00,9.923664122137404453e-01,0.000000000000000000e+00,0.000000000000000000e+00,0.000000000000000000e+00,1.818181818181817955e-01,9.444444444444444198e-01,8.092485549132955036e-02,0.000000000000000000e+00,5.000000000000000000e-01,0.000000000000000000e+00,0.000000000000000000e+00,0.000000000000000000e+00,0.000000000000000000e+00,0.000000000000000000e+00,0.000000000000000000e+00,9.953466728711027889e-01,9.537987679671459107e-01,5.617977528089888040e-01,0.000000000000000000e+00,1.000000000000000000e+00,0.000000000000000000e+00,4.999999999999998890e-01,0.000000000000000000e+00,1.000000000000000000e+00,4.999999999999997224e-01,3.066037735849054813e-01,7.272727272727271819e-01,3.932584269662914300e-02,0.000000000000000000e+00,0.000000000000000000e+00,0.000000000000000000e+00,0.000000000000000000e+00,0.000000000000000000e+00,6.428571428571429047e-01,1.259259259259258856e-01,7.638888888888889506e-01,6.929824561403512551e-01,5.000000000000000000e-01,5.172413793103457502e-01,7.142857142857143016e-01,6.666666666666667407e-01,0.000000000000000000e+00,0.000000000000000000e+00,7.500000000000000000e-01,4.628099173553713586e-01,6.666666666666667407e-01,0.000000000000000000e+00,0.000000000000000000e+00,0.000000000000000000e+00,0.000000000000000000e+00,0.000000000000000000e+00
0.000000000000000000e+00,9.923664122137404453e-01,0.000000000000000000e+00,0.000000000000000000e+00,0.000000000000000000e+00,1.818181818181817955e-01,9.722222222222220989e-01,8.092485549132955036e-02,0.000000000000000000e+00,5.000000000000000000e-01,0.000000000000000000e+00,0.000000000000000000e+00,0.000000000000000000e+00,0.000000000000000000e+00,0.000000000000000000e+00,0.000000000000000000e+00,9.953466728711027889e-01,9.548254620123204361e-01,5.580524344569289807e-01,0.000000000000000000e+00,1.000000000000000000e+00,0.000000000000000000e+00,4.999999999999998890e-01,0.000000000000000000e+00,1.000000000000000000e+00,4.999999999999997224e-01,3.066037735849054813e-01,7.272727272727271819e-01,3.932584269662914300e-02,0.000000000000000000e+00,0.000000000000000000e+00,0.000000000000000000e+00,0.000000000000000000e+00,0.000000000000000000e+00,6.428571428571429047e-01,1.259259259259258856e-01,7.638888888888889506e-01,6.929824561403512551e-01,5.000000000000000000e-01,4.827586206896560816e-01,7.142857142857143016e-01,6.666666666666667407e-01,0.000000000000000000e+00,0.000000000000000000e+00,7.500000000000000000e-01,4.628099173553713586e-01,6.666666666666667407e-01,0.000000000000000000e+00,0.000000000000000000e+00,0.000000000000000000e+00,0.000000000000000000e+00,0.000000000000000000e+00
0.000000000000000000e+00,9.923664122137404453e-01,0.000000000000000000e+00,0.000000000000000000e+00,0.000000000000000000e+00,1.818181818181817955e-01,9.722222222222220989e-01,8.670520231213882378e-02,0.000000000000000000e+00,5.000000000000000000e-01,0.000000000000000000e+00,0.000000000000000000e+00,0.000000000000000000e+00,0.000000000000000000e+00,0.000000000000000000e+00,0.000000000000000000e+00,9.953466728711027889e-01,9.548254620123204361e-01,5.580524344569289807e-01,0.000000000000000000e+00,1.000000000000000000e+00,0.000000000000000000e+00,4.999999999999998890e-01,0.000000000000000000e+00,1.000000000000000000e+00,4.999999999999997224e-01,2.830188679245284611e-01,7.272727272727271819e-01,4.119850187265911012e-02,0.000000000000000000e+00,0.000000000000000000e+00,0.000000000000000000e+00,0.000000000000000000e+00,0.000000000000000000e+00,6.428571428571429047e-01,1.259259259259258856e-01,7.638888888888889506e-01,6.929824561403512551e-01,6.249999999999998890e-01,3.620689655172420474e-01,7.142857142857143016e-01,6.666666666666667407e-01,0.000000000000000000e+00,0.000000000000000000e+00,7.500000000000000000e-01,4.628099173553713586e-01,6.666666666666667407e-01,0.000000000000000000e+00,0.000000000000000000e+00,0.000000000000000000e+00,0.000000000000000000e+00,0.000000000000000000e+00
0.000000000000000000e+00,9.923664122137404453e-01,0.000000000000000000e+00,0.000000000000000000e+00,0.000000000000000000e+00,1.818181818181817955e-01,9.722222222222220989e-01,8.670520231213882378e-02,0.000000000000000000e+00,5.000000000000000000e-01,0.000000000000000000e+00,0.000000000000000000e+00,0.000000000000000000e+00,0.000000000000000000e+00,0.000000000000000000e+00,0.000000000000000000e+00,9.930200093066542388e-01,9.548254620123204361e-01,5.505617977528090012e-01,0.000000000000000000e+00,1.000000000000000000e+00,0.000000000000000000e+00,4.999999999999998890e-01,0.000000000000000000e+00,1.000000000000000000e+00,4.999999999999997224e-01,2.830188679245284611e-01,6.363636363636363535e-01,4.119850187265911012e-02,0.000000000000000000e+00,0.000000000000000000e+00,0.000000000000000000e+00,0.000000000000000000e+00,0.000000000000000000e+00,6.428571428571429047e-01,1.259259259259258856e-01,7.638888888888889506e-01,6.929824561403512551e-01,6.249999999999998890e-01,4.482758620689663576e-01,7.142857142857143016e-01,6.666666666666667407e-01,0.000000000000000000e+00,0.000000000000000000e+00,7.500000000000000000e-01,4.628099173553713586e-01,6.666666666666667407e-01,0.000000000000000000e+00,0.000000000000000000e+00,0.000000000000000000e+00,0.000000000000000000e+00,0.000000000000000000e+00
0.000000000000000000e+00,9.923664122137404453e-01,0.000000000000000000e+00,0.000000000000000000e+00,0.000000000000000000e+00,1.818181818181817955e-01,9.722222222222220989e-01,8.670520231213882378e-02,0.000000000000000000e+00,5.000000000000000000e-01,0.000000000000000000e+00,0.000000000000000000e+00,0.000000000000000000e+00,0.000000000000000000e+00,0.000000000000000000e+00,0.000000000000000000e+00,9.906933457422055778e-01,9.548254620123204361e-01,5.505617977528090012e-01,0.000000000000000000e+00,1.000000000000000000e+00,0.000000000000000000e+00,4.999999999999998890e-01,0.000000000000000000e+00,1.000000000000000000e+00,4.999999999999997224e-01,2.547169811320754707e-01,4.545454545454545303e-01,4.119850187265911012e-02,0.000000000000000000e+00,0.000000000000000000e+00,0.000000000000000000e+00,0.000000000000000000e+00,0.000000000000000000e+00,6.428571428571429047e-01,1.259259259259258856e-01,7.638888888888889506e-01,6.929824561403512551e-01,6.249999999999998890e-01,4.827586206896560816e-01,7.142857142857143016e-01,6.666666666666667407e-01,0.000000000000000000e+00,0.000000000000000000e+00,7.500000000000000000e-01,4.628099173553713586e-01,6.666666666666667407e-01,0.000000000000000000e+00,0.000000000000000000e+00,0.000000000000000000e+00,0.000000000000000000e+00,0.000000000000000000e+00
0.000000000000000000e+00,9.923664122137404453e-01,0.000000000000000000e+00,0.000000000000000000e+00,0.000000000000000000e+00,1.818181818181817955e-01,9.722222222222220989e-01,8.670520231213882378e-02,0.000000000000000000e+00,5.000000000000000000e-01,0.000000000000000000e+00,0.000000000000000000e+00,0.000000000000000000e+00,0.000000000000000000e+00,0.000000000000000000e+00,0.000000000000000000e+00,9.883666821777570277e-01,9.548254620123204361e-01,5.468164794007490670e-01,0.000000000000000000e+00,1.000000000000000000e+00,0.000000000000000000e+00,4.999999999999998890e-01,0.000000000000000000e+00,1.000000000000000000e+00,4.999999999999997224e-01,2.547169811320754707e-01,4.545454545454545303e-01,4.119850187265911012e-02,0.000000000000000000e+00,0.000000000000000000e+00,0.000000000000000000e+00,0.000000000000000000e+00,0.000000000000000000e+00,6.428571428571429047e-01,1.259259259259258856e-01,7.638888888888889506e-01,7.368421052631580759e-01,6.249999999999998890e-01,5.000000000000008882e-01,7.142857142857143016e-01,6.666666666666667407e-01,0.000000000000000000e+00,0.000000000000000000e+00,7.500000000000000000e-01,4.628099173553713586e-01,8.333333333333333703e-01,0.000000000000000000e+00,0.000000000000000000e+00,0.000000000000000000e+00,0.000000000000000000e+00,0.000000000000000000e+00
0.000000000000000000e+00,9.923664122137404453e-01,0.000000000000000000e+00,0.000000000000000000e+00,0.000000000000000000e+00,1.818181818181817955e-01,9.722222222222220989e-01,8.670520231213882378e-02,0.000000000000000000e+00,5.000000000000000000e-01,0.000000000000000000e+00,0.000000000000000000e+00,0.000000000000000000e+00,0.000000000000000000e+00,0.000000000000000000e+00,0.000000000000000000e+00,9.883666821777570277e-01,9.548254620123204361e-01,5.468164794007490670e-01,0.000000000000000000e+00,1.000000000000000000e+00,0.000000000000000000e+00,4.999999999999998890e-01,0.000000000000000000e+00,1.000000000000000000e+00,4.999999999999997224e-01,2.547169811320754707e-01,3.636363636363635909e-01,4.307116104868907724e-02,0.000000000000000000e+00,0.000000000000000000e+00,0.000000000000000000e+00,0.000000000000000000e+00,0.000000000000000000e+00,6.428571428571429047e-01,1.259259259259258856e-01,7.638888888888889506e-01,7.368421052631580759e-01,6.249999999999998890e-01,6.034482758620682841e-01,7.142857142857143016e-01,6.666666666666667407e-01,0.000000000000000000e+00,0.000000000000000000e+00,7.500000000000000000e-01,4.628099173553713586e-01,8.333333333333333703e-01,0.000000000000000000e+00,0.000000000000000000e+00,0.000000000000000000e+00,0.000000000000000000e+00,0.000000000000000000e+00
0.000000000000000000e+00,9.961832061068702782e-01,0.000000000000000000e+00,0.000000000000000000e+00,0.000000000000000000e+00,1.818181818181817955e-01,9.722222222222220989e-01,8.670520231213882378e-02,0.000000000000000000e+00,5.000000000000000000e-01,0.000000000000000000e+00,0.000000000000000000e+00,0.000000000000000000e+00,0.000000000000000000e+00,0.000000000000000000e+00,0.000000000000000000e+00,9.906933457422055778e-01,9.548254620123204361e-01,5.468164794007490670e-01,0.000000000000000000e+00,1.000000000000000000e+00,0.000000000000000000e+00,4.999999999999998890e-01,0.000000000000000000e+00,1.000000000000000000e+00,4.999999999999997224e-01,2.547169811320754707e-01,3.636363636363635909e-01,4.307116104868907724e-02,0.000000000000000000e+00,0.000000000000000000e+00,0.000000000000000000e+00,0.000000000000000000e+00,0.000000000000000000e+00,6.428571428571429047e-01,1.259259259259258856e-01,7.638888888888889506e-01,7.368421052631580759e-01,6.249999999999998890e-01,6.206896551724130351e-01,7.142857142857143016e-01,6.666666666666667407e-01,0.000000000000000000e+00,0.000000000000000000e+00,7.500000000000000000e-01,4.628099173553713586e-01,8.333333333333333703e-01,0.000000000000000000e+00,0.000000000000000000e+00,0.000000000000000000e+00,0.000000000000000000e+00,0.000000000000000000e+00
0.000000000000000000e+00,9.961832061068702782e-01,0.000000000000000000e+00,0.000000000000000000e+00,0.000000000000000000e+00,1.818181818181817955e-01,9.722222222222220989e-01,8.670520231213882378e-02,0.000000000000000000e+00,5.000000000000000000e-01,0.000000000000000000e+00,0.000000000000000000e+00,0.000000000000000000e+00,0.000000000000000000e+00,0.000000000000000000e+00,0.000000000000000000e+00,9.906933457422055778e-01,9.548254620123204361e-01,5.430711610486891328e-01,0.000000000000000000e+00,1.000000000000000000e+00,0.000000000000000000e+00,4.999999999999998890e-01,0.000000000000000000e+00,1.000000000000000000e+00,4.999999999999997224e-01,2.547169811320754707e-01,3.636363636363635909e-01,4.307116104868907724e-02,0.000000000000000000e+00,0.000000000000000000e+00,0.000000000000000000e+00,0.000000000000000000e+00,0.000000000000000000e+00,6.428571428571429047e-01,8.518518518518550242e-02,7.638888888888889506e-01,7.368421052631580759e-01,6.249999999999998890e-01,6.206896551724130351e-01,7.142857142857143016e-01,6.666666666666667407e-01,0.000000000000000000e+00,0.000000000000000000e+00,7.500000000000000000e-01,4.628099173553713586e-01,8.333333333333333703e-01,0.000000000000000000e+00,0.000000000000000000e+00,0.000000000000000000e+00,0.000000000000000000e+00,0.000000000000000000e+00
0.000000000000000000e+00,9.961832061068702782e-01,0.000000000000000000e+00,0.000000000000000000e+00,0.000000000000000000e+00,1.818181818181817955e-01,9.722222222222220989e-01,8.670520231213882378e-02,0.000000000000000000e+00,5.000000000000000000e-01,0.000000000000000000e+00,0.000000000000000000e+00,0.000000000000000000e+00,0.000000000000000000e+00,0.000000000000000000e+00,0.000000000000000000e+00,9.906933457422055778e-01,9.548254620123204361e-01,5.430711610486891328e-01,0.000000000000000000e+00,1.000000000000000000e+00,0.000000000000000000e+00,4.999999999999998890e-01,0.000000000000000000e+00,1.000000000000000000e+00,4.999999999999997224e-01,2.547169811320754707e-01,4.545454545454545303e-01,4.307116104868907724e-02,0.000000000000000000e+00,0.000000000000000000e+00,0.000000000000000000e+00,0.000000000000000000e+00,0.000000000000000000e+00,6.428571428571429047e-01,5.925925925925937254e-02,7.638888888888889506e-01,7.368421052631580759e-01,6.249999999999998890e-01,6.206896551724130351e-01,7.142857142857143016e-01,6.666666666666667407e-01,0.000000000000000000e+00,0.000000000000000000e+00,7.500000000000000000e-01,4.628099173553713586e-01,8.333333333333333703e-01,0.000000000000000000e+00,0.000000000000000000e+00,0.000000000000000000e+00,0.000000000000000000e+00,0.000000000000000000e+00
0.000000000000000000e+00,9.961832061068702782e-01,0.000000000000000000e+00,0.000000000000000000e+00,0.000000000000000000e+00,1.818181818181817955e-01,9.722222222222220989e-01,8.670520231213882378e-02,0.000000000000000000e+00,5.000000000000000000e-01,0.000000000000000000e+00,0.000000000000000000e+00,0.000000000000000000e+00,0.000000000000000000e+00,0.000000000000000000e+00,0.000000000000000000e+00,9.883666821777570277e-01,9.548254620123204361e-01,5.393258426966293095e-01,0.000000000000000000e+00,1.000000000000000000e+00,0.000000000000000000e+00,4.999999999999998890e-01,0.000000000000000000e+00,1.000000000000000000e+00,4.999999999999997224e-01,2.547169811320754707e-01,4.545454545454545303e-01,4.307116104868907724e-02,0.000000000000000000e+00,0.000000000000000000e+00,0.000000000000000000e+00,0.000000000000000000e+00,0.000000000000000000e+00,6.428571428571429047e-01,5.925925925925937254e-02,7.638888888888889506e-01,7.368421052631580759e-01,6.249999999999998890e-01,4.482758620689663576e-01,7.142857142857143016e-01,6.666666666666667407e-01,0.000000000000000000e+00,0.000000000000000000e+00,1.000000000000000000e+00,4.628099173553713586e-01,8.333333333333333703e-01,0.000000000000000000e+00,0.000000000000000000e+00,0.000000000000000000e+00,0.000000000000000000e+00,0.000000000000000000e+00
0.000000000000000000e+00,9.961832061068702782e-01,0.000000000000000000e+00,0.000000000000000000e+00,0.000000000000000000e+00,1.818181818181817955e-01,9.722222222222220989e-01,8.670520231213882378e-02,0.000000000000000000e+00,5.000000000000000000e-01,0.000000000000000000e+00,0.000000000000000000e+00,0.000000000000000000e+00,0.000000000000000000e+00,0.000000000000000000e+00,0.000000000000000000e+00,9.883666821777570277e-01,9.548254620123204361e-01,5.355805243445693753e-01,0.000000000000000000e+00,1.000000000000000000e+00,0.000000000000000000e+00,4.999999999999998890e-01,0.000000000000000000e+00,1.000000000000000000e+00,4.999999999999997224e-01,2.547169811320754707e-01,5.454545454545454142e-01,4.307116104868907724e-02,0.000000000000000000e+00,0.000000000000000000e+00,0.000000000000000000e+00,0.000000000000000000e+00,0.000000000000000000e+00,6.428571428571429047e-01,1.259259259259258856e-01,7.638888888888889506e-01,7.368421052631580759e-01,6.249999999999998890e-01,3.620689655172420474e-01,7.142857142857143016e-01,6.666666666666667407e-01,0.000000000000000000e+00,0.000000000000000000e+00,1.000000000000000000e+00,4.628099173553713586e-01,8.333333333333333703e-01,0.000000000000000000e+00,0.000000000000000000e+00,0.000000000000000000e+00,0.000000000000000000e+00,0.000000000000000000e+00
0.000000000000000000e+00,9.961832061068702782e-01,0.000000000000000000e+00,0.000000000000000000e+00,0.000000000000000000e+00,1.818181818181817955e-01,9.722222222222220989e-01,8.670520231213882378e-02,0.000000000000000000e+00,5.000000000000000000e-01,0.000000000000000000e+00,0.000000000000000000e+00,0.000000000000000000e+00,0.000000000000000000e+00,0.000000000000000000e+00,0.000000000000000000e+00,9.906933457422055778e-01,9.548254620123204361e-01,5.355805243445693753e-01,0.000000000000000000e+00,1.000000000000000000e+00,0.000000000000000000e+00,4.999999999999998890e-01,0.000000000000000000e+00,1.000000000000000000e+00,4.999999999999997224e-01,2.547169811320754707e-01,6.363636363636363535e-01,4.307116104868907724e-02,0.000000000000000000e+00,0.000000000000000000e+00,0.000000000000000000e+00,0.000000000000000000e+00,0.000000000000000000e+00,6.428571428571429047e-01,1.259259259259258856e-01,7.500000000000001110e-01,7.368421052631580759e-01,6.249999999999998890e-01,4.827586206896560816e-01,7.142857142857143016e-01,6.666666666666667407e-01,0.000000000000000000e+00,0.000000000000000000e+00,1.000000000000000000e+00,4.628099173553713586e-01,8.333333333333333703e-01,0.000000000000000000e+00,0.000000000000000000e+00,0.000000000000000000e+00,0.000000000000000000e+00,0.000000000000000000e+00
0.000000000000000000e+00,9.961832061068702782e-01,0.000000000000000000e+00,0.000000000000000000e+00,0.000000000000000000e+00,1.818181818181817955e-01,9.722222222222220989e-01,8.092485549132955036e-02,0.000000000000000000e+00,5.000000000000000000e-01,0.000000000000000000e+00,0.000000000000000000e+00,0.000000000000000000e+00,0.000000000000000000e+00,0.000000000000000000e+00,0.000000000000000000e+00,9.906933457422055778e-01,9.548254620123204361e-01,5.355805243445693753e-01,0.000000000000000000e+00,1.000000000000000000e+00,0.000000000000000000e+00,4.999999999999998890e-01,0.000000000000000000e+00,1.000000000000000000e+00,4.999999999999997224e-01,2.547169811320754707e-01,6.363636363636363535e-01,4.307116104868907724e-02,0.000000000000000000e+00,0.000000000000000000e+00,0.000000000000000000e+00,0.000000000000000000e+00,0.000000000000000000e+00,6.428571428571429047e-01,1.259259259259258856e-01,7.500000000000001110e-01,7.368421052631580759e-01,6.249999999999998890e-01,5.000000000000008882e-01,7.142857142857143016e-01,6.666666666666667407e-01,0.000000000000000000e+00,0.000000000000000000e+00,1.000000000000000000e+00,4.628099173553713586e-01,8.333333333333333703e-01,0.000000000000000000e+00,0.000000000000000000e+00,0.000000000000000000e+00,0.000000000000000000e+00,0.000000000000000000e+00
0.000000000000000000e+00,9.961832061068702782e-01,0.000000000000000000e+00,0.000000000000000000e+00,0.000000000000000000e+00,1.818181818181817955e-01,9.722222222222220989e-01,8.092485549132955036e-02,0.000000000000000000e+00,5.000000000000000000e-01,0.000000000000000000e+00,0.000000000000000000e+00,0.000000000000000000e+00,0.000000000000000000e+00,0.000000000000000000e+00,0.000000000000000000e+00,9.883666821777570277e-01,9.548254620123204361e-01,5.318352059925094411e-01,0.000000000000000000e+00,1.000000000000000000e+00,0.000000000000000000e+00,4.999999999999998890e-01,0.000000000000000000e+00,1.000000000000000000e+00,4.999999999999997224e-01,2.547169811320754707e-01,8.181818181818181213e-01,4.307116104868907724e-02,0.000000000000000000e+00,0.000000000000000000e+00,0.000000000000000000e+00,0.000000000000000000e+00,0.000000000000000000e+00,6.428571428571429047e-01,1.259259259259258856e-01,7.500000000000001110e-01,7.368421052631580759e-01,6.249999999999998890e-01,4.827586206896560816e-01,7.142857142857143016e-01,6.666666666666667407e-01,0.000000000000000000e+00,0.000000000000000000e+00,1.000000000000000000e+00,4.628099173553713586e-01,8.333333333333333703e-01,0.000000000000000000e+00,0.000000000000000000e+00,0.000000000000000000e+00,0.000000000000000000e+00,0.000000000000000000e+00
0.000000000000000000e+00,9.961832061068702782e-01,0.000000000000000000e+00,0.000000000000000000e+00,0.000000000000000000e+00,1.818181818181817955e-01,9.722222222222220989e-01,8.092485549132955036e-02,0.000000000000000000e+00,5.000000000000000000e-01,0.000000000000000000e+00,0.000000000000000000e+00,0.000000000000000000e+00,0.000000000000000000e+00,0.000000000000000000e+00,0.000000000000000000e+00,9.883666821777570277e-01,9.548254620123204361e-01,5.355805243445693753e-01,0.000000000000000000e+00,1.000000000000000000e+00,0.000000000000000000e+00,4.999999999999998890e-01,0.000000000000000000e+00,1.000000000000000000e+00,4.999999999999997224e-01,2.547169811320754707e-01,9.090909090909090606e-01,4.307116104868907724e-02,0.000000000000000000e+00,0.000000000000000000e+00,0.000000000000000000e+00,0.000000000000000000e+00,0.000000000000000000e+00,6.428571428571429047e-01,1.259259259259258856e-01,7.500000000000001110e-01,7.368421052631580759e-01,5.000000000000000000e-01,3.620689655172420474e-01,7.142857142857143016e-01,6.666666666666667407e-01,0.000000000000000000e+00,0.000000000000000000e+00,1.000000000000000000e+00,4.628099173553713586e-01,8.333333333333333703e-01,0.000000000000000000e+00,0.000000000000000000e+00,0.000000000000000000e+00,0.000000000000000000e+00,0.000000000000000000e+00
0.000000000000000000e+00,9.961832061068702782e-01,0.000000000000000000e+00,0.000000000000000000e+00,0.000000000000000000e+00,1.818181818181817955e-01,9.444444444444444198e-01,8.092485549132955036e-02,0.000000000000000000e+00,5.000000000000000000e-01,0.000000000000000000e+00,0.000000000000000000e+00,0.000000000000000000e+00,0.000000000000000000e+00,0.000000000000000000e+00,0.000000000000000000e+00,9.906933457422055778e-01,9.548254620123204361e-01,5.318352059925094411e-01,0.000000000000000000e+00,1.000000000000000000e+00,0.000000000000000000e+00,4.999999999999998890e-01,0.000000000000000000e+00,1.000000000000000000e+00,4.999999999999997224e-01,2.547169811320754707e-01,9.090909090909090606e-01,4.307116104868907724e-02,0.000000000000000000e+00,0.000000000000000000e+00,0.000000000000000000e+00,0.000000000000000000e+00,0.000000000000000000e+00,6.428571428571429047e-01,1.259259259259258856e-01,7.500000000000001110e-01,7.368421052631580759e-01,3.750000000000000000e-01,3.620689655172420474e-01,7.142857142857143016e-01,6.666666666666667407e-01,0.000000000000000000e+00,0.000000000000000000e+00,1.000000000000000000e+00,4.628099173553713586e-01,8.333333333333333703e-01,0.000000000000000000e+00,0.000000000000000000e+00,0.000000000000000000e+00,0.000000000000000000e+00,0.000000000000000000e+00
0.000000000000000000e+00,9.961832061068702782e-01,0.000000000000000000e+00,0.000000000000000000e+00,0.000000000000000000e+00,1.818181818181817955e-01,9.444444444444444198e-01,8.092485549132955036e-02,0.000000000000000000e+00,5.000000000000000000e-01,0.000000000000000000e+00,0.000000000000000000e+00,0.000000000000000000e+00,0.000000000000000000e+00,0.000000000000000000e+00,0.000000000000000000e+00,9.906933457422055778e-01,9.548254620123204361e-01,5.280898876404495068e-01,0.000000000000000000e+00,1.000000000000000000e+00,0.000000000000000000e+00,4.999999999999998890e-01,0.000000000000000000e+00,1.000000000000000000e+00,4.999999999999997224e-01,2.547169811320754707e-01,9.090909090909090606e-01,4.307116104868907724e-02,0.000000000000000000e+00,0.000000000000000000e+00,0.000000000000000000e+00,0.000000000000000000e+00,0.000000000000000000e+00,6.428571428571429047e-01,1.259259259259258856e-01,7.500000000000001110e-01,7.368421052631580759e-01,3.750000000000000000e-01,3.620689655172420474e-01,7.142857142857143016e-01,6.666666666666667407e-01,0.000000000000000000e+00,0.000000000000000000e+00,1.000000000000000000e+00,4.628099173553713586e-01,8.333333333333333703e-01,0.000000000000000000e+00,0.000000000000000000e+00,0.000000000000000000e+00,0.000000000000000000e+00,0.000000000000000000e+00
0.000000000000000000e+00,9.961832061068702782e-01,0.000000000000000000e+00,0.000000000000000000e+00,0.000000000000000000e+00,1.818181818181817955e-01,9.444444444444444198e-01,8.092485549132955036e-02,0.000000000000000000e+00,5.000000000000000000e-01,0.000000000000000000e+00,0.000000000000000000e+00,0.000000000000000000e+00,0.000000000000000000e+00,0.000000000000000000e+00,0.000000000000000000e+00,9.860400186133084777e-01,9.537987679671459107e-01,5.280898876404495068e-01,0.000000000000000000e+00,1.000000000000000000e+00,0.000000000000000000e+00,4.999999999999998890e-01,0.000000000000000000e+00,1.000000000000000000e+00,4.999999999999997224e-01,2.547169811320754707e-01,9.090909090909090606e-01,4.494382022471904437e-02,0.000000000000000000e+00,0.000000000000000000e+00,0.000000000000000000e+00,0.000000000000000000e+00,0.000000000000000000e+00,6.428571428571429047e-01,1.259259259259258856e-01,7.500000000000001110e-01,7.368421052631580759e-01,3.750000000000000000e-01,4.655172413793112196e-01,7.142857142857143016e-01,6.666666666666667407e-01,0.000000000000000000e+00,0.000000000000000000e+00,1.000000000000000000e+00,4.628099173553713586e-01,8.333333333333333703e-01,0.000000000000000000e+00,0.000000000000000000e+00,0.000000000000000000e+00,0.000000000000000000e+00,0.000000000000000000e+00
0.000000000000000000e+00,9.961832061068702782e-01,0.000000000000000000e+00,0.000000000000000000e+00,0.000000000000000000e+00,1.818181818181817955e-01,9.444444444444444198e-01,8.092485549132955036e-02,0.000000000000000000e+00,5.000000000000000000e-01,0.000000000000000000e+00,0.000000000000000000e+00,0.000000000000000000e+00,0.000000000000000000e+00,0.000000000000000000e+00,0.000000000000000000e+00,9.860400186133084777e-01,9.537987679671459107e-01,5.280898876404495068e-01,0.000000000000000000e+00,1.000000000000000000e+00,0.000000000000000000e+00,4.999999999999998890e-01,0.000000000000000000e+00,1.000000000000000000e+00,4.999999999999997224e-01,2.547169811320754707e-01,7.272727272727271819e-01,4.494382022471904437e-02,0.000000000000000000e+00,0.000000000000000000e+00,0.000000000000000000e+00,0.000000000000000000e+00,0.000000000000000000e+00,6.428571428571429047e-01,1.259259259259258856e-01,7.500000000000001110e-01,7.368421052631580759e-01,3.750000000000000000e-01,4.827586206896560816e-01,1.428571428571428770e-01,6.666666666666667407e-01,0.000000000000000000e+00,0.000000000000000000e+00,1.000000000000000000e+00,4.628099173553713586e-01,8.333333333333333703e-01,0.000000000000000000e+00,0.000000000000000000e+00,0.000000000000000000e+00,0.000000000000000000e+00,0.000000000000000000e+00
0.000000000000000000e+00,9.961832061068702782e-01,0.000000000000000000e+00,0.000000000000000000e+00,0.000000000000000000e+00,1.818181818181817955e-01,9.444444444444444198e-01,8.092485549132955036e-02,0.000000000000000000e+00,5.000000000000000000e-01,0.000000000000000000e+00,0.000000000000000000e+00,0.000000000000000000e+00,0.000000000000000000e+00,0.000000000000000000e+00,0.000000000000000000e+00,9.906933457422055778e-01,9.537987679671459107e-01,5.243445692883894615e-01,0.000000000000000000e+00,1.000000000000000000e+00,0.000000000000000000e+00,4.999999999999998890e-01,0.000000000000000000e+00,1.000000000000000000e+00,4.999999999999997224e-01,2.547169811320754707e-01,7.272727272727271819e-01,4.494382022471904437e-02,0.000000000000000000e+00,0.000000000000000000e+00,0.000000000000000000e+00,0.000000000000000000e+00,0.000000000000000000e+00,6.428571428571429047e-01,1.259259259259258856e-01,7.500000000000001110e-01,7.368421052631580759e-01,5.000000000000000000e-01,3.620689655172420474e-01,1.428571428571428770e-01,6.666666666666667407e-01,0.000000000000000000e+00,0.000000000000000000e+00,1.000000000000000000e+00,4.628099173553713586e-01,8.333333333333333703e-01,0.000000000000000000e+00,0.000000000000000000e+00,0.000000000000000000e+00,0.000000000000000000e+00,0.000000000000000000e+00
0.000000000000000000e+00,9.961832061068702782e-01,0.000000000000000000e+00,0.000000000000000000e+00,0.000000000000000000e+00,1.818181818181817955e-01,9.444444444444444198e-01,8.092485549132955036e-02,0.000000000000000000e+00,5.000000000000000000e-01,0.000000000000000000e+00,0.000000000000000000e+00,0.000000000000000000e+00,0.000000000000000000e+00,0.000000000000000000e+00,0.000000000000000000e+00,9.930200093066542388e-01,9.537987679671459107e-01,5.243445692883894615e-01,0.000000000000000000e+00,1.000000000000000000e+00,0.000000000000000000e+00,4.999999999999998890e-01,0.000000000000000000e+00,1.000000000000000000e+00,4.999999999999997224e-01,2.547169811320754707e-01,5.454545454545454142e-01,4.494382022471904437e-02,0.000000000000000000e+00,0.000000000000000000e+00,0.000000000000000000e+00,0.000000000000000000e+00,0.000000000000000000e+00,6.428571428571429047e-01,1.925925925925928983e-01,7.500000000000001110e-01,7.368421052631580759e-01,5.000000000000000000e-01,3.448275862068971853e-01,2.857142857142857539e-01,6.666666666666667407e-01,0.000000000000000000e+00,0.000000000000000000e+00,1.000000000000000000e+00,4.628099173553713586e-01,8.333333333333333703e-01,0.000000000000000000e+00,0.000000000000000000e+00,0.000000000000000000e+00,0.000000000000000000e+00,0.000000000000000000e+00
0.000000000000000000e+00,9.961832061068702782e-01,0.000000000000000000e+00,0.000000000000000000e+00,0.000000000000000000e+00,1.818181818181817955e-01,9.166666666666665186e-01,8.092485549132955036e-02,0.000000000000000000e+00,5.000000000000000000e-01,0.000000000000000000e+00,0.000000000000000000e+00,0.000000000000000000e+00,0.000000000000000000e+00,0.000000000000000000e+00,0.000000000000000000e+00,9.930200093066542388e-01,9.537987679671459107e-01,5.205992509363296383e-01,0.000000000000000000e+00,1.000000000000000000e+00,0.000000000000000000e+00,4.999999999999998890e-01,0.000000000000000000e+00,1.000000000000000000e+00,4.999999999999997224e-01,2.547169811320754707e-01,4.545454545454545303e-01,4.681647940074901149e-02,0.000000000000000000e+00,0.000000000000000000e+00,0.000000000000000000e+00,0.000000000000000000e+00,0.000000000000000000e+00,6.428571428571429047e-01,1.925925925925928983e-01,7.361111111111111605e-01,7.368421052631580759e-01,5.000000000000000000e-01,3.448275862068971853e-01,7.142857142857143016e-01,6.666666666666667407e-01,0.000000000000000000e+00,0.000000000000000000e+00,1.000000000000000000e+00,4.628099173553713586e-01,8.333333333333333703e-01,0.000000000000000000e+00,0.000000000000000000e+00,0.000000000000000000e+00,0.000000000000000000e+00,0.000000000000000000e+00
0.000000000000000000e+00,9.961832061068702782e-01,0.000000000000000000e+00,0.000000000000000000e+00,0.000000000000000000e+00,1.818181818181817955e-01,9.166666666666665186e-01,8.092485549132955036e-02,0.000000000000000000e+00,5.000000000000000000e-01,0.000000000000000000e+00,0.000000000000000000e+00,0.000000000000000000e+00,0.000000000000000000e+00,0.000000000000000000e+00,0.000000000000000000e+00,9.906933457422055778e-01,9.527720739219713852e-01,5.168539325842697041e-01,0.000000000000000000e+00,1.000000000000000000e+00,0.000000000000000000e+00,4.999999999999998890e-01,0.000000000000000000e+00,1.000000000000000000e+00,4.999999999999997224e-01,2.547169811320754707e-01,4.545454545454545303e-01,4.681647940074901149e-02,0.000000000000000000e+00,0.000000000000000000e+00,0.000000000000000000e+00,0.000000000000000000e+00,0.000000000000000000e+00,6.428571428571429047e-01,1.925925925925928983e-01,7.361111111111111605e-01,7.368421052631580759e-01,6.249999999999998890e-01,3.448275862068971853e-01,7.142857142857143016e-01,6.666666666666667407e-01,0.000000000000000000e+00,0.000000000000000000e+00,1.000000000000000000e+00,4.628099173553713586e-01,8.333333333333333703e-01,0.000000000000000000e+00,0.000000000000000000e+00,0.000000000000000000e+00,0.000000000000000000e+00,0.000000000000000000e+00
0.000000000000000000e+00,9.961832061068702782e-01,0.000000000000000000e+00,0.000000000000000000e+00,0.000000000000000000e+00,1.818181818181817955e-01,9.166666666666665186e-01,8.092485549132955036e-02,0.000000000000000000e+00,5.000000000000000000e-01,0.000000000000000000e+00,0.000000000000000000e+00,0.000000000000000000e+00,0.000000000000000000e+00,0.000000000000000000e+00,0.000000000000000000e+00,9.883666821777570277e-01,9.527720739219713852e-01,5.168539325842697041e-01,0.000000000000000000e+00,1.000000000000000000e+00,0.000000000000000000e+00,4.999999999999998890e-01,0.000000000000000000e+00,1.000000000000000000e+00,4.999999999999997224e-01,2.547169811320754707e-01,4.545454545454545303e-01,4.681647940074901149e-02,0.000000000000000000e+00,0.000000000000000000e+00,0.000000000000000000e+00,0.000000000000000000e+00,0.000000000000000000e+00,6.428571428571429047e-01,1.185185185185187451e-01,7.361111111111111605e-01,7.368421052631580759e-01,6.249999999999998890e-01,3.448275862068971853e-01,7.142857142857143016e-01,6.666666666666667407e-01,0.000000000000000000e+00,0.000000000000000000e+00,1.000000000000000000e+00,4.628099173553713586e-01,8.333333333333333703e-01,0.000000000000000000e+00,0.000000000000000000e+00,0.000000000000000000e+00,0.000000000000000000e+00,0.000000000000000000e+00
0.000000000000000000e+00,9.961832061068702782e-01,0.000000000000000000e+00,0.000000000000000000e+00,0.000000000000000000e+00,1.818181818181817955e-01,9.166666666666665186e-01,8.670520231213882378e-02,0.000000000000000000e+00,5.000000000000000000e-01,0.000000000000000000e+00,0.000000000000000000e+00,0.000000000000000000e+00,0.000000000000000000e+00,0.000000000000000000e+00,0.000000000000000000e+00,9.883666821777570277e-01,9.527720739219713852e-01,5.168539325842697041e-01,0.000000000000000000e+00,1.000000000000000000e+00,0.000000000000000000e+00,4.999999999999998890e-01,0.000000000000000000e+00,1.000000000000000000e+00,4.999999999999997224e-01,2.547169811320754707e-01,4.545454545454545303e-01,4.681647940074901149e-02,0.000000000000000000e+00,0.000000000000000000e+00,0.000000000000000000e+00,0.000000000000000000e+00,0.000000000000000000e+00,6.428571428571429047e-01,1.185185185185187451e-01,7.361111111111111605e-01,7.368421052631580759e-01,7.500000000000000000e-01,3.448275862068971853e-01,7.142857142857143016e-01,6.666666666666667407e-01,0.000000000000000000e+00,0.000000000000000000e+00,1.000000000000000000e+00,4.628099173553713586e-01,8.333333333333333703e-01,0.000000000000000000e+00,0.000000000000000000e+00,0.000000000000000000e+00,0.000000000000000000e+00,0.000000000000000000e+00
0.000000000000000000e+00,9.961832061068702782e-01,0.000000000000000000e+00,0.000000000000000000e+00,0.000000000000000000e+00,1.818181818181817955e-01,9.166666666666665186e-01,8.670520231213882378e-02,0.000000000000000000e+00,5.000000000000000000e-01,0.000000000000000000e+00,0.000000000000000000e+00,0.000000000000000000e+00,0.000000000000000000e+00,0.000000000000000000e+00,0.000000000000000000e+00,9.906933457422055778e-01,9.537987679671459107e-01,5.131086142322097698e-01,0.000000000000000000e+00,1.000000000000000000e+00,0.000000000000000000e+00,4.999999999999998890e-01,0.000000000000000000e+00,1.000000000000000000e+00,4.999999999999997224e-01,2.547169811320754707e-01,6.363636363636363535e-01,4.681647940074901149e-02,0.000000000000000000e+00,0.000000000000000000e+00,0.000000000000000000e+00,0.000000000000000000e+00,0.000000000000000000e+00,6.428571428571429047e-01,1.185185185185187451e-01,7.361111111111111605e-01,7.368421052631580759e-01,7.500000000000000000e-01,3.448275862068971853e-01,5.714285714285715079e-01,6.666666666666667407e-01,0.000000000000000000e+00,0.000000000000000000e+00,1.000000000000000000e+00,4.628099173553713586e-01,8.333333333333333703e-01,0.000000000000000000e+00,0.000000000000000000e+00,0.000000000000000000e+00,0.000000000000000000e+00,0.000000000000000000e+00
0.000000000000000000e+00,9.961832061068702782e-01,0.000000000000000000e+00,0.000000000000000000e+00,0.000000000000000000e+00,1.818181818181817955e-01,9.166666666666665186e-01,8.670520231213882378e-02,0.000000000000000000e+00,5.000000000000000000e-01,0.000000000000000000e+00,0.000000000000000000e+00,0.000000000000000000e+00,0.000000000000000000e+00,0.000000000000000000e+00,0.000000000000000000e+00,9.930200093066542388e-01,9.548254620123204361e-01,5.093632958801498356e-01,0.000000000000000000e+00,1.000000000000000000e+00,0.000000000000000000e+00,4.999999999999998890e-01,0.000000000000000000e+00,1.000000000000000000e+00,4.999999999999997224e-01,2.547169811320754707e-01,7.272727272727271819e-01,4.681647940074901149e-02,0.000000000000000000e+00,0.000000000000000000e+00,0.000000000000000000e+00,0.000000000000000000e+00,0.000000000000000000e+00,6.428571428571429047e-01,1.925925925925928983e-01,7.361111111111111605e-01,7.368421052631580759e-01,7.500000000000000000e-01,4.655172413793112196e-01,5.714285714285715079e-01,6.666666666666667407e-01,0.000000000000000000e+00,0.000000000000000000e+00,1.000000000000000000e+00,4.628099173553713586e-01,8.333333333333333703e-01,0.000000000000000000e+00,0.000000000000000000e+00,0.000000000000000000e+00,0.000000000000000000e+00,0.000000000000000000e+00
0.000000000000000000e+00,9.961832061068702782e-01,0.000000000000000000e+00,0.000000000000000000e+00,0.000000000000000000e+00,1.818181818181817955e-01,9.166666666666665186e-01,8.670520231213882378e-02,0.000000000000000000e+00,5.000000000000000000e-01,0.000000000000000000e+00,0.000000000000000000e+00,0.000000000000000000e+00,0.000000000000000000e+00,0.000000000000000000e+00,0.000000000000000000e+00,9.930200093066542388e-01,9.548254620123204361e-01,5.056179775280899014e-01,0.000000000000000000e+00,1.000000000000000000e+00,0.000000000000000000e+00,4.999999999999998890e-01,0.000000000000000000e+00,1.000000000000000000e+00,4.999999999999997224e-01,2.547169811320754707e-01,7.272727272727271819e-01,4.681647940074901149e-02,0.000000000000000000e+00,0.000000000000000000e+00,0.000000000000000000e+00,0.000000000000000000e+00,0.000000000000000000e+00,6.428571428571429047e-01,2.000000000000000111e-01,7.361111111111111605e-01,7.368421052631580759e-01,7.500000000000000000e-01,4.827586206896560816e-01,5.714285714285715079e-01,5.833333333333333703e-01,0.000000000000000000e+00,0.000000000000000000e+00,1.000000000000000000e+00,4.628099173553713586e-01,8.333333333333333703e-01,0.000000000000000000e+00,0.000000000000000000e+00,0.000000000000000000e+00,0.000000000000000000e+00,0.000000000000000000e+00
0.000000000000000000e+00,9.961832061068702782e-01,0.000000000000000000e+00,0.000000000000000000e+00,0.000000000000000000e+00,1.818181818181817955e-01,9.166666666666665186e-01,8.670520231213882378e-02,0.000000000000000000e+00,5.000000000000000000e-01,0.000000000000000000e+00,0.000000000000000000e+00,0.000000000000000000e+00,0.000000000000000000e+00,0.000000000000000000e+00,0.000000000000000000e+00,9.930200093066542388e-01,9.548254620123204361e-01,5.018726591760299671e-01,0.000000000000000000e+00,1.000000000000000000e+00,0.000000000000000000e+00,4.999999999999998890e-01,0.000000000000000000e+00,1.000000000000000000e+00,4.999999999999997224e-01,2.547169811320754707e-01,7.272727272727271819e-01,4.868913857677897861e-02,0.000000000000000000e+00,0.000000000000000000e+00,0.000000000000000000e+00,0.000000000000000000e+00,0.000000000000000000e+00,6.428571428571429047e-01,2.000000000000000111e-01,7.361111111111111605e-01,7.368421052631580759e-01,3.750000000000000000e-01,4.827586206896560816e-01,5.714285714285715079e-01,5.833333333333333703e-01,0.000000000000000000e+00,0.000000000000000000e+00,1.000000000000000000e+00,4.628099173553713586e-01,8.333333333333333703e-01,0.000000000000000000e+00,0.000000000000000000e+00,0.000000000000000000e+00,0.000000000000000000e+00,0.000000000000000000e+00
0.000000000000000000e+00,9.961832061068702782e-01,0.000000000000000000e+00,0.000000000000000000e+00,0.000000000000000000e+00,1.818181818181817955e-01,9.166666666666665186e-01,8.670520231213882378e-02,0.000000000000000000e+00,5.000000000000000000e-01,0.000000000000000000e+00,0.000000000000000000e+00,0.000000000000000000e+00,0.000000000000000000e+00,0.000000000000000000e+00,0.000000000000000000e+00,9.930200093066542388e-01,9.548254620123204361e-01,5.018726591760299671e-01,0.000000000000000000e+00,1.000000000000000000e+00,0.000000000000000000e+00,4.999999999999998890e-01,0.000000000000000000e+00,1.000000000000000000e+00,4.999999999999997224e-01,2.547169811320754707e-01,5.454545454545454142e-01,4.868913857677897861e-02,0.000000000000000000e+00,0.000000000000000000e+00,0.000000000000000000e+00,0.000000000000000000e+00,0.000000000000000000e+00,6.428571428571429047e-01,2.000000000000000111e-01,7.361111111111111605e-01,7.368421052631580759e-01,3.750000000000000000e-01,6.896551724137924833e-01,5.714285714285715079e-01,5.833333333333333703e-01,0.000000000000000000e+00,0.000000000000000000e+00,1.000000000000000000e+00,4.628099173553713586e-01,8.333333333333333703e-01,0.000000000000000000e+00,0.000000000000000000e+00,0.000000000000000000e+00,0.000000000000000000e+00,0.000000000000000000e+00
0.000000000000000000e+00,9.961832061068702782e-01,0.000000000000000000e+00,0.000000000000000000e+00,0.000000000000000000e+00,1.818181818181817955e-01,9.166666666666665186e-01,8.670520231213882378e-02,0.000000000000000000e+00,5.000000000000000000e-01,0.000000000000000000e+00,0.000000000000000000e+00,0.000000000000000000e+00,0.000000000000000000e+00,0.000000000000000000e+00,0.000000000000000000e+00,9.930200093066542388e-01,9.548254620123204361e-01,4.981273408239700329e-01,0.000000000000000000e+00,1.000000000000000000e+00,0.000000000000000000e+00,4.999999999999998890e-01,0.000000000000000000e+00,1.000000000000000000e+00,4.999999999999997224e-01,2.547169811320754707e-01,4.545454545454545303e-01,4.868913857677897861e-02,0.000000000000000000e+00,0.000000000000000000e+00,0.000000000000000000e+00,0.000000000000000000e+00,0.000000000000000000e+00,6.428571428571429047e-01,2.000000000000000111e-01,7.361111111111111605e-01,7.368421052631580759e-01,3.750000000000000000e-01,6.034482758620682841e-01,5.714285714285715079e-01,5.833333333333333703e-01,0.000000000000000000e+00,0.000000000000000000e+00,1.000000000000000000e+00,4.628099173553713586e-01,8.333333333333333703e-01,0.000000000000000000e+00,0.000000000000000000e+00,0.000000000000000000e+00,0.000000000000000000e+00,0.000000000000000000e+00
0.000000000000000000e+00,9.923664122137404453e-01,0.000000000000000000e+00,0.000000000000000000e+00,0.000000000000000000e+00,1.818181818181817955e-01,9.166666666666665186e-01,8.670520231213882378e-02,0.000000000000000000e+00,5.000000000000000000e-01,0.000000000000000000e+00,0.000000000000000000e+00,0.000000000000000000e+00,0.000000000000000000e+00,0.000000000000000000e+00,0.000000000000000000e+00,9.930200093066542388e-01,9.548254620123204361e-01,4.943820224719101541e-01,0.000000000000000000e+00,1.000000000000000000e+00,0.000000000000000000e+00,4.999999999999998890e-01,0.000000000000000000e+00,1.000000000000000000e+00,4.999999999999997224e-01,2.547169811320754707e-01,4.545454545454545303e-01,4.868913857677897861e-02,0.000000000000000000e+00,0.000000000000000000e+00,0.000000000000000000e+00,0.000000000000000000e+00,0.000000000000000000e+00,6.428571428571429047e-01,2.000000000000000111e-01,7.361111111111111605e-01,7.368421052631580759e-01,3.750000000000000000e-01,3.448275862068971853e-01,5.714285714285715079e-01,5.833333333333333703e-01,0.000000000000000000e+00,0.000000000000000000e+00,7.500000000000000000e-01,4.628099173553713586e-01,8.333333333333333703e-01,0.000000000000000000e+00,0.000000000000000000e+00,0.000000000000000000e+00,0.000000000000000000e+00,0.000000000000000000e+00
0.000000000000000000e+00,9.923664122137404453e-01,0.000000000000000000e+00,0.000000000000000000e+00,0.000000000000000000e+00,1.818181818181817955e-01,9.444444444444444198e-01,8.670520231213882378e-02,0.000000000000000000e+00,5.000000000000000000e-01,0.000000000000000000e+00,0.000000000000000000e+00,0.000000000000000000e+00,0.000000000000000000e+00,0.000000000000000000e+00,0.000000000000000000e+00,9.930200093066542388e-01,9.548254620123204361e-01,4.943820224719101541e-01,0.000000000000000000e+00,1.000000000000000000e+00,0.000000000000000000e+00,4.999999999999998890e-01,0.000000000000000000e+00,1.000000000000000000e+00,4.999999999999997224e-01,2.547169811320754707e-01,4.545454545454545303e-01,4.868913857677897861e-02,0.000000000000000000e+00,0.000000000000000000e+00,0.000000000000000000e+00,0.000000000000000000e+00,0.000000000000000000e+00,6.428571428571429047e-01,2.000000000000000111e-01,7.361111111111111605e-01,7.368421052631580759e-01,3.750000000000000000e-01,2.241379310344831788e-01,5.714285714285715079e-01,5.833333333333333703e-01,0.000000000000000000e+00,0.000000000000000000e+00,7.500000000000000000e-01,4.628099173553713586e-01,8.333333333333333703e-01,0.000000000000000000e+00,0.000000000000000000e+00,0.000000000000000000e+00,0.000000000000000000e+00,0.000000000000000000e+00
0.000000000000000000e+00,9.923664122137404453e-01,0.000000000000000000e+00,0.000000000000000000e+00,0.000000000000000000e+00,1.818181818181817955e-01,9.444444444444444198e-01,8.670520231213882378e-02,0.000000000000000000e+00,5.000000000000000000e-01,0.000000000000000000e+00,0.000000000000000000e+00,0.000000000000000000e+00,0.000000000000000000e+00,0.000000000000000000e+00,0.000000000000000000e+00,9.930200093066542388e-01,9.548254620123204361e-01,4.906367041198501644e-01,0.000000000000000000e+00,1.000000000000000000e+00,0.000000000000000000e+00,4.999999999999998890e-01,0.000000000000000000e+00,1.000000000000000000e+00,4.999999999999997224e-01,2.547169811320754707e-01,1.818181818181817955e-01,4.868913857677897861e-02,0.000000000000000000e+00,0.000000000000000000e+00,0.000000000000000000e+00,0.000000000000000000e+00,0.000000000000000000e+00,6.428571428571429047e-01,2.000000000000000111e-01,7.361111111111111605e-01,7.368421052631580759e-01,3.750000000000000000e-01,3.448275862068972408e-02,5.714285714285715079e-01,7.500000000000000000e-01,0.000000000000000000e+00,0.000000000000000000e+00,7.500000000000000000e-01,4.628099173553713586e-01,8.333333333333333703e-01,0.000000000000000000e+00,0.000000000000000000e+00,0.000000000000000000e+00,0.000000000000000000e+00,0.000000000000000000e+00
0.000000000000000000e+00,9.961832061068702782e-01,0.000000000000000000e+00,0.000000000000000000e+00,0.000000000000000000e+00,1.818181818181817955e-01,9.444444444444444198e-01,8.670520231213882378e-02,0.000000000000000000e+00,5.000000000000000000e-01,0.000000000000000000e+00,0.000000000000000000e+00,0.000000000000000000e+00,0.000000000000000000e+00,0.000000000000000000e+00,0.000000000000000000e+00,9.930200093066542388e-01,9.548254620123204361e-01,4.906367041198501644e-01,0.000000000000000000e+00,1.000000000000000000e+00,0.000000000000000000e+00,4.999999999999998890e-01,0.000000000000000000e+00,1.000000000000000000e+00,4.999999999999997224e-01,2.547169811320754707e-01,1.818181818181817955e-01,4.868913857677897861e-02,0.000000000000000000e+00,0.000000000000000000e+00,0.000000000000000000e+00,0.000000000000000000e+00,0.000000000000000000e+00,6.428571428571429047e-01,2.000000000000000111e-01,7.361111111111111605e-01,7.368421052631580759e-01,3.750000000000000000e-01,1.379310344827588963e-01,5.714285714285715079e-01,7.500000000000000000e-01,0.000000000000000000e+00,0.000000000000000000e+00,7.500000000000000000e-01,4.628099173553713586e-01,8.333333333333333703e-01,0.000000000000000000e+00,0.000000000000000000e+00,0.000000000000000000e+00,0.000000000000000000e+00,0.000000000000000000e+00
0.000000000000000000e+00,9.923664122137404453e-01,0.000000000000000000e+00,0.000000000000000000e+00,0.000000000000000000e+00,1.818181818181817955e-01,9.166666666666665186e-01,8.670520231213882378e-02,0.000000000000000000e+00,5.000000000000000000e-01,0.000000000000000000e+00,0.000000000000000000e+00,0.000000000000000000e+00,0.000000000000000000e+00,0.000000000000000000e+00,0.000000000000000000e+00,9.930200093066542388e-01,9.548254620123204361e-01,4.868913857677902857e-01,0.000000000000000000e+00,1.000000000000000000e+00,0.000000000000000000e+00,4.999999999999998890e-01,0.000000000000000000e+00,1.000000000000000000e+00,4.999999999999997224e-01,2.547169811320754707e-01,1.818181818181817955e-01,4.868913857677897861e-02,0.000000000000000000e+00,0.000000000000000000e+00,0.000000000000000000e+00,0.000000000000000000e+00,0.000000000000000000e+00,6.428571428571429047e-01,2.000000000000000111e-01,7.361111111111111605e-01,7.368421052631580759e-01,5.000000000000000000e-01,4.137931034482766335e-01,8.571428571428570953e-01,7.500000000000000000e-01,0.000000000000000000e+00,0.000000000000000000e+00,7.500000000000000000e-01,4.628099173553713586e-01,8.333333333333333703e-01,0.000000000000000000e+00,0.000000000000000000e+00,0.000000000000000000e+00,0.000000000000000000e+00,0.000000000000000000e+00
0.000000000000000000e+00,9.923664122137404453e-01,0.000000000000000000e+00,0.000000000000000000e+00,0.000000000000000000e+00,1.818181818181817955e-01,9.166666666666665186e-01,9.248554913294805557e-02,0.000000000000000000e+00,5.000000000000000000e-01,0.000000000000000000e+00,0.000000000000000000e+00,0.000000000000000000e+00,0.000000000000000000e+00,0.000000000000000000e+00,0.000000000000000000e+00,9.953466728711027889e-01,9.548254620123204361e-01,4.868913857677902857e-01,0.000000000000000000e+00,1.000000000000000000e+00,0.000000000000000000e+00,4.999999999999998890e-01,0.000000000000000000e+00,1.000000000000000000e+00,4.999999999999997224e-01,2.547169811320754707e-01,3.636363636363635909e-01,4.868913857677897861e-02,0.000000000000000000e+00,0.000000000000000000e+00,0.000000000000000000e+00,0.000000000000000000e+00,0.000000000000000000e+00,6.428571428571429047e-01,2.000000000000000111e-01,7.361111111111111605e-01,7.368421052631580759e-01,5.000000000000000000e-01,6.379310344827580082e-01,8.571428571428570953e-01,7.500000000000000000e-01,0.000000000000000000e+00,0.000000000000000000e+00,7.500000000000000000e-01,4.628099173553713586e-01,8.333333333333333703e-01,0.000000000000000000e+00,0.000000000000000000e+00,0.000000000000000000e+00,0.000000000000000000e+00,0.000000000000000000e+00
0.000000000000000000e+00,9.923664122137404453e-01,0.000000000000000000e+00,0.000000000000000000e+00,0.000000000000000000e+00,1.818181818181817955e-01,9.166666666666665186e-01,9.248554913294805557e-02,0.000000000000000000e+00,5.000000000000000000e-01,0.000000000000000000e+00,0.000000000000000000e+00,0.000000000000000000e+00,0.000000000000000000e+00,0.000000000000000000e+00,0.000000000000000000e+00,9.953466728711027889e-01,9.548254620123204361e-01,4.831460674157302959e-01,0.000000000000000000e+00,1.000000000000000000e+00,0.000000000000000000e+00,4.999999999999998890e-01,0.000000000000000000e+00,1.000000000000000000e+00,4.999999999999997224e-01,2.547169811320754707e-01,3.636363636363635909e-01,4.868913857677897861e-02,0.000000000000000000e+00,0.000000000000000000e+00,0.000000000000000000e+00,0.000000000000000000e+00,0.000000000000000000e+00,6.428571428571429047e-01,2.000000000000000111e-01,7.361111111111111605e-01,7.368421052631580759e-01,5.000000000000000000e-01,5.689655172413785600e-01,7.142857142857143016e-01,7.500000000000000000e-01,0.000000000000000000e+00,0.000000000000000000e+00,7.500000000000000000e-01,4.628099173553713586e-01,8.333333333333333703e-01,0.000000000000000000e+00,0.000000000000000000e+00,0.000000000000000000e+00,0.000000000000000000e+00,0.000000000000000000e+00
0.000000000000000000e+00,9.923664122137404453e-01,0.000000000000000000e+00,0.000000000000000000e+00,0.000000000000000000e+00,1.818181818181817955e-01,9.166666666666665186e-01,9.248554913294805557e-02,0.000000000000000000e+00,5.000000000000000000e-01,0.000000000000000000e+00,0.000000000000000000e+00,0.000000000000000000e+00,0.000000000000000000e+00,0.000000000000000000e+00,0.000000000000000000e+00,9.953466728711027889e-01,9.548254620123204361e-01,4.831460674157302959e-01,0.000000000000000000e+00,1.000000000000000000e+00,0.000000000000000000e+00,4.999999999999998890e-01,0.000000000000000000e+00,1.000000000000000000e+00,4.999999999999997224e-01,3.018867924528302327e-01,3.636363636363635909e-01,4.681647940074901149e-02,0.000000000000000000e+00,0.000000000000000000e+00,0.000000000000000000e+00,0.000000000000000000e+00,0.000000000000000000e+00,6.428571428571429047e-01,2.000000000000000111e-01,7.361111111111111605e-01,7.368421052631580759e-01,5.000000000000000000e-01,3.620689655172420474e-01,5.714285714285715079e-01,7.500000000000000000e-01,0.000000000000000000e+00,0.000000000000000000e+00,7.500000000000000000e-01,4.628099173553713586e-01,8.333333333333333703e-01,0.000000000000000000e+00,0.000000000000000000e+00,0.000000000000000000e+00,0.000000000000000000e+00,0.000000000000000000e+00
0.000000000000000000e+00,9.923664122137404453e-01,0.000000000000000000e+00,0.000000000000000000e+00,0.000000000000000000e+00,1.818181818181817955e-01,9.166666666666665186e-01,9.248554913294805557e-02,0.000000000000000000e+00,5.000000000000000000e-01,0.000000000000000000e+00,0.000000000000000000e+00,0.000000000000000000e+00,0.000000000000000000e+00,0.000000000000000000e+00,0.000000000000000000e+00,9.953466728711027889e-01,9.548254620123204361e-01,4.794007490636704172e-01,0.000000000000000000e+00,1.000000000000000000e+00,0.000000000000000000e+00,4.999999999999998890e-01,0.000000000000000000e+00,1.000000000000000000e+00,4.999999999999997224e-01,3.018867924528302327e-01,1.818181818181817955e-01,4.681647940074901149e-02,0.000000000000000000e+00,0.000000000000000000e+00,0.000000000000000000e+00,0.000000000000000000e+00,0.000000000000000000e+00,6.428571428571429047e-01,2.000000000000000111e-01,7.361111111111111605e-01,7.368421052631580759e-01,5.000000000000000000e-01,2.758620689655177372e-01,5.714285714285715079e-01,7.500000000000000000e-01,0.000000000000000000e+00,0.000000000000000000e+00,7.500000000000000000e-01,4.628099173553713586e-01,8.333333333333333703e-01,0.000000000000000000e+00,0.000000000000000000e+00,0.000000000000000000e+00,0.000000000000000000e+00,0.000000000000000000e+00
0.000000000000000000e+00,9.923664122137404453e-01,0.000000000000000000e+00,0.000000000000000000e+00,0.000000000000000000e+00,1.818181818181817955e-01,9.166666666666665186e-01,9.248554913294805557e-02,0.000000000000000000e+00,5.000000000000000000e-01,0.000000000000000000e+00,0.000000000000000000e+00,0.000000000000000000e+00,0.000000000000000000e+00,0.000000000000000000e+00,0.000000000000000000e+00,9.930200093066542388e-01,9.548254620123204361e-01,4.794007490636704172e-01,0.000000000000000000e+00,1.000000000000000000e+00,0.000000000000000000e+00,4.999999999999998890e-01,0.000000000000000000e+00,1.000000000000000000e+00,4.999999999999997224e-01,3.018867924528302327e-01,1.818181818181817955e-01,4.681647940074901149e-02,0.000000000000000000e+00,0.000000000000000000e+00,0.000000000000000000e+00,0.000000000000000000e+00,0.000000000000000000e+00,6.428571428571429047e-01,2.000000000000000111e-01,7.268518518518519711e-01,7.368421052631580759e-01,5.000000000000000000e-01,2.586206896551728751e-01,5.714285714285715079e-01,7.500000000000000000e-01,0.000000000000000000e+00,0.000000000000000000e+00,7.500000000000000000e-01,4.628099173553713586e-01,8.333333333333333703e-01,0.000000000000000000e+00,0.000000000000000000e+00,0.000000000000000000e+00,0.000000000000000000e+00,0.000000000000000000e+00
0.000000000000000000e+00,9.923664122137404453e-01,0.000000000000000000e+00,0.000000000000000000e+00,0.000000000000000000e+00,1.818181818181817955e-01,9.166666666666665186e-01,9.248554913294805557e-02,0.000000000000000000e+00,5.000000000000000000e-01,0.000000000000000000e+00,0.000000000000000000e+00,0.000000000000000000e+00,0.000000000000000000e+00,0.000000000000000000e+00,0.000000000000000000e+00,9.930200093066542388e-01,9.537987679671459107e-01,4.756554307116104829e-01,0.000000000000000000e+00,1.000000000000000000e+00,0.000000000000000000e+00,4.999999999999998890e-01,0.000000000000000000e+00,1.000000000000000000e+00,4.999999999999997224e-01,3.018867924528302327e-01,3.636363636363635909e-01,4.681647940074901149e-02,0.000000000000000000e+00,0.000000000000000000e+00,0.000000000000000000e+00,0.000000000000000000e+00,0.000000000000000000e+00,6.428571428571429047e-01,2.000000000000000111e-01,7.083333333333333703e-01,7.368421052631580759e-01,5.000000000000000000e-01,3.103448275862074612e-01,5.714285714285715079e-01,7.500000000000000000e-01,0.000000000000000000e+00,0.000000000000000000e+00,7.500000000000000000e-01,4.628099173553713586e-01,8.333333333333333703e-01,0.000000000000000000e+00,0.000000000000000000e+00,0.000000000000000000e+00,0.000000000000000000e+00,0.000000000000000000e+00
0.000000000000000000e+00,9.923664122137404453e-01,0.000000000000000000e+00,0.000000000000000000e+00,0.000000000000000000e+00,1.818181818181817955e-01,9.166666666666665186e-01,9.248554913294805557e-02,0.000000000000000000e+00,5.000000000000000000e-01,0.000000000000000000e+00,0.000000000000000000e+00,0.000000000000000000e+00,0.000000000000000000e+00,0.000000000000000000e+00,0.000000000000000000e+00,9.930200093066542388e-01,9.537987679671459107e-01,4.756554307116104829e-01,0.000000000000000000e+00,1.000000000000000000e+00,0.000000000000000000e+00,4.999999999999998890e-01,0.000000000000000000e+00,1.000000000000000000e+00,4.999999999999997224e-01,3.018867924528302327e-01,5.454545454545454142e-01,4.681647940074901149e-02,0.000000000000000000e+00,0.000000000000000000e+00,0.000000000000000000e+00,0.000000000000000000e+00,0.000000000000000000e+00,6.428571428571429047e-01,2.000000000000000111e-01,7.083333333333333703e-01,7.368421052631580759e-01,5.000000000000000000e-01,3.103448275862074612e-01,5.714285714285715079e-01,7.500000000000000000e-01,0.000000000000000000e+00,0.000000000000000000e+00,7.500000000000000000e-01,4.628099173553713586e-01,8.333333333333333703e-01,0.000000000000000000e+00,0.000000000000000000e+00,0.000000000000000000e+00,0.000000000000000000e+00,0.000000000000000000e+00
0.000000000000000000e+00,9.923664122137404453e-01,0.000000000000000000e+00,0.000000000000000000e+00,0.000000000000000000e+00,1.818181818181817955e-01,9.166666666666665186e-01,9.248554913294805557e-02,0.000000000000000000e+00,5.000000000000000000e-01,0.000000000000000000e+00,0.000000000000000000e+00,0.000000000000000000e+00,0.000000000000000000e+00,0.000000000000000000e+00,0.000000000000000000e+00,9.930200093066542388e-01,9.537987679671459107e-01,4.719101123595506042e-01,0.000000000000000000e+00,1.000000000000000000e+00,0.000000000000000000e+00,4.999999999999998890e-01,0.000000000000000000e+00,1.000000000000000000e+00,4.999999999999997224e-01,3.018867924528302327e-01,5.454545454545454142e-01,4.868913857677897861e-02,0.000000000000000000e+00,0.000000000000000000e+00,0.000000000000000000e+00,0.000000000000000000e+00,0.000000000000000000e+00,6.428571428571429047e-01,2.000000000000000111e-01,7.083333333333333703e-01,7.368421052631580759e-01,5.000000000000000000e-01,3.448275862068971853e-01,5.714285714285715079e-01,7.500000000000000000e-01,0.000000000000000000e+00,0.000000000000000000e+00,7.500000000000000000e-01,4.628099173553713586e-01,8.333333333333333703e-01,0.000000000000000000e+00,0.000000000000000000e+00,0.000000000000000000e+00,0.000000000000000000e+00,0.000000000000000000e+00
0.000000000000000000e+00,9.961832061068702782e-01,0.000000000000000000e+00,0.000000000000000000e+00,0.000000000000000000e+00,1.818181818181817955e-01,9.166666666666665186e-01,9.248554913294805557e-02,0.000000000000000000e+00,5.000000000000000000e-01,0.000000000000000000e+00,0.000000000000000000e+00,0.000000000000000000e+00,0.000000000000000000e+00,0.000000000000000000e+00,0.000000000000000000e+00,9.930200093066542388e-01,9.527720739219713852e-01,4.719101123595506042e-01,0.000000000000000000e+00,1.000000000000000000e+00,0.000000000000000000e+00,4.999999999999998890e-01,0.000000000000000000e+00,1.000000000000000000e+00,4.999999999999997224e-01,3.018867924528302327e-01,5.454545454545454142e-01,4.681647940074901149e-02,0.000000000000000000e+00,0.000000000000000000e+00,0.000000000000000000e+00,0.000000000000000000e+00,0.000000000000000000e+00,6.428571428571429047e-01,2.000000000000000111e-01,7.083333333333333703e-01,7.368421052631580759e-01,5.000000000000000000e-01,3.448275862068971853e-01,5.714285714285715079e-01,7.500000000000000000e-01,0.000000000000000000e+00,0.000000000000000000e+00,7.500000000000000000e-01,4.628099173553713586e-01,8.333333333333333703e-01,0.000000000000000000e+00,0.000000000000000000e+00,0.000000000000000000e+00,0.000000000000000000e+00,0.000000000000000000e+00
0.000000000000000000e+00,9.961832061068702782e-01,0.000000000000000000e+00,0.000000000000000000e+00,0.000000000000000000e+00,1.818181818181817955e-01,9.166666666666665186e-01,9.248554913294805557e-02,0.000000000000000000e+00,5.000000000000000000e-01,0.000000000000000000e+00,0.000000000000000000e+00,0.000000000000000000e+00,0.000000000000000000e+00,0.000000000000000000e+00,0.000000000000000000e+00,9.953466728711027889e-01,9.527720739219713852e-01,4.681647940074906145e-01,0.000000000000000000e+00,1.000000000000000000e+00,0.000000000000000000e+00,4.999999999999998890e-01,0.000000000000000000e+00,1.000000000000000000e+00,4.999999999999997224e-01,3.018867924528302327e-01,5.454545454545454142e-01,4.868913857677897861e-02,0.000000000000000000e+00,0.000000000000000000e+00,0.000000000000000000e+00,0.000000000000000000e+00,0.000000000000000000e+00,6.428571428571429047e-01,2.000000000000000111e-01,7.222222222222222099e-01,7.368421052631580759e-01,5.000000000000000000e-01,4.655172413793112196e-01,5.714285714285715079e-01,7.500000000000000000e-01,0.000000000000000000e+00,0.000000000000000000e+00,1.000000000000000000e+00,4.628099173553713586e-01,8.333333333333333703e-01,0.000000000000000000e+00,0.000000000000000000e+00,0.000000000000000000e+00,0.000000000000000000e+00,0.000000000000000000e+00
0.000000000000000000e+00,9.961832061068702782e-01,0.000000000000000000e+00,0.000000000000000000e+00,0.000000000000000000e+00,1.818181818181817955e-01,9.166666666666665186e-01,9.248554913294805557e-02,0.000000000000000000e+00,5.000000000000000000e-01,0.000000000000000000e+00,0.000000000000000000e+00,0.000000000000000000e+00,0.000000000000000000e+00,0.000000000000000000e+00,0.000000000000000000e+00,9.953466728711027889e-01,9.527720739219713852e-01,4.644194756554307357e-01,0.000000000000000000e+00,1.000000000000000000e+00,0.000000000000000000e+00,4.999999999999998890e-01,0.000000000000000000e+00,1.000000000000000000e+00,4.999999999999997224e-01,3.018867924528302327e-01,5.454545454545454142e-01,4.868913857677897861e-02,0.000000000000000000e+00,0.000000000000000000e+00,0.000000000000000000e+00,0.000000000000000000e+00,0.000000000000000000e+00,6.428571428571429047e-01,2.000000000000000111e-01,7.222222222222222099e-01,7.368421052631580759e-01,5.000000000000000000e-01,4.655172413793112196e-01,5.714285714285715079e-01,6.666666666666667407e-01,0.000000000000000000e+00,0.000000000000000000e+00,1.000000000000000000e+00,4.628099173553713586e-01,8.333333333333333703e-01,0.000000000000000000e+00,0.000000000000000000e+00,0.000000000000000000e+00,0.000000000000000000e+00,0.000000000000000000e+00
0.000000000000000000e+00,9.961832061068702782e-01,0.000000000000000000e+00,0.000000000000000000e+00,0.000000000000000000e+00,1.818181818181817955e-01,9.166666666666665186e-01,9.248554913294805557e-02,0.000000000000000000e+00,5.000000000000000000e-01,0.000000000000000000e+00,0.000000000000000000e+00,0.000000000000000000e+00,0.000000000000000000e+00,0.000000000000000000e+00,0.000000000000000000e+00,9.953466728711027889e-01,9.527720739219713852e-01,4.644194756554307357e-01,0.000000000000000000e+00,1.000000000000000000e+00,0.000000000000000000e+00,4.999999999999998890e-01,0.000000000000000000e+00,1.000000000000000000e+00,4.999999999999997224e-01,3.018867924528302327e-01,4.545454545454545303e-01,4.868913857677897861e-02,0.000000000000000000e+00,0.000000000000000000e+00,0.000000000000000000e+00,0.000000000000000000e+00,0.000000000000000000e+00,6.428571428571429047e-01,2.518518518518517713e-01,7.222222222222222099e-01,7.368421052631580759e-01,5.000000000000000000e-01,2.758620689655177372e-01,5.714285714285715079e-01,6.666666666666667407e-01,0.000000000000000000e+00,0.000000000000000000e+00,1.000000000000000000e+00,4.628099173553713586e-01,8.333333333333333703e-01,0.000000000000000000e+00,0.000000000000000000e+00,0.000000000000000000e+00,0.000000000000000000e+00,0.000000000000000000e+00
0.000000000000000000e+00,9.961832061068702782e-01,0.000000000000000000e+00,0.000000000000000000e+00,0.000000000000000000e+00,1.818181818181817955e-01,9.166666666666665186e-01,9.248554913294805557e-02,0.000000000000000000e+00,5.000000000000000000e-01,0.000000000000000000e+00,0.000000000000000000e+00,0.000000000000000000e+00,0.000000000000000000e+00,0.000000000000000000e+00,0.000000000000000000e+00,9.930200093066542388e-01,9.527720739219713852e-01,4.606741573033707460e-01,0.000000000000000000e+00,1.000000000000000000e+00,0.000000000000000000e+00,4.999999999999998890e-01,0.000000000000000000e+00,1.000000000000000000e+00,4.999999999999997224e-01,3.301886792452828900e-01,2.727272727272727071e-01,4.868913857677897861e-02,0.000000000000000000e+00,0.000000000000000000e+00,0.000000000000000000e+00,0.000000000000000000e+00,0.000000000000000000e+00,6.428571428571429047e-01,2.518518518518517713e-01,7.222222222222222099e-01,7.368421052631580759e-01,5.000000000000000000e-01,2.758620689655177372e-01,2.857142857142857539e-01,6.666666666666667407e-01,0.000000000000000000e+00,0.000000000000000000e+00,1.000000000000000000e+00,4.628099173553713586e-01,6.666666666666667407e-01,0.000000000000000000e+00,0.000000000000000000e+00,0.000000000000000000e+00,0.000000000000000000e+00,0.000000000000000000e+00
0.000000000000000000e+00,9.961832061068702782e-01,0.000000000000000000e+00,0.000000000000000000e+00,0.000000000000000000e+00,1.818181818181817955e-01,9.166666666666665186e-01,9.248554913294805557e-02,0.000000000000000000e+00,5.000000000000000000e-01,0.000000000000000000e+00,0.000000000000000000e+00,0.000000000000000000e+00,0.000000000000000000e+00,0.000000000000000000e+00,0.000000000000000000e+00,9.906933457422055778e-01,9.537987679671459107e-01,4.569288389513108117e-01,0.000000000000000000e+00,1.000000000000000000e+00,0.000000000000000000e+00,4.999999999999998890e-01,0.000000000000000000e+00,1.000000000000000000e+00,4.999999999999997224e-01,3.301886792452828900e-01,2.727272727272727071e-01,4.868913857677897861e-02,0.000000000000000000e+00,0.000000000000000000e+00,0.000000000000000000e+00,0.000000000000000000e+00,0.000000000000000000e+00,6.428571428571429047e-01,2.518518518518517713e-01,7.222222222222222099e-01,7.368421052631580759e-01,5.000000000000000000e-01,3.793103448275869649e-01,1.428571428571428770e-01,6.666666666666667407e-01,0.000000000000000000e+00,0.000000000000000000e+00,1.000000000000000000e+00,4.628099173553713586e-01,6.666666666666667407e-01,0.000000000000000000e+00,0.000000000000000000e+00,0.000000000000000000e+00,0.000000000000000000e+00,0.000000000000000000e+00
0.000000000000000000e+00,1.000000000000000000e+00,0.000000000000000000e+00,0.000000000000000000e+00,0.000000000000000000e+00,1.818181818181817955e-01,9.166666666666665186e-01,9.248554913294805557e-02,0.000000000000000000e+00,5.000000000000000000e-01,0.000000000000000000e+00,0.000000000000000000e+00,0.000000000000000000e+00,0.000000000000000000e+00,0.000000000000000000e+00,0.000000000000000000e+00,9.883666821777570277e-01,9.537987679671459107e-01,4.531835205992509330e-01,0.000000000000000000e+00,1.000000000000000000e+00,0.000000000000000000e+00,4.999999999999998890e-01,0.000000000000000000e+00,1.000000000000000000e+00,4.999999999999997224e-01,3.301886792452828900e-01,1.818181818181817955e-01,4.868913857677897861e-02,0.000000000000000000e+00,0.000000000000000000e+00,0.000000000000000000e+00,0.000000000000000000e+00,0.000000000000000000e+00,6.428571428571429047e-01,2.518518518518517713e-01,7.037037037037037202e-01,7.368421052631580759e-01,5.000000000000000000e-01,4.655172413793112196e-01,1.428571428571428770e-01,6.666666666666667407e-01,0.000000000000000000e+00,0.000000000000000000e+00,7.500000000000000000e-01,4.628099173553713586e-01,6.666666666666667407e-01,0.000000000000000000e+00,0.000000000000000000e+00,0.000000000000000000e+00,0.000000000000000000e+00,0.000000000000000000e+00
0.000000000000000000e+00,1.000000000000000000e+00,0.000000000000000000e+00,0.000000000000000000e+00,0.000000000000000000e+00,1.818181818181817955e-01,9.166666666666665186e-01,9.248554913294805557e-02,0.000000000000000000e+00,5.000000000000000000e-01,0.000000000000000000e+00,0.000000000000000000e+00,0.000000000000000000e+00,0.000000000000000000e+00,0.000000000000000000e+00,0.000000000000000000e+00,9.883666821777570277e-01,9.548254620123204361e-01,4.531835205992509330e-01,0.000000000000000000e+00,1.000000000000000000e+00,0.000000000000000000e+00,4.999999999999998890e-01,0.000000000000000000e+00,1.000000000000000000e+00,4.999999999999997224e-01,3.301886792452828900e-01,1.818181818181817955e-01,5.056179775280893879e-02,0.000000000000000000e+00,0.000000000000000000e+00,0.000000000000000000e+00,0.000000000000000000e+00,0.000000000000000000e+00,6.428571428571429047e-01,2.925925925925926263e-01,7.037037037037037202e-01,7.368421052631580759e-01,3.750000000000000000e-01,4.827586206896560816e-01,1.428571428571428770e-01,6.666666666666667407e-01,0.000000000000000000e+00,0.000000000000000000e+00,7.500000000000000000e-01,4.628099173553713586e-01,6.666666666666667407e-01,0.000000000000000000e+00,0.000000000000000000e+00,0.000000000000000000e+00,0.000000000000000000e+00,0.000000000000000000e+00
0.000000000000000000e+00,9.961832061068702782e-01,0.000000000000000000e+00,0.000000000000000000e+00,0.000000000000000000e+00,1.818181818181817955e-01,9.166666666666665186e-01,9.248554913294805557e-02,0.000000000000000000e+00,5.000000000000000000e-01,0.000000000000000000e+00,0.000000000000000000e+00,0.000000000000000000e+00,0.000000000000000000e+00,0.000000000000000000e+00,0.000000000000000000e+00,9.883666821777570277e-01,9.548254620123204361e-01,4.531835205992509330e-01,0.000000000000000000e+00,1.000000000000000000e+00,0.000000000000000000e+00,4.999999999999998890e-01,0.000000000000000000e+00,1.000000000000000000e+00,4.999999999999997224e-01,3.301886792452828900e-01,1.818181818181817955e-01,5.056179775280893879e-02,0.000000000000000000e+00,0.000000000000000000e+00,0.000000000000000000e+00,0.000000000000000000e+00,0.000000000000000000e+00,6.428571428571429047e-01,2.925925925925926263e-01,7.037037037037037202e-01,7.368421052631580759e-01,3.750000000000000000e-01,4.310344827586214955e-01,1.428571428571428770e-01,6.666666666666667407e-01,0.000000000000000000e+00,0.000000000000000000e+00,7.500000000000000000e-01,4.628099173553713586e-01,6.666666666666667407e-01,0.000000000000000000e+00,0.000000000000000000e+00,0.000000000000000000e+00,0.000000000000000000e+00,0.000000000000000000e+00
0.000000000000000000e+00,9.961832061068702782e-01,0.000000000000000000e+00,0.000000000000000000e+00,0.000000000000000000e+00,1.818181818181817955e-01,9.166666666666665186e-01,9.248554913294805557e-02,0.000000000000000000e+00,5.000000000000000000e-01,0.000000000000000000e+00,0.000000000000000000e+00,0.000000000000000000e+00,0.000000000000000000e+00,0.000000000000000000e+00,0.000000000000000000e+00,9.883666821777570277e-01,9.548254620123204361e-01,4.531835205992509330e-01,0.000000000000000000e+00,1.000000000000000000e+00,0.000000000000000000e+00,4.999999999999998890e-01,0.000000000000000000e+00,1.000000000000000000e+00,4.999999999999997224e-01,3.301886792452828900e-01,3.636363636363635909e-01,5.056179775280893879e-02,0.000000000000000000e+00,0.000000000000000000e+00,0.000000000000000000e+00,0.000000000000000000e+00,0.000000000000000000e+00,6.428571428571429047e-01,2.925925925925926263e-01,7.037037037037037202e-01,7.368421052631580759e-01,3.750000000000000000e-01,2.586206896551728751e-01,1.428571428571428770e-01,6.666666666666667407e-01,0.000000000000000000e+00,0.000000000000000000e+00,7.500000000000000000e-01,4.628099173553713586e-01,6.666666666666667407e-01,0.000000000000000000e+00,0.000000000000000000e+00,0.000000000000000000e+00,0.000000000000000000e+00,0.000000000000000000e+00
0.000000000000000000e+00,1.000000000000000000e+00,0.000000000000000000e+00,0.000000000000000000e+00,0.000000000000000000e+00,1.818181818181817955e-01,9.166666666666665186e-01,9.248554913294805557e-02,0.000000000000000000e+00,5.000000000000000000e-01,0.000000000000000000e+00,0.000000000000000000e+00,0.000000000000000000e+00,0.000000000000000000e+00,0.000000000000000000e+00,0.000000000000000000e+00,9.883666821777570277e-01,9.548254620123204361e-01,4.494382022471909433e-01,0.000000000000000000e+00,1.000000000000000000e+00,0.000000000000000000e+00,4.999999999999998890e-01,0.000000000000000000e+00,1.000000000000000000e+00,4.999999999999997224e-01,3.301886792452828900e-01,4.545454545454545303e-01,5.056179775280893879e-02,0.000000000000000000e+00,0.000000000000000000e+00,0.000000000000000000e+00,0.000000000000000000e+00,0.000000000000000000e+00,6.428571428571429047e-01,2.925925925925926263e-01,7.037037037037037202e-01,7.368421052631580759e-01,3.750000000000000000e-01,1.379310344827588963e-01,1.428571428571428770e-01,8.333333333333333703e-01,0.000000000000000000e+00,0.000000000000000000e+00,7.500000000000000000e-01,4.628099173553713586e-01,6.666666666666667407e-01,0.000000000000000000e+00,0.000000000000000000e+00,0.000000000000000000e+00,0.000000000000000000e+00,0.000000000000000000e+00
0.000000000000000000e+00,1.000000000000000000e+00,0.000000000000000000e+00,0.000000000000000000e+00,0.000000000000000000e+00,1.818181818181817955e-01,9.166666666666665186e-01,9.248554913294805557e-02,0.000000000000000000e+00,5.000000000000000000e-01,0.000000000000000000e+00,0.000000000000000000e+00,0.000000000000000000e+00,0.000000000000000000e+00,0.000000000000000000e+00,0.000000000000000000e+00,9.906933457422055778e-01,9.548254620123204361e-01,4.494382022471909433e-01,0.000000000000000000e+00,1.000000000000000000e+00,0.000000000000000000e+00,4.999999999999998890e-01,0.000000000000000000e+00,1.000000000000000000e+00,4.999999999999997224e-01,3.301886792452828900e-01,4.545454545454545303e-01,5.056179775280893879e-02,0.000000000000000000e+00,0.000000000000000000e+00,0.000000000000000000e+00,0.000000000000000000e+00,0.000000000000000000e+00,6.428571428571429047e-01,2.925925925925926263e-01,7.037037037037037202e-01,7.368421052631580759e-01,3.750000000000000000e-01,1.379310344827588963e-01,1.428571428571428770e-01,8.333333333333333703e-01,0.000000000000000000e+00,0.000000000000000000e+00,7.500000000000000000e-01,4.628099173553713586e-01,6.666666666666667407e-01,0.000000000000000000e+00,0.000000000000000000e+00,0.000000000000000000e+00,0.000000000000000000e+00,0.000000000000000000e+00
0.000000000000000000e+00,9.961832061068702782e-01,0.000000000000000000e+00,0.000000000000000000e+00,0.000000000000000000e+00,1.818181818181817955e-01,9.166666666666665186e-01,9.248554913294805557e-02,0.000000000000000000e+00,5.000000000000000000e-01,0.000000000000000000e+00,0.000000000000000000e+00,0.000000000000000000e+00,0.000000000000000000e+00,0.000000000000000000e+00,0.000000000000000000e+00,9.930200093066542388e-01,9.548254620123204361e-01,4.419475655430711303e-01,0.000000000000000000e+00,1.000000000000000000e+00,0.000000000000000000e+00,4.999999999999998890e-01,0.000000000000000000e+00,1.000000000000000000e+00,4.999999999999997224e-01,3.301886792452828900e-01,4.545454545454545303e-01,5.243445692883890591e-02,0.000000000000000000e+00,0.000000000000000000e+00,0.000000000000000000e+00,0.000000000000000000e+00,0.000000000000000000e+00,6.428571428571429047e-01,2.851851851851850417e-01,7.037037037037037202e-01,7.368421052631580759e-01,3.750000000000000000e-01,3.965517241379317714e-01,1.428571428571428770e-01,8.333333333333333703e-01,0.000000000000000000e+00,0.000000000000000000e+00,7.500000000000000000e-01,4.628099173553713586e-01,6.666666666666667407e-01,0.000000000000000000e+00,0.000000000000000000e+00,0.000000000000000000e+00,0.000000000000000000e+00,0.000000000000000000e+00
0.000000000000000000e+00,9.961832061068702782e-01,0.000000000000000000e+00,0.000000000000000000e+00,0.000000000000000000e+00,1.818181818181817955e-01,9.166666666666665186e-01,9.248554913294805557e-02,0.000000000000000000e+00,5.000000000000000000e-01,0.000000000000000000e+00,0.000000000000000000e+00,0.000000000000000000e+00,0.000000000000000000e+00,0.000000000000000000e+00,0.000000000000000000e+00,9.930200093066542388e-01,9.548254620123204361e-01,4.419475655430711303e-01,0.000000000000000000e+00,1.000000000000000000e+00,0.000000000000000000e+00,4.999999999999998890e-01,0.000000000000000000e+00,1.000000000000000000e+00,4.999999999999997224e-01,3.301886792452828900e-01,4.545454545454545303e-01,5.243445692883890591e-02,0.000000000000000000e+00,0.000000000000000000e+00,0.000000000000000000e+00,0.000000000000000000e+00,0.000000000000000000e+00,6.428571428571429047e-01,2.851851851851850417e-01,7.037037037037037202e-01,7.368421052631580759e-01,3.750000000000000000e-01,3.965517241379317714e-01,1.428571428571428770e-01,8.333333333333333703e-01,0.000000000000000000e+00,0.000000000000000000e+00,7.500000000000000000e-01,4.628099173553713586e-01,6.666666666666667407e-01,0.000000000000000000e+00,0.000000000000000000e+00,0.000000000000000000e+00,0.000000000000000000e+00,0.000000000000000000e+00
0.000000000000000000e+00,9.961832061068702782e-01,0.000000000000000000e+00,0.000000000000000000e+00,0.000000000000000000e+00,1.818181818181817955e-01,9.166666666666665186e-01,9.248554913294805557e-02,0.000000000000000000e+00,5.000000000000000000e-01,0.000000000000000000e+00,0.000000000000000000e+00,0.000000000000000000e+00,0.000000000000000000e+00,0.000000000000000000e+00,0.000000000000000000e+00,9.930200093066542388e-01,9.537987679671459107e-01,4.419475655430711303e-01,0.000000000000000000e+00,1.000000000000000000e+00,0.000000000000000000e+00,4.999999999999998890e-01,0.000000000000000000e+00,1.000000000000000000e+00,4.999999999999997224e-01,3.301886792452828900e-01,4.545454545454545303e-01,5.430711610486885915e-02,0.000000000000000000e+00,0.000000000000000000e+00,0.000000000000000000e+00,0.000000000000000000e+00,0.000000000000000000e+00,6.428571428571429047e-01,2.851851851851850417e-01,7.037037037037037202e-01,7.368421052631580759e-01,3.750000000000000000e-01,4.827586206896560816e-01,1.428571428571428770e-01,8.333333333333333703e-01,0.000000000000000000e+00,0.000000000000000000e+00,7.500000000000000000e-01,4.628099173553713586e-01,6.666666666666667407e-01,0.000000000000000000e+00,0.000000000000000000e+00,0.000000000000000000e+00,0.000000000000000000e+00,0.000000000000000000e+00
0.000000000000000000e+00,9.961832061068702782e-01,0.000000000000000000e+00,0.000000000000000000e+00,0.000000000000000000e+00,1.818181818181817955e-01,9.166666666666665186e-01,9.248554913294805557e-02,0.000000000000000000e+00,5.000000000000000000e-01,0.000000000000000000e+00,0.000000000000000000e+00,0.000000000000000000e+00,0.000000000000000000e+00,0.000000000000000000e+00,0.000000000000000000e+00,9.906933457422055778e-01,9.537987679671459107e-01,4.419475655430711303e-01,0.000000000000000000e+00,1.000000000000000000e+00,0.000000000000000000e+00,4.999999999999998890e-01,0.000000000000000000e+00,1.000000000000000000e+00,4.999999999999997224e-01,3.301886792452828900e-01,4.545454545454545303e-01,5.430711610486885915e-02,0.000000000000000000e+00,0.000000000000000000e+00,0.000000000000000000e+00,0.000000000000000000e+00,0.000000000000000000e+00,6.428571428571429047e-01,2.851851851851850417e-01,7.037037037037037202e-01,7.368421052631580759e-01,3.750000000000000000e-01,4.827586206896560816e-01,1.428571428571428770e-01,7.500000000000000000e-01,0.000000000000000000e+00,0.000000000000000000e+00,7.500000000000000000e-01,4.628099173553713586e-01,6.666666666666667407e-01,0.000000000000000000e+00,0.000000000000000000e+00,0.000000000000000000e+00,0.000000000000000000e+00,0.000000000000000000e+00
0.000000000000000000e+00,9.961832061068702782e-01,0.000000000000000000e+00,0.000000000000000000e+00,0.000000000000000000e+00,1.818181818181817955e-01,9.166666666666665186e-01,9.248554913294805557e-02,0.000000000000000000e+00,5.000000000000000000e-01,0.000000000000000000e+00,0.000000000000000000e+00,0.000000000000000000e+00,0.000000000000000000e+00,0.000000000000000000e+00,0.000000000000000000e+00,9.906933457422055778e-01,9.537987679671459107e-01,4.382022471910111960e-01,0.000000000000000000e+00,1.000000000000000000e+00,0.000000000000000000e+00,4.999999999999998890e-01,0.000000000000000000e+00,1.000000000000000000e+00,4.999999999999997224e-01,3.301886792452828900e-01,2.727272727272727071e-01,5.430711610486885915e-02,0.000000000000000000e+00,0.000000000000000000e+00,0.000000000000000000e+00,0.000000000000000000e+00,0.000000000000000000e+00,6.428571428571429047e-01,2.851851851851850417e-01,7.037037037037037202e-01,7.368421052631580759e-01,5.000000000000000000e-01,4.827586206896560816e-01,1.428571428571428770e-01,5.833333333333333703e-01,0.000000000000000000e+00,0.000000000000000000e+00,7.500000000000000000e-01,4.628099173553713586e-01,8.333333333333333703e-01,0.000000000000000000e+00,0.000000000000000000e+00,0.000000000000000000e+00,0.000000000000000000e+00,0.000000000000000000e+00
0.000000000000000000e+00,9.961832061068702782e-01,0.000000000000000000e+00,0.000000000000000000e+00,0.000000000000000000e+00,1.818181818181817955e-01,9.444444444444444198e-01,9.248554913294805557e-02,0.000000000000000000e+00,5.000000000000000000e-01,0.000000000000000000e+00,0.000000000000000000e+00,0.000000000000000000e+00,0.000000000000000000e+00,0.000000000000000000e+00,0.000000000000000000e+00,9.906933457422055778e-01,9.537987679671459107e-01,4.382022471910111960e-01,0.000000000000000000e+00,1.000000000000000000e+00,0.000000000000000000e+00,4.999999999999998890e-01,0.000000000000000000e+00,1.000000000000000000e+00,4.999999999999997224e-01,3.301886792452828900e-01,1.818181818181817955e-01,5.430711610486885915e-02,0.000000000000000000e+00,0.000000000000000000e+00,0.000000000000000000e+00,0.000000000000000000e+00,0.000000000000000000e+00,6.428571428571429047e-01,2.851851851851850417e-01,7.037037037037037202e-01,7.368421052631580759e-01,5.000000000000000000e-01,3.620689655172420474e-01,1.428571428571428770e-01,5.833333333333333703e-01,0.000000000000000000e+00,0.000000000000000000e+00,7.500000000000000000e-01,4.628099173553713586e-01,8.333333333333333703e-01,0.000000000000000000e+00,0.000000000000000000e+00,0.000000000000000000e+00,0.000000000000000000e+00,0.000000000000000000e+00
0.000000000000000000e+00,9.923664122137404453e-01,0.000000000000000000e+00,0.000000000000000000e+00,0.000000000000000000e+00,1.818181818181817955e-01,9.444444444444444198e-01,9.248554913294805557e-02,0.000000000000000000e+00,5.000000000000000000e-01,0.000000000000000000e+00,0.000000000000000000e+00,0.000000000000000000e+00,0.000000000000000000e+00,0.000000000000000000e+00,0.000000000000000000e+00,9.860400186133084777e-01,9.537987679671459107e-01,4.382022471910111960e-01,0.000000000000000000e+00,1.000000000000000000e+00,0.000000000000000000e+00,4.999999999999998890e-01,0.000000000000000000e+00,1.000000000000000000e+00,4.999999999999997224e-01,3.301886792452828900e-01,1.818181818181817955e-01,5.430711610486885915e-02,0.000000000000000000e+00,0.000000000000000000e+00,0.000000000000000000e+00,0.000000000000000000e+00,0.000000000000000000e+00,6.428571428571429047e-01,2.851851851851850417e-01,7.037037037037037202e-01,7.368421052631580759e-01,5.000000000000000000e-01,3.965517241379317714e-01,1.428571428571428770e-01,5.833333333333333703e-01,0.000000000000000000e+00,0.000000000000000000e+00,7.500000000000000000e-01,4.628099173553713586e-01,8.333333333333333703e-01,0.000000000000000000e+00,0.000000000000000000e+00,0.000000000000000000e+00,0.000000000000000000e+00,0.000000000000000000e+00
0.000000000000000000e+00,9.961832061068702782e-01,0.000000000000000000e+00,0.000000000000000000e+00,0.000000000000000000e+00,1.818181818181817955e-01,9.444444444444444198e-01,9.248554913294805557e-02,0.000000000000000000e+00,5.000000000000000000e-01,0.000000000000000000e+00,0.000000000000000000e+00,0.000000000000000000e+00,0.000000000000000000e+00,0.000000000000000000e+00,0.000000000000000000e+00,9.860400186133084777e-01,9.527720739219713852e-01,4.344569288389512618e-01,0.000000000000000000e+00,1.000000000000000000e+00,0.000000000000000000e+00,4.999999999999998890e-01,0.000000000000000000e+00,1.000000000000000000e+00,4.999999999999997224e-01,3.301886792452828900e-01,1.818181818181817955e-01,5.430711610486885915e-02,0.000000000000000000e+00,0.000000000000000000e+00,0.000000000000000000e+00,0.000000000000000000e+00,0.000000000000000000e+00,6.428571428571429047e-01,2.851851851851850417e-01,7.037037037037037202e-01,7.368421052631580759e-01,5.000000000000000000e-01,5.000000000000008882e-01,7.142857142857143016e-01,7.500000000000000000e-01,0.000000000000000000e+00,0.000000000000000000e+00,7.500000000000000000e-01,4.628099173553713586e-01,8.333333333333333703e-01,0.000000000000000000e+00,0.000000000000000000e+00,0.000000000000000000e+00,0.000000000000000000e+00,0.000000000000000000e+00
0.000000000000000000e+00,9.923664122137404453e-01,0.000000000000000000e+00,0.000000000000000000e+00,0.000000000000000000e+00,1.818181818181817955e-01,9.444444444444444198e-01,9.248554913294805557e-02,0.000000000000000000e+00,5.000000000000000000e-01,0.000000000000000000e+00,0.000000000000000000e+00,0.000000000000000000e+00,0.000000000000000000e+00,0.000000000000000000e+00,0.000000000000000000e+00,9.860400186133084777e-01,9.527720739219713852e-01,4.344569288389512618e-01,0.000000000000000000e+00,1.000000000000000000e+00,0.000000000000000000e+00,4.999999999999998890e-01,0.000000000000000000e+00,1.000000000000000000e+00,4.999999999999997224e-01,3.915094339622641750e-01,3.636363636363635909e-01,5.617977528089882627e-02,0.000000000000000000e+00,0.000000000000000000e+00,0.000000000000000000e+00,0.000000000000000000e+00,0.000000000000000000e+00,6.428571428571429047e-01,2.851851851851850417e-01,7.037037037037037202e-01,7.368421052631580759e-01,6.249999999999998890e-01,5.000000000000008882e-01,7.142857142857143016e-01,7.500000000000000000e-01,0.000000000000000000e+00,0.000000000000000000e+00,7.500000000000000000e-01,4.628099173553713586e-01,8.333333333333333703e-01,0.000000000000000000e+00,0.000000000000000000e+00,0.000000000000000000e+00,0.000000000000000000e+00,0.000000000000000000e+00
0.000000000000000000e+00,9.923664122137404453e-01,0.000000000000000000e+00,0.000000000000000000e+00,0.000000000000000000e+00,1.818181818181817955e-01,9.444444444444444198e-01,9.248554913294805557e-02,0.000000000000000000e+00,5.000000000000000000e-01,0.000000000000000000e+00,0.000000000000000000e+00,0.000000000000000000e+00,0.000000000000000000e+00,0.000000000000000000e+00,0.000000000000000000e+00,9.860400186133084777e-01,9.537987679671459107e-01,4.307116104868913831e-01,0.000000000000000000e+00,1.000000000000000000e+00,0.000000000000000000e+00,4.999999999999998890e-01,0.000000000000000000e+00,1.000000000000000000e+00,4.999999999999997224e-01,3.915094339622641750e-01,5.454545454545454142e-01,5.805243445692879339e-02,0.000000000000000000e+00,0.000000000000000000e+00,0.000000000000000000e+00,0.000000000000000000e+00,0.000000000000000000e+00,6.428571428571429047e-01,2.851851851851850417e-01,7.037037037037037202e-01,7.368421052631580759e-01,6.249999999999998890e-01,5.000000000000008882e-01,7.142857142857143016e-01,7.500000000000000000e-01,0.000000000000000000e+00,0.000000000000000000e+00,7.500000000000000000e-01,4.628099173553713586e-01,8.333333333333333703e-01,0.000000000000000000e+00,0.000000000000000000e+00,0.000000000000000000e+00,0.000000000000000000e+00,0.000000000000000000e+00
0.000000000000000000e+00,9.923664122137404453e-01,0.000000000000000000e+00,0.000000000000000000e+00,0.000000000000000000e+00,1.818181818181817955e-01,9.444444444444444198e-01,9.248554913294805557e-02,0.000000000000000000e+00,5.000000000000000000e-01,0.000000000000000000e+00,0.000000000000000000e+00,0.000000000000000000e+00,0.000000000000000000e+00,0.000000000000000000e+00,0.000000000000000000e+00,9.860400186133084777e-01,9.548254620123204361e-01,4.269662921348313933e-01,0.000000000000000000e+00,1.000000000000000000e+00,0.000000000000000000e+00,4.999999999999998890e-01,0.000000000000000000e+00,1.000000000000000000e+00,4.999999999999997224e-01,3.915094339622641750e-01,5.454545454545454142e-01,5.805243445692879339e-02,0.000000000000000000e+00,0.000000000000000000e+00,0.000000000000000000e+00,0.000000000000000000e+00,0.000000000000000000e+00,6.428571428571429047e-01,2.851851851851850417e-01,7.037037037037037202e-01,7.368421052631580759e-01,6.249999999999998890e-01,3.793103448275869649e-01,7.142857142857143016e-01,7.500000000000000000e-01,0.000000000000000000e+00,0.000000000000000000e+00,7.500000000000000000e-01,4.628099173553713586e-01,8.333333333333333703e-01,0.000000000000000000e+00,0.000000000000000000e+00,0.000000000000000000e+00,0.000000000000000000e+00,0.000000000000000000e+00
0.000000000000000000e+00,9.923664122137404453e-01,0.000000000000000000e+00,0.000000000000000000e+00,0.000000000000000000e+00,1.818181818181817955e-01,9.444444444444444198e-01,9.248554913294805557e-02,0.000000000000000000e+00,5.000000000000000000e-01,0.000000000000000000e+00,0.000000000000000000e+00,0.000000000000000000e+00,0.000000000000000000e+00,0.000000000000000000e+00,0.000000000000000000e+00,9.906933457422055778e-01,9.548254620123204361e-01,4.269662921348313933e-01,0.000000000000000000e+00,1.000000000000000000e+00,0.000000000000000000e+00,4.999999999999998890e-01,0.000000000000000000e+00,1.000000000000000000e+00,4.999999999999997224e-01,3.915094339622641750e-01,5.454545454545454142e-01,5.805243445692879339e-02,0.000000000000000000e+00,0.000000000000000000e+00,0.000000000000000000e+00,0.000000000000000000e+00,0.000000000000000000e+00,6.428571428571429047e-01,2.851851851851850417e-01,7.037037037037037202e-01,7.368421052631580759e-01,6.249999999999998890e-01,3.620689655172420474e-01,7.142857142857143016e-01,7.500000000000000000e-01,0.000000000000000000e+00,0.000000000000000000e+00,7.500000000000000000e-01,4.628099173553713586e-01,8.333333333333333703e-01,0.000000000000000000e+00,0.000000000000000000e+00,0.000000000000000000e+00,0.000000000000000000e+00,0.000000000000000000e+00
0.000000000000000000e+00,9.885496183206106124e-01,0.000000000000000000e+00,0.000000000000000000e+00,0.000000000000000000e+00,1.818181818181817955e-01,9.722222222222220989e-01,9.248554913294805557e-02,0.000000000000000000e+00,5.000000000000000000e-01,0.000000000000000000e+00,0.000000000000000000e+00,0.000000000000000000e+00,0.000000000000000000e+00,0.000000000000000000e+00,0.000000000000000000e+00,9.906933457422055778e-01,9.537987679671459107e-01,4.232209737827715146e-01,0.000000000000000000e+00,1.000000000000000000e+00,0.000000000000000000e+00,4.999999999999998890e-01,0.000000000000000000e+00,1.000000000000000000e+00,4.999999999999997224e-01,3.915094339622641750e-01,5.454545454545454142e-01,5.805243445692879339e-02,0.000000000000000000e+00,0.000000000000000000e+00,0.000000000000000000e+00,0.000000000000000000e+00,0.000000000000000000e+00,6.428571428571429047e-01,3.259259259259258967e-01,7.037037037037037202e-01,7.368421052631580759e-01,6.249999999999998890e-01,3.448275862068971853e-01,7.142857142857143016e-01,7.500000000000000000e-01,0.000000000000000000e+00,0.000000000000000000e+00,7.500000000000000000e-01,4.628099173553713586e-01,8.333333333333333703e-01,0.000000000000000000e+00,0.000000000000000000e+00,0.000000000000000000e+00,0.000000000000000000e+00,0.000000000000000000e+00
0.000000000000000000e+00,9.923664122137404453e-01,0.000000000000000000e+00,0.000000000000000000e+00,0.000000000000000000e+00,1.818181818181817955e-01,9.722222222222220989e-01,9.248554913294805557e-02,0.000000000000000000e+00,5.000000000000000000e-01,0.000000000000000000e+00,0.000000000000000000e+00,0.000000000000000000e+00,0.000000000000000000e+00,0.000000000000000000e+00,0.000000000000000000e+00,9.906933457422055778e-01,9.537987679671459107e-01,4.194756554307115248e-01,0.000000000000000000e+00,1.000000000000000000e+00,0.000000000000000000e+00,4.999999999999998890e-01,0.000000000000000000e+00,1.000000000000000000e+00,4.999999999999997224e-01,3.773584905660375965e-01,5.454545454545454142e-01,5.805243445692879339e-02,0.000000000000000000e+00,0.000000000000000000e+00,0.000000000000000000e+00,0.000000000000000000e+00,0.000000000000000000e+00,6.428571428571429047e-01,3.259259259259258967e-01,7.037037037037037202e-01,7.368421052631580759e-01,6.249999999999998890e-01,4.137931034482766335e-01,7.142857142857143016e-01,7.500000000000000000e-01,0.000000000000000000e+00,0.000000000000000000e+00,7.500000000000000000e-01,4.628099173553713586e-01,8.333333333333333703e-01,0.000000000000000000e+00,0.000000000000000000e+00,0.000000000000000000e+00,0.000000000000000000e+00,0.000000000000000000e+00
0.000000000000000000e+00,9.923664122137404453e-01,0.000000000000000000e+00,0.000000000000000000e+00,0.000000000000000000e+00,1.818181818181817955e-01,9.722222222222220989e-01,9.248554913294805557e-02,0.000000000000000000e+00,5.000000000000000000e-01,0.000000000000000000e+00,0.000000000000000000e+00,0.000000000000000000e+00,0.000000000000000000e+00,0.000000000000000000e+00,0.000000000000000000e+00,9.906933457422055778e-01,9.537987679671459107e-01,4.157303370786515906e-01,0.000000000000000000e+00,1.000000000000000000e+00,0.000000000000000000e+00,4.999999999999998890e-01,0.000000000000000000e+00,1.000000000000000000e+00,4.999999999999997224e-01,3.490566037735849947e-01,4.545454545454545303e-01,5.805243445692879339e-02,0.000000000000000000e+00,0.000000000000000000e+00,0.000000000000000000e+00,0.000000000000000000e+00,0.000000000000000000e+00,6.428571428571429047e-01,3.259259259259258967e-01,7.037037037037037202e-01,7.368421052631580759e-01,6.249999999999998890e-01,4.137931034482766335e-01,7.142857142857143016e-01,7.500000000000000000e-01,0.000000000000000000e+00,0.000000000000000000e+00,7.500000000000000000e-01,4.628099173553713586e-01,8.333333333333333703e-01,0.000000000000000000e+00,0.000000000000000000e+00,0.000000000000000000e+00,0.000000000000000000e+00,0.000000000000000000e+00
0.000000000000000000e+00,9.923664122137404453e-01,0.000000000000000000e+00,0.000000000000000000e+00,0.000000000000000000e+00,1.818181818181817955e-01,9.722222222222220989e-01,1.040462427745665469e-01,0.000000000000000000e+00,5.000000000000000000e-01,0.000000000000000000e+00,0.000000000000000000e+00,0.000000000000000000e+00,0.000000000000000000e+00,0.000000000000000000e+00,0.000000000000000000e+00,9.906933457422055778e-01,9.537987679671459107e-01,4.119850187265917119e-01,0.000000000000000000e+00,1.000000000000000000e+00,0.000000000000000000e+00,4.999999999999998890e-01,0.000000000000000000e+00,1.000000000000000000e+00,4.999999999999997224e-01,3.490566037735849947e-01,4.545454545454545303e-01,5.992509363295876051e-02,0.000000000000000000e+00,0.000000000000000000e+00,0.000000000000000000e+00,0.000000000000000000e+00,0.000000000000000000e+00,6.428571428571429047e-01,3.962962962962962021e-01,6.898148148148148806e-01,7.368421052631580759e-01,6.249999999999998890e-01,3.620689655172420474e-01,7.142857142857143016e-01,7.500000000000000000e-01,0.000000000000000000e+00,0.000000000000000000e+00,7.500000000000000000e-01,4.628099173553713586e-01,8.333333333333333703e-01,0.000000000000000000e+00,0.000000000000000000e+00,0.000000000000000000e+00,0.000000000000000000e+00,0.000000000000000000e+00
0.000000000000000000e+00,9.885496183206106124e-01,0.000000000000000000e+00,0.000000000000000000e+00,0.000000000000000000e+00,1.818181818181817955e-01,9.444444444444444198e-01,1.040462427745665469e-01,0.000000000000000000e+00,5.000000000000000000e-01,0.000000000000000000e+00,0.000000000000000000e+00,0.000000000000000000e+00,0.000000000000000000e+00,0.000000000000000000e+00,0.000000000000000000e+00,9.906933457422055778e-01,9.537987679671459107e-01,4.119850187265917119e-01,0.000000000000000000e+00,1.000000000000000000e+00,0.000000000000000000e+00,4.999999999999998890e-01,0.000000000000000000e+00,1.000000000000000000e+00,4.999999999999997224e-01,3.490566037735849947e-01,4.545454545454545303e-01,5.992509363295876051e-02,0.000000000000000000e+00,0.000000000000000000e+00,0.000000000000000000e+00,0.000000000000000000e+00,0.000000000000000000e+00,6.428571428571429047e-01,3.962962962962962021e-01,6.898148148148148806e-01,7.368421052631580759e-01,6.249999999999998890e-01,2.586206896551728751e-01,7.142857142857143016e-01,7.500000000000000000e-01,0.000000000000000000e+00,0.000000000000000000e+00,7.500000000000000000e-01,4.628099173553713586e-01,8.333333333333333703e-01,0.000000000000000000e+00,0.000000000000000000e+00,0.000000000000000000e+00,0.000000000000000000e+00,0.000000000000000000e+00
0.000000000000000000e+00,9.923664122137404453e-01,0.000000000000000000e+00,0.000000000000000000e+00,0.000000000000000000e+00,1.818181818181817955e-01,9.166666666666665186e-01,1.040462427745665469e-01,0.000000000000000000e+00,5.000000000000000000e-01,0.000000000000000000e+00,0.000000000000000000e+00,0.000000000000000000e+00,0.000000000000000000e+00,0.000000000000000000e+00,0.000000000000000000e+00,9.906933457422055778e-01,9.537987679671459107e-01,4.082397003745317221e-01,0.000000000000000000e+00,1.000000000000000000e+00,0.000000000000000000e+00,4.999999999999998890e-01,0.000000000000000000e+00,1.000000000000000000e+00,4.999999999999997224e-01,3.490566037735849947e-01,4.545454545454545303e-01,5.992509363295876051e-02,0.000000000000000000e+00,0.000000000000000000e+00,0.000000000000000000e+00,0.000000000000000000e+00,0.000000000000000000e+00,6.428571428571429047e-01,3.259259259259258967e-01,6.898148148148148806e-01,7.368421052631580759e-01,6.249999999999998890e-01,2.586206896551728751e-01,7.142857142857143016e-01,7.500000000000000000e-01,0.000000000000000000e+00,0.000000000000000000e+00,7.500000000000000000e-01,4.628099173553713586e-01,6.666666666666667407e-01,0.000000000000000000e+00,0.000000000000000000e+00,0.000000000000000000e+00,0.000000000000000000e+00,0.000000000000000000e+00
0.000000000000000000e+00,9.923664122137404453e-01,0.000000000000000000e+00,0.000000000000000000e+00,0.000000000000000000e+00,1.818181818181817955e-01,9.166666666666665186e-01,1.040462427745665469e-01,0.000000000000000000e+00,5.000000000000000000e-01,0.000000000000000000e+00,0.000000000000000000e+00,0.000000000000000000e+00,0.000000000000000000e+00,0.000000000000000000e+00,0.000000000000000000e+00,9.906933457422055778e-01,9.527720739219713852e-01,4.082397003745317221e-01,0.000000000000000000e+00,1.000000000000000000e+00,0.000000000000000000e+00,4.999999999999998890e-01,0.000000000000000000e+00,1.000000000000000000e+00,4.999999999999997224e-01,3.490566037735849947e-01,4.545454545454545303e-01,5.992509363295876051e-02,0.000000000000000000e+00,0.000000000000000000e+00,0.000000000000000000e+00,0.000000000000000000e+00,0.000000000000000000e+00,6.428571428571429047e-01,3.259259259259258967e-01,6.898148148148148806e-01,7.368421052631580759e-01,6.249999999999998890e-01,3.275862068965523233e-01,7.142857142857143016e-01,7.500000000000000000e-01,0.000000000000000000e+00,0.000000000000000000e+00,7.500000000000000000e-01,4.628099173553713586e-01,6.666666666666667407e-01,0.000000000000000000e+00,0.000000000000000000e+00,0.000000000000000000e+00,0.000000000000000000e+00,0.000000000000000000e+00
0.000000000000000000e+00,9.923664122137404453e-01,0.000000000000000000e+00,0.000000000000000000e+00,0.000000000000000000e+00,1.818181818181817955e-01,9.166666666666665186e-01,1.040462427745665469e-01,0.000000000000000000e+00,5.000000000000000000e-01,0.000000000000000000e+00,0.000000000000000000e+00,0.000000000000000000e+00,0.000000000000000000e+00,0.000000000000000000e+00,0.000000000000000000e+00,9.906933457422055778e-01,9.537987679671459107e-01,4.082397003745317221e-01,0.000000000000000000e+00,1.000000000000000000e+00,0.000000000000000000e+00,4.999999999999998890e-01,0.000000000000000000e+00,1.000000000000000000e+00,4.999999999999997224e-01,3.490566037735849947e-01,5.454545454545454142e-01,5.805243445692879339e-02,0.000000000000000000e+00,0.000000000000000000e+00,0.000000000000000000e+00,0.000000000000000000e+00,0.000000000000000000e+00,6.428571428571429047e-01,3.259259259259258967e-01,6.898148148148148806e-01,7.368421052631580759e-01,6.249999999999998890e-01,3.448275862068971853e-01,7.142857142857143016e-01,7.500000000000000000e-01,0.000000000000000000e+00,0.000000000000000000e+00,7.500000000000000000e-01,4.628099173553713586e-01,6.666666666666667407e-01,0.000000000000000000e+00,0.000000000000000000e+00,0.000000000000000000e+00,0.000000000000000000e+00,0.000000000000000000e+00
0.000000000000000000e+00,9.923664122137404453e-01,0.000000000000000000e+00,0.000000000000000000e+00,0.000000000000000000e+00,1.818181818181817955e-01,9.166666666666665186e-01,1.040462427745665469e-01,0.000000000000000000e+00,5.000000000000000000e-01,0.000000000000000000e+00,0.000000000000000000e+00,0.000000000000000000e+00,0.000000000000000000e+00,0.000000000000000000e+00,0.000000000000000000e+00,9.906933457422055778e-01,9.537987679671459107e-01,4.082397003745317221e-01,0.000000000000000000e+00,1.000000000000000000e+00,0.000000000000000000e+00,4.999999999999998890e-01,0.000000000000000000e+00,1.000000000000000000e+00,4.999999999999997224e-01,3.490566037735849947e-01,6.363636363636363535e-01,5.805243445692879339e-02,0.000000000000000000e+00,0.000000000000000000e+00,0.000000000000000000e+00,0.000000000000000000e+00,0.000000000000000000e+00,6.428571428571429047e-01,3.259259259259258967e-01,6.898148148148148806e-01,7.368421052631580759e-01,3.750000000000000000e-01,5.862068965517233110e-01,7.142857142857143016e-01,7.500000000000000000e-01,0.000000000000000000e+00,0.000000000000000000e+00,7.500000000000000000e-01,4.628099173553713586e-01,6.666666666666667407e-01,0.000000000000000000e+00,0.000000000000000000e+00,0.000000000000000000e+00,0.000000000000000000e+00,0.000000000000000000e+00
0.000000000000000000e+00,9.923664122137404453e-01,0.000000000000000000e+00,0.000000000000000000e+00,0.000000000000000000e+00,1.818181818181817955e-01,9.166666666666665186e-01,1.040462427745665469e-01,0.000000000000000000e+00,5.000000000000000000e-01,0.000000000000000000e+00,0.000000000000000000e+00,0.000000000000000000e+00,0.000000000000000000e+00,0.000000000000000000e+00,0.000000000000000000e+00,9.906933457422055778e-01,9.537987679671459107e-01,4.044943820224718434e-01,0.000000000000000000e+00,1.000000000000000000e+00,0.000000000000000000e+00,4.999999999999998890e-01,0.000000000000000000e+00,1.000000000000000000e+00,4.999999999999997224e-01,3.490566037735849947e-01,6.363636363636363535e-01,5.992509363295876051e-02,0.000000000000000000e+00,0.000000000000000000e+00,0.000000000000000000e+00,0.000000000000000000e+00,0.000000000000000000e+00,6.428571428571429047e-01,3.259259259259258967e-01,6.898148148148148806e-01,7.368421052631580759e-01,3.750000000000000000e-01,5.344827586206888359e-01,7.142857142857143016e-01,7.500000000000000000e-01,0.000000000000000000e+00,0.000000000000000000e+00,7.500000000000000000e-01,4.628099173553713586e-01,6.666666666666667407e-01,0.000000000000000000e+00,0.000000000000000000e+00,0.000000000000000000e+00,0.000000000000000000e+00,0.000000000000000000e+00
0.000000000000000000e+00,9.923664122137404453e-01,0.000000000000000000e+00,0.000000000000000000e+00,0.000000000000000000e+00,1.818181818181817955e-01,9.166666666666665186e-01,1.040462427745665469e-01,0.000000000000000000e+00,5.000000000000000000e-01,0.000000000000000000e+00,0.000000000000000000e+00,0.000000000000000000e+00,0.000000000000000000e+00,0.000000000000000000e+00,0.000000000000000000e+00,9.906933457422055778e-01,9.537987679671459107e-01,4.044943820224718434e-01,0.000000000000000000e+00,1.000000000000000000e+00,0.000000000000000000e+00,4.999999999999998890e-01,0.000000000000000000e+00,1.000000000000000000e+00,4.999999999999997224e-01,3.490566037735849947e-01,6.363636363636363535e-01,5.992509363295876051e-02,0.000000000000000000e+00,0.000000000000000000e+00,0.000000000000000000e+00,0.000000000000000000e+00,0.000000000000000000e+00,6.428571428571429047e-01,3.259259259259258967e-01,6.759259259259258190e-01,7.368421052631580759e-01,3.750000000000000000e-01,4.827586206896560816e-01,7.142857142857143016e-01,7.500000000000000000e-01,0.000000000000000000e+00,0.000000000000000000e+00,7.500000000000000000e-01,4.628099173553713586e-01,6.666666666666667407e-01,0.000000000000000000e+00,0.000000000000000000e+00,0.000000000000000000e+00,0.000000000000000000e+00,0.000000000000000000e+00
0.000000000000000000e+00,9.923664122137404453e-01,0.000000000000000000e+00,0.000000000000000000e+00,0.000000000000000000e+00,1.818181818181817955e-01,9.166666666666665186e-01,1.040462427745665469e-01,0.000000000000000000e+00,5.000000000000000000e-01,0.000000000000000000e+00,0.000000000000000000e+00,0.000000000000000000e+00,0.000000000000000000e+00,0.000000000000000000e+00,0.000000000000000000e+00,9.906933457422055778e-01,9.537987679671459107e-01,4.007490636704119091e-01,0.000000000000000000e+00,1.000000000000000000e+00,0.000000000000000000e+00,4.999999999999998890e-01,0.000000000000000000e+00,1.000000000000000000e+00,4.999999999999997224e-01,3.490566037735849947e-01,5.454545454545454142e-01,5.805243445692879339e-02,0.000000000000000000e+00,0.000000000000000000e+00,0.000000000000000000e+00,0.000000000000000000e+00,0.000000000000000000e+00,6.428571428571429047e-01,3.259259259259258967e-01,6.759259259259258190e-01,7.368421052631580759e-01,3.750000000000000000e-01,5.344827586206888359e-01,7.142857142857143016e-01,7.500000000000000000e-01,0.000000000000000000e+00,0.000000000000000000e+00,7.500000000000000000e-01,4.628099173553713586e-01,6.666666666666667407e-01,0.000000000000000000e+00,0.000000000000000000e+00,0.000000000000000000e+00,0.000000000000000000e+00,0.000000000000000000e+00
0.000000000000000000e+00,9.961832061068702782e-01,0.000000000000000000e+00,0.000000000000000000e+00,0.000000000000000000e+00,1.818181818181817955e-01,9.166666666666665186e-01,1.040462427745665469e-01,0.000000000000000000e+00,5.000000000000000000e-01,0.000000000000000000e+00,0.000000000000000000e+00,0.000000000000000000e+00,0.000000000000000000e+00,0.000000000000000000e+00,0.000000000000000000e+00,9.906933457422055778e-01,9.537987679671459107e-01,4.007490636704119091e-01,0.000000000000000000e+00,1.000000000000000000e+00,0.000000000000000000e+00,4.999999999999998890e-01,0.000000000000000000e+00,1.000000000000000000e+00,4.999999999999997224e-01,3.490566037735849947e-01,4.545454545454545303e-01,5.805243445692879339e-02,0.000000000000000000e+00,0.000000000000000000e+00,0.000000000000000000e+00,0.000000000000000000e+00,0.000000000000000000e+00,6.428571428571429047e-01,3.259259259259258967e-01,6.759259259259258190e-01,7.368421052631580759e-01,5.000000000000000000e-01,6.034482758620682841e-01,7.142857142857143016e-01,7.500000000000000000e-01,0.000000000000000000e+00,0.000000000000000000e+00,7.500000000000000000e-01,4.628099173553713586e-01,6.666666666666667407e-01,0.000000000000000000e+00,0.000000000000000000e+00,0.000000000000000000e+00,0.000000000000000000e+00,0.000000000000000000e+00
0.000000000000000000e+00,9.923664122137404453e-01,0.000000000000000000e+00,0.000000000000000000e+00,0.000000000000000000e+00,1.818181818181817955e-01,9.166666666666665186e-01,1.040462427745665469e-01,0.000000000000000000e+00,5.000000000000000000e-01,0.000000000000000000e+00,0.000000000000000000e+00,0.000000000000000000e+00,0.000000000000000000e+00,0.000000000000000000e+00,0.000000000000000000e+00,9.906933457422055778e-01,9.537987679671459107e-01,3.970037453183519749e-01,0.000000000000000000e+00,1.000000000000000000e+00,0.000000000000000000e+00,4.999999999999998890e-01,0.000000000000000000e+00,1.000000000000000000e+00,4.999999999999997224e-01,3.490566037735849947e-01,4.545454545454545303e-01,5.992509363295876051e-02,0.000000000000000000e+00,0.000000000000000000e+00,0.000000000000000000e+00,0.000000000000000000e+00,0.000000000000000000e+00,6.428571428571429047e-01,3.259259259259258967e-01,6.759259259259258190e-01,7.368421052631580759e-01,5.000000000000000000e-01,6.206896551724130351e-01,7.142857142857143016e-01,7.500000000000000000e-01,0.000000000000000000e+00,0.000000000000000000e+00,7.500000000000000000e-01,4.628099173553713586e-01,6.666666666666667407e-01,0.000000000000000000e+00,0.000000000000000000e+00,0.000000000000000000e+00,0.000000000000000000e+00,0.000000000000000000e+00
0.000000000000000000e+00,9.923664122137404453e-01,0.000000000000000000e+00,0.000000000000000000e+00,0.000000000000000000e+00,1.818181818181817955e-01,9.444444444444444198e-01,1.040462427745665469e-01,0.000000000000000000e+00,5.000000000000000000e-01,0.000000000000000000e+00,0.000000000000000000e+00,0.000000000000000000e+00,0.000000000000000000e+00,0.000000000000000000e+00,0.000000000000000000e+00,9.906933457422055778e-01,9.537987679671459107e-01,3.932584269662920406e-01,0.000000000000000000e+00,1.000000000000000000e+00,0.000000000000000000e+00,4.999999999999998890e-01,0.000000000000000000e+00,1.000000000000000000e+00,4.999999999999997224e-01,4.009433962264150053e-01,3.636363636363635909e-01,5.992509363295876051e-02,0.000000000000000000e+00,0.000000000000000000e+00,0.000000000000000000e+00,0.000000000000000000e+00,0.000000000000000000e+00,6.428571428571429047e-01,3.259259259259258967e-01,6.759259259259258190e-01,7.368421052631580759e-01,5.000000000000000000e-01,6.206896551724130351e-01,7.142857142857143016e-01,7.500000000000000000e-01,0.000000000000000000e+00,0.000000000000000000e+00,1.000000000000000000e+00,4.628099173553713586e-01,8.333333333333333703e-01,0.000000000000000000e+00,0.000000000000000000e+00,0.000000000000000000e+00,0.000000000000000000e+00,0.000000000000000000e+00
0.000000000000000000e+00,9.961832061068702782e-01,0.000000000000000000e+00,0.000000000000000000e+00,0.000000000000000000e+00,1.818181818181817955e-01,9.444444444444444198e-01,1.040462427745665469e-01,0.000000000000000000e+00,5.000000000000000000e-01,0.000000000000000000e+00,0.000000000000000000e+00,0.000000000000000000e+00,0.000000000000000000e+00,0.000000000000000000e+00,0.000000000000000000e+00,9.906933457422055778e-01,9.537987679671459107e-01,3.932584269662920406e-01,0.000000000000000000e+00,1.000000000000000000e+00,0.000000000000000000e+00,4.999999999999998890e-01,0.000000000000000000e+00,1.000000000000000000e+00,4.999999999999997224e-01,4.009433962264150053e-01,2.727272727272727071e-01,5.992509363295876051e-02,0.000000000000000000e+00,0.000000000000000000e+00,0.000000000000000000e+00,0.000000000000000000e+00,0.000000000000000000e+00,6.428571428571429047e-01,3.259259259259258967e-01,6.759259259259258190e-01,7.368421052631580759e-01,5.000000000000000000e-01,4.827586206896560816e-01,7.142857142857143016e-01,7.500000000000000000e-01,0.000000000000000000e+00,0.000000000000000000e+00,1.000000000000000000e+00,4.628099173553713586e-01,8.333333333333333703e-01,0.000000000000000000e+00,0.000000000000000000e+00,0.000000000000000000e+00,0.000000000000000000e+00,0.000000000000000000e+00
0.000000000000000000e+00,9.961832061068702782e-01,0.000000000000000000e+00,0.000000000000000000e+00,0.000000000000000000e+00,1.818181818181817955e-01,9.444444444444444198e-01,1.040462427745665469e-01,0.000000000000000000e+00,5.000000000000000000e-01,0.000000000000000000e+00,0.000000000000000000e+00,0.000000000000000000e+00,0.000000000000000000e+00,0.000000000000000000e+00,0.000000000000000000e+00,9.906933457422055778e-01,9.537987679671459107e-01,3.895131086142321619e-01,0.000000000000000000e+00,1.000000000000000000e+00,0.000000000000000000e+00,4.999999999999998890e-01,0.000000000000000000e+00,1.000000000000000000e+00,4.999999999999997224e-01,4.009433962264150053e-01,1.818181818181817955e-01,5.805243445692879339e-02,0.000000000000000000e+00,0.000000000000000000e+00,0.000000000000000000e+00,0.000000000000000000e+00,0.000000000000000000e+00,6.428571428571429047e-01,3.259259259259258967e-01,6.759259259259258190e-01,7.368421052631580759e-01,5.000000000000000000e-01,3.620689655172420474e-01,7.142857142857143016e-01,7.500000000000000000e-01,0.000000000000000000e+00,0.000000000000000000e+00,1.000000000000000000e+00,4.628099173553713586e-01,8.333333333333333703e-01,0.000000000000000000e+00,0.000000000000000000e+00,0.000000000000000000e+00,0.000000000000000000e+00,0.000000000000000000e+00
0.000000000000000000e+00,9.961832061068702782e-01,0.000000000000000000e+00,0.000000000000000000e+00,0.000000000000000000e+00,1.818181818181817955e-01,9.444444444444444198e-01,1.040462427745665469e-01,0.000000000000000000e+00,5.000000000000000000e-01,0.000000000000000000e+00,0.000000000000000000e+00,0.000000000000000000e+00,0.000000000000000000e+00,0.000000000000000000e+00,0.000000000000000000e+00,9.906933457422055778e-01,9.537987679671459107e-01,3.895131086142321619e-01,0.000000000000000000e+00,1.000000000000000000e+00,0.000000000000000000e+00,4.999999999999998890e-01,0.000000000000000000e+00,1.000000000000000000e+00,4.999999999999997224e-01,4.009433962264150053e-01,1.818181818181817955e-01,5.992509363295876051e-02,0.000000000000000000e+00,0.000000000000000000e+00,0.000000000000000000e+00,0.000000000000000000e+00,0.000000000000000000e+00,6.428571428571429047e-01,3.370370370370373569e-01,6.620370370370369795e-01,7.368421052631580759e-01,5.000000000000000000e-01,3.448275862068971853e-01,7.142857142857143016e-01,7.500000000000000000e-01,0.000000000000000000e+00,0.000000000000000000e+00,1.000000000000000000e+00,4.628099173553713586e-01,8.333333333333333703e-01,0.000000000000000000e+00,0.000000000000000000e+00,0.000000000000000000e+00,0.000000000000000000e+00,0.000000000000000000e+00
0.000000000000000000e+00,9.961832061068702782e-01,0.000000000000000000e+00,0.000000000000000000e+00,0.000000000000000000e+00,1.818181818181817955e-01,9.444444444444444198e-01,1.040462427745665469e-01,0.000000000000000000e+00,5.000000000000000000e-01,0.000000000000000000e+00,0.000000000000000000e+00,0.000000000000000000e+00,0.000000000000000000e+00,0.000000000000000000e+00,0.000000000000000000e+00,9.906933457422055778e-01,9.548254620123204361e-01,3.857677902621721722e-01,0.000000000000000000e+00,1.000000000000000000e+00,0.000000000000000000e+00,4.999999999999998890e-01,0.000000000000000000e+00,1.000000000000000000e+00,4.999999999999997224e-01,4.009433962264150053e-01,3.636363636363635909e-01,5.992509363295876051e-02,0.000000000000000000e+00,0.000000000000000000e+00,0.000000000000000000e+00,0.000000000000000000e+00,0.000000000000000000e+00,6.428571428571429047e-01,3.370370370370373569e-01,6.527777777777777901e-01,5.438596491228073759e-01,5.000000000000000000e-01,4.310344827586214955e-01,7.142857142857143016e-01,7.500000000000000000e-01,0.000000000000000000e+00,0.000000000000000000e+00,1.000000000000000000e+00,8.677685950413221994e-01,8.333333333333333703e-01,0.000000000000000000e+00,0.000000000000000000e+00,0.000000000000000000e+00,0.000000000000000000e+00,0.000000000000000000e+00
0.000000000000000000e+00,9.961832061068702782e-01,0.000000000000000000e+00,0.000000000000000000e+00,0.000000000000000000e+00,1.818181818181817955e-01,9.444444444444444198e-01,1.040462427745665469e-01,0.000000000000000000e+00,5.000000000000000000e-01,0.000000000000000000e+00,0.000000000000000000e+00,0.000000000000000000e+00,0.000000000000000000e+00,0.000000000000000000e+00,0.000000000000000000e+00,9.906933457422055778e-01,9.548254620123204361e-01,3.857677902621721722e-01,0.000000000000000000e+00,1.000000000000000000e+00,0.000000000000000000e+00,4.999999999999998890e-01,0.000000000000000000e+00,1.000000000000000000e+00,4.999999999999997224e-01,4.009433962264150053e-01,3.636363636363635909e-01,5.992509363295876051e-02,0.000000000000000000e+00,0.000000000000000000e+00,0.000000000000000000e+00,0.000000000000000000e+00,0.000000000000000000e+00,6.428571428571429047e-01,3.370370370370373569e-01,6.527777777777777901e-01,5.043859649122804933e-01,5.000000000000000000e-01,3.793103448275869649e-01,1.428571428571428770e-01,7.500000000000000000e-01,0.000000000000000000e+00,0.000000000000000000e+00,1.000000000000000000e+00,8.677685950413221994e-01,8.333333333333333703e-01,0.000000000000000000e+00,0.000000000000000000e+00,0.000000000000000000e+00,0.000000000000000000e+00,0.000000000000000000e+00
0.000000000000000000e+00,9.961832061068702782e-01,0.000000000000000000e+00,0.000000000000000000e+00,0.000000000000000000e+00,1.818181818181817955e-01,9.444444444444444198e-01,1.040462427745665469e-01,0.000000000000000000e+00,5.000000000000000000e-01,0.000000000000000000e+00,0.000000000000000000e+00,0.000000000000000000e+00,0.000000000000000000e+00,0.000000000000000000e+00,0.000000000000000000e+00,9.930200093066542388e-01,9.548254620123204361e-01,3.820224719101122934e-01,0.000000000000000000e+00,1.000000000000000000e+00,0.000000000000000000e+00,4.999999999999998890e-01,0.000000000000000000e+00,1.000000000000000000e+00,4.999999999999997224e-01,4.009433962264150053e-01,5.454545454545454142e-01,5.992509363295876051e-02,0.000000000000000000e+00,0.000000000000000000e+00,0.000000000000000000e+00,0.000000000000000000e+00,0.000000000000000000e+00,6.428571428571429047e-01,3.370370370370373569e-01,6.527777777777777901e-01,5.043859649122804933e-01,6.249999999999998890e-01,3.275862068965523233e-01,1.428571428571428770e-01,7.500000000000000000e-01,0.000000000000000000e+00,0.000000000000000000e+00,1.000000000000000000e+00,8.677685950413221994e-01,8.333333333333333703e-01,0.000000000000000000e+00,0.000000000000000000e+00,0.000000000000000000e+00,0.000000000000000000e+00,0.000000000000000000e+00
0.000000000000000000e+00,9.961832061068702782e-01,0.000000000000000000e+00,0.000000000000000000e+00,0.000000000000000000e+00,1.818181818181817955e-01,9.444444444444444198e-01,1.040462427745665469e-01,0.000000000000000000e+00,5.000000000000000000e-01,0.000000000000000000e+00,0.000000000000000000e+00,0.000000000000000000e+00,0.000000000000000000e+00,0.000000000000000000e+00,0.000000000000000000e+00,9.930200093066542388e-01,9.548254620123204361e-01,3.820224719101122934e-01,0.000000000000000000e+00,1.000000000000000000e+00,0.000000000000000000e+00,4.999999999999998890e-01,0.000000000000000000e+00,1.000000000000000000e+00,4.999999999999997224e-01,4.009433962264150053e-01,6.363636363636363535e-01,5.992509363295876051e-02,0.000000000000000000e+00,0.000000000000000000e+00,0.000000000000000000e+00,0.000000000000000000e+00,0.000000000000000000e+00,6.428571428571429047e-01,3.370370370370373569e-01,6.527777777777777901e-01,5.043859649122804933e-01,6.249999999999998890e-01,2.586206896551728751e-01,1.428571428571428770e-01,7.500000000000000000e-01,0.000000000000000000e+00,0.000000000000000000e+00,1.000000000000000000e+00,8.677685950413221994e-01,8.333333333333333703e-01,0.000000000000000000e+00,0.000000000000000000e+00,0.000000000000000000e+00,0.000000000000000000e+00,0.000000000000000000e+00
0.000000000000000000e+00,9.961832061068702782e-01,0.000000000000000000e+00,0.000000000000000000e+00,0.000000000000000000e+00,1.818181818181817955e-01,9.444444444444444198e-01,1.040462427745665469e-01,0.000000000000000000e+00,5.000000000000000000e-01,0.000000000000000000e+00,0.000000000000000000e+00,0.000000000000000000e+00,0.000000000000000000e+00,0.000000000000000000e+00,0.000000000000000000e+00,9.883666821777570277e-01,9.548254620123204361e-01,3.782771535580523592e-01,0.000000000000000000e+00,1.000000000000000000e+00,0.000000000000000000e+00,4.999999999999998890e-01,0.000000000000000000e+00,1.000000000000000000e+00,4.999999999999997224e-01,4.009433962264150053e-01,7.272727272727271819e-01,5.992509363295876051e-02,0.000000000000000000e+00,0.000000000000000000e+00,0.000000000000000000e+00,0.000000000000000000e+00,0.000000000000000000e+00,6.428571428571429047e-01,3.370370370370373569e-01,6.527777777777777901e-01,5.043859649122804933e-01,6.249999999999998890e-01,2.586206896551728751e-01,1.428571428571428770e-01,7.500000000000000000e-01,0.000000000000000000e+00,0.000000000000000000e+00,1.000000000000000000e+00,8.016528925619833545e-01,8.333333333333333703e-01,0.000000000000000000e+00,0.000000000000000000e+00,0.000000000000000000e+00,0.000000000000000000e+00,0.000000000000000000e+00
0.000000000000000000e+00,9.961832061068702782e-01,0.000000000000000000e+00,0.000000000000000000e+00,0.000000000000000000e+00,1.818181818181817955e-01,9.444444444444444198e-01,1.040462427745665469e-01,0.000000000000000000e+00,5.000000000000000000e-01,0.000000000000000000e+00,0.000000000000000000e+00,0.000000000000000000e+00,0.000000000000000000e+00,0.000000000000000000e+00,0.000000000000000000e+00,9.860400186133084777e-01,9.548254620123204361e-01,3.782771535580523592e-01,0.000000000000000000e+00,1.000000000000000000e+00,0.000000000000000000e+00,4.999999999999998890e-01,0.000000000000000000e+00,1.000000000000000000e+00,4.999999999999997224e-01,4.009433962264150053e-01,8.181818181818181213e-01,5.805243445692879339e-02,0.000000000000000000e+00,0.000000000000000000e+00,0.000000000000000000e+00,0.000000000000000000e+00,0.000000000000000000e+00,6.428571428571429047e-01,3.370370370370373569e-01,6.527777777777777901e-01,5.043859649122804933e-01,6.249999999999998890e-01,3.275862068965523233e-01,1.428571428571428770e-01,7.500000000000000000e-01,0.000000000000000000e+00,0.000000000000000000e+00,1.000000000000000000e+00,2.644628099173546576e-01,8.333333333333333703e-01,0.000000000000000000e+00,0.000000000000000000e+00,0.000000000000000000e+00,0.000000000000000000e+00,0.000000000000000000e+00
0.000000000000000000e+00,9.961832061068702782e-01,0.000000000000000000e+00,0.000000000000000000e+00,0.000000000000000000e+00,1.818181818181817955e-01,9.444444444444444198e-01,1.040462427745665469e-01,0.000000000000000000e+00,5.000000000000000000e-01,0.000000000000000000e+00,0.000000000000000000e+00,0.000000000000000000e+00,0.000000000000000000e+00,0.000000000000000000e+00,0.000000000000000000e+00,9.860400186133084777e-01,9.548254620123204361e-01,3.782771535580523592e-01,0.000000000000000000e+00,1.000000000000000000e+00,0.000000000000000000e+00,4.999999999999998890e-01,0.000000000000000000e+00,1.000000000000000000e+00,4.999999999999997224e-01,4.009433962264150053e-01,6.363636363636363535e-01,5.805243445692879339e-02,0.000000000000000000e+00,0.000000000000000000e+00,0.000000000000000000e+00,0.000000000000000000e+00,0.000000000000000000e+00,6.428571428571429047e-01,3.370370370370373569e-01,6.527777777777777901e-01,5.043859649122804933e-01,6.249999999999998890e-01,4.482758620689663576e-01,1.428571428571428770e-01,7.500000000000000000e-01,0.000000000000000000e+00,0.000000000000000000e+00,7.500000000000000000e-01,2.644628099173546576e-01,8.333333333333333703e-01,0.000000000000000000e+00,0.000000000000000000e+00,0.000000000000000000e+00,0.000000000000000000e+00,0.000000000000000000e+00
0.000000000000000000e+00,9.961832061068702782e-01,0.000000000000000000e+00,0.000000000000000000e+00,0.000000000000000000e+00,1.818181818181817955e-01,9.444444444444444198e-01,1.040462427745665469e-01,0.000000000000000000e+00,5.000000000000000000e-01,0.000000000000000000e+00,0.000000000000000000e+00,0.000000000000000000e+00,0.000000000000000000e+00,0.000000000000000000e+00,0.000000000000000000e+00,9.837133550488598166e-01,9.548254620123204361e-01,3.745318352059923694e-01,0.000000000000000000e+00,1.000000000000000000e+00,0.000000000000000000e+00,4.999999999999998890e-01,0.000000000000000000e+00,1.000000000000000000e+00,4.999999999999997224e-01,4.009433962264150053e-01,6.363636363636363535e-01,5.805243445692879339e-02,0.000000000000000000e+00,0.000000000000000000e+00,0.000000000000000000e+00,0.000000000000000000e+00,0.000000000000000000e+00,6.428571428571429047e-01,3.370370370370373569e-01,6.527777777777777901e-01,5.043859649122804933e-01,6.249999999999998890e-01,5.689655172413785600e-01,2.857142857142857539e-01,7.500000000000000000e-01,0.000000000000000000e+00,0.000000000000000000e+00,7.500000000000000000e-01,2.644628099173546576e-01,8.333333333333333703e-01,0.000000000000000000e+00,0.000000000000000000e+00,0.000000000000000000e+00,0.000000000000000000e+00,0.000000000000000000e+00
0.000000000000000000e+00,1.000000000000000000e+00,0.000000000000000000e+00,0.000000000000000000e+00,0.000000000000000000e+00,1.818181818181817955e-01,9.722222222222220989e-01,1.040462427745665469e-01,0.000000000000000000e+00,5.000000000000000000e-01,0.000000000000000000e+00,0.000000000000000000e+00,0.000000000000000000e+00,0.000000000000000000e+00,0.000000000000000000e+00,0.000000000000000000e+00,9.837133550488598166e-01,9.548254620123204361e-01,3.745318352059923694e-01,0.000000000000000000e+00,1.000000000000000000e+00,0.000000000000000000e+00,4.999999999999998890e-01,0.000000000000000000e+00,1.000000000000000000e+00,4.999999999999997224e-01,4.009433962264150053e-01,6.363636363636363535e-01,5.805243445692879339e-02,0.000000000000000000e+00,0.000000000000000000e+00,0.000000000000000000e+00,0.000000000000000000e+00,0.000000000000000000e+00,6.428571428571429047e-01,3.370370370370373569e-01,6.203703703703703498e-01,5.043859649122804933e-01,6.249999999999998890e-01,5.344827586206888359e-01,5.714285714285715079e-01,7.500000000000000000e-01,0.000000000000000000e+00,0.000000000000000000e+00,7.500000000000000000e-01,5.371900826446276422e-01,8.333333333333333703e-01,0.000000000000000000e+00,0.000000000000000000e+00,0.000000000000000000e+00,0.000000000000000000e+00,0.000000000000000000e+00
0.000000000000000000e+00,1.000000000000000000e+00,0.000000000000000000e+00,0.000000000000000000e+00,0.000000000000000000e+00,1.818181818181817955e-01,9.722222222222220989e-01,1.040462427745665469e-01,0.000000000000000000e+00,5.000000000000000000e-01,0.000000000000000000e+00,0.000000000000000000e+00,0.000000000000000000e+00,0.000000000000000000e+00,0.000000000000000000e+00,0.000000000000000000e+00,9.860400186133084777e-01,9.548254620123204361e-01,3.745318352059923694e-01,0.000000000000000000e+00,1.000000000000000000e+00,0.000000000000000000e+00,4.999999999999998890e-01,0.000000000000000000e+00,1.000000000000000000e+00,4.999999999999997224e-01,4.009433962264150053e-01,6.363636363636363535e-01,5.805243445692879339e-02,0.000000000000000000e+00,0.000000000000000000e+00,0.000000000000000000e+00,0.000000000000000000e+00,0.000000000000000000e+00,6.428571428571429047e-01,3.370370370370373569e-01,6.203703703703703498e-01,5.043859649122804933e-01,5.000000000000000000e-01,6.034482758620682841e-01,5.714285714285715079e-01,7.500000000000000000e-01,0.000000000000000000e+00,0.000000000000000000e+00,7.500000000000000000e-01,5.371900826446276422e-01,6.666666666666667407e-01,0.000000000000000000e+00,0.000000000000000000e+00,0.000000000000000000e+00,0.000000000000000000e+00,0.000000000000000000e+00
0.000000000000000000e+00,1.000000000000000000e+00,0.000000000000000000e+00,0.000000000000000000e+00,0.000000000000000000e+00,1.818181818181817955e-01,9.722222222222220989e-01,1.040462427745665469e-01,0.000000000000000000e+00,5.000000000000000000e-01,0.000000000000000000e+00,0.000000000000000000e+00,0.000000000000000000e+00,0.000000000000000000e+00,0.000000000000000000e+00,0.000000000000000000e+00,9.883666821777570277e-01,9.548254620123204361e-01,3.707865168539324907e-01,0.000000000000000000e+00,1.000000000000000000e+00,0.000000000000000000e+00,4.999999999999998890e-01,0.000000000000000000e+00,1.000000000000000000e+00,4.999999999999997224e-01,4.009433962264150053e-01,6.363636363636363535e-01,5.992509363295876051e-02,0.000000000000000000e+00,0.000000000000000000e+00,0.000000000000000000e+00,0.000000000000000000e+00,0.000000000000000000e+00,6.428571428571429047e-01,3.370370370370373569e-01,6.203703703703703498e-01,5.043859649122804933e-01,5.000000000000000000e-01,6.206896551724130351e-01,5.714285714285715079e-01,7.500000000000000000e-01,0.000000000000000000e+00,0.000000000000000000e+00,7.500000000000000000e-01,5.371900826446276422e-01,6.666666666666667407e-01,0.000000000000000000e+00,0.000000000000000000e+00,0.000000000000000000e+00,0.000000000000000000e+00,0.000000000000000000e+00
0.000000000000000000e+00,1.000000000000000000e+00,0.000000000000000000e+00,0.000000000000000000e+00,0.000000000000000000e+00,1.818181818181817955e-01,9.166666666666665186e-01,1.040462427745665469e-01,0.000000000000000000e+00,5.000000000000000000e-01,0.000000000000000000e+00,0.000000000000000000e+00,0.000000000000000000e+00,0.000000000000000000e+00,0.000000000000000000e+00,0.000000000000000000e+00,9.860400186133084777e-01,9.548254620123204361e-01,3.670411985018725010e-01,0.000000000000000000e+00,1.000000000000000000e+00,0.000000000000000000e+00,4.999999999999998890e-01,0.000000000000000000e+00,1.000000000000000000e+00,4.999999999999997224e-01,4.009433962264150053e-01,5.454545454545454142e-01,5.992509363295876051e-02,0.000000000000000000e+00,0.000000000000000000e+00,0.000000000000000000e+00,0.000000000000000000e+00,0.000000000000000000e+00,6.428571428571429047e-01,3.370370370370373569e-01,6.203703703703703498e-01,5.043859649122804933e-01,3.750000000000000000e-01,4.827586206896560816e-01,5.714285714285715079e-01,7.500000000000000000e-01,0.000000000000000000e+00,0.000000000000000000e+00,5.000000000000000000e-01,5.371900826446276422e-01,6.666666666666667407e-01,0.000000000000000000e+00,0.000000000000000000e+00,0.000000000000000000e+00,0.000000000000000000e+00,0.000000000000000000e+00
0.000000000000000000e+00,1.000000000000000000e+00,0.000000000000000000e+00,0.000000000000000000e+00,0.000000000000000000e+00,1.818181818181817955e-01,9.166666666666665186e-01,1.040462427745665469e-01,0.000000000000000000e+00,5.000000000000000000e-01,0.000000000000000000e+00,0.000000000000000000e+00,0.000000000000000000e+00,0.000000000000000000e+00,0.000000000000000000e+00,0.000000000000000000e+00,9.860400186133084777e-01,9.548254620123204361e-01,3.632958801498126222e-01,0.000000000000000000e+00,1.000000000000000000e+00,0.000000000000000000e+00,4.999999999999998890e-01,0.000000000000000000e+00,1.000000000000000000e+00,4.999999999999997224e-01,4.386792452830188815e-01,5.454545454545454142e-01,5.992509363295876051e-02,0.000000000000000000e+00,0.000000000000000000e+00,0.000000000000000000e+00,0.000000000000000000e+00,0.000000000000000000e+00,6.428571428571429047e-01,3.370370370370373569e-01,6.388888888888888395e-01,5.043859649122804933e-01,3.750000000000000000e-01,3.275862068965523233e-01,5.714285714285715079e-01,7.500000000000000000e-01,0.000000000000000000e+00,0.000000000000000000e+00,5.000000000000000000e-01,5.371900826446276422e-01,6.666666666666667407e-01,0.000000000000000000e+00,0.000000000000000000e+00,0.000000000000000000e+00,0.000000000000000000e+00,0.000000000000000000e+00
0.000000000000000000e+00,1.000000000000000000e+00,0.000000000000000000e+00,0.000000000000000000e+00,0.000000000000000000e+00,1.818181818181817955e-01,9.166666666666665186e-01,1.040462427745665469e-01,0.000000000000000000e+00,5.000000000000000000e-01,0.000000000000000000e+00,0.000000000000000000e+00,0.000000000000000000e+00,0.000000000000000000e+00,0.000000000000000000e+00,0.000000000000000000e+00,9.860400186133084777e-01,9.548254620123204361e-01,3.632958801498126222e-01,0.000000000000000000e+00,1.000000000000000000e+00,0.000000000000000000e+00,4.999999999999998890e-01,0.000000000000000000e+00,1.000000000000000000e+00,4.999999999999997224e-01,4.433962264150945187e-01,5.454545454545454142e-01,5.805243445692879339e-02,0.000000000000000000e+00,0.000000000000000000e+00,0.000000000000000000e+00,0.000000000000000000e+00,0.000000000000000000e+00,6.428571428571429047e-01,3.370370370370373569e-01,6.388888888888888395e-01,6.929824561403512551e-01,3.750000000000000000e-01,2.586206896551728751e-01,5.714285714285715079e-01,7.500000000000000000e-01,0.000000000000000000e+00,0.000000000000000000e+00,5.000000000000000000e-01,5.371900826446276422e-01,6.666666666666667407e-01,0.000000000000000000e+00,0.000000000000000000e+00,0.000000000000000000e+00,0.000000000000000000e+00,0.000000000000000000e+00
0.000000000000000000e+00,1.000000000000000000e+00,0.000000000000000000e+00,0.000000000000000000e+00,0.000000000000000000e+00,1.818181818181817955e-01,9.166666666666665186e-01,1.040462427745665469e-01,0.000000000000000000e+00,5.000000000000000000e-01,0.000000000000000000e+00,0.000000000000000000e+00,0.000000000000000000e+00,0.000000000000000000e+00,0.000000000000000000e+00,0.000000000000000000e+00,9.860400186133084777e-01,9.548254620123204361e-01,3.595505617977526880e-01,0.000000000000000000e+00,1.000000000000000000e+00,0.000000000000000000e+00,4.999999999999998890e-01,0.000000000000000000e+00,1.000000000000000000e+00,4.999999999999997224e-01,4.433962264150945187e-01,5.454545454545454142e-01,5.805243445692879339e-02,0.000000000000000000e+00,0.000000000000000000e+00,0.000000000000000000e+00,0.000000000000000000e+00,0.000000000000000000e+00,7.857142857142858094e-01,2.962962962962964464e-01,6.388888888888888395e-01,6.929824561403512551e-01,3.750000000000000000e-01,2.586206896551728751e-01,5.714285714285715079e-01,7.500000000000000000e-01,0.000000000000000000e+00,0.000000000000000000e+00,5.000000000000000000e-01,5.371900826446276422e-01,6.666666666666667407e-01,0.000000000000000000e+00,0.000000000000000000e+00,0.000000000000000000e+00,0.000000000000000000e+00,0.000000000000000000e+00
0.000000000000000000e+00,1.000000000000000000e+00,0.000000000000000000e+00,0.000000000000000000e+00,0.000000000000000000e+00,1.818181818181817955e-01,9.166666666666665186e-01,1.040462427745665469e-01,0.000000000000000000e+00,5.000000000000000000e-01,0.000000000000000000e+00,0.000000000000000000e+00,0.000000000000000000e+00,0.000000000000000000e+00,0.000000000000000000e+00,0.000000000000000000e+00,9.860400186133084777e-01,9.537987679671459107e-01,3.595505617977526880e-01,0.000000000000000000e+00,1.000000000000000000e+00,0.000000000000000000e+00,4.999999999999998890e-01,0.000000000000000000e+00,1.000000000000000000e+00,4.999999999999997224e-01,4.433962264150945187e-01,5.454545454545454142e-01,5.805243445692879339e-02,0.000000000000000000e+00,0.000000000000000000e+00,0.000000000000000000e+00,0.000000000000000000e+00,0.000000000000000000e+00,7.857142857142858094e-01,2.962962962962964464e-01,6.388888888888888395e-01,6.929824561403512551e-01,3.750000000000000000e-01,4.482758620689663576e-01,8.571428571428570953e-01,7.500000000000000000e-01,0.000000000000000000e+00,0.000000000000000000e+00,5.000000000000000000e-01,5.371900826446276422e-01,6.666666666666667407e-01,0.000000000000000000e+00,0.000000000000000000e+00,0.000000000000000000e+00,0.000000000000000000e+00,0.000000000000000000e+00
0.000000000000000000e+00,1.000000000000000000e+00,0.000000000000000000e+00,0.000000000000000000e+00,0.000000000000000000e+00,1.818181818181817955e-01,9.166666666666665186e-01,1.098265895953758203e-01,0.000000000000000000e+00,5.000000000000000000e-01,0.000000000000000000e+00,0.000000000000000000e+00,0.000000000000000000e+00,0.000000000000000000e+00,0.000000000000000000e+00,0.000000000000000000e+00,9.860400186133084777e-01,9.527720739219713852e-01,3.558052434456927537e-01,0.000000000000000000e+00,1.000000000000000000e+00,0.000000000000000000e+00,4.999999999999998890e-01,0.000000000000000000e+00,1.000000000000000000e+00,4.999999999999997224e-01,4.433962264150945187e-01,5.454545454545454142e-01,5.805243445692879339e-02,0.000000000000000000e+00,0.000000000000000000e+00,0.000000000000000000e+00,0.000000000000000000e+00,0.000000000000000000e+00,7.857142857142858094e-01,2.962962962962964464e-01,6.388888888888888395e-01,6.929824561403512551e-01,5.000000000000000000e-01,5.862068965517233110e-01,8.571428571428570953e-01,7.500000000000000000e-01,0.000000000000000000e+00,0.000000000000000000e+00,5.000000000000000000e-01,5.371900826446276422e-01,6.666666666666667407e-01,0.000000000000000000e+00,0.000000000000000000e+00,0.000000000000000000e+00,0.000000000000000000e+00,0.000000000000000000e+00
0.000000000000000000e+00,1.000000000000000000e+00,0.000000000000000000e+00,0.000000000000000000e+00,0.000000000000000000e+00,1.818181818181817955e-01,8.888888888888885065e-01,1.098265895953758203e-01,0.000000000000000000e+00,5.000000000000000000e-01,0.000000000000000000e+00,0.000000000000000000e+00,0.000000000000000000e+00,0.000000000000000000e+00,0.000000000000000000e+00,0.000000000000000000e+00,9.883666821777570277e-01,9.527720739219713852e-01,3.520599250936328195e-01,0.000000000000000000e+00,1.000000000000000000e+00,0.000000000000000000e+00,4.999999999999998890e-01,0.000000000000000000e+00,1.000000000000000000e+00,4.999999999999997224e-01,4.433962264150945187e-01,4.545454545454545303e-01,5.992509363295876051e-02,0.000000000000000000e+00,0.000000000000000000e+00,0.000000000000000000e+00,0.000000000000000000e+00,0.000000000000000000e+00,7.857142857142858094e-01,2.962962962962964464e-01,6.388888888888888395e-01,6.929824561403512551e-01,6.249999999999998890e-01,7.068965517241374563e-01,8.571428571428570953e-01,7.500000000000000000e-01,0.000000000000000000e+00,0.000000000000000000e+00,5.000000000000000000e-01,5.371900826446276422e-01,6.666666666666667407e-01,0.000000000000000000e+00,0.000000000000000000e+00,0.000000000000000000e+00,0.000000000000000000e+00,0.000000000000000000e+00
0.000000000000000000e+00,1.000000000000000000e+00,0.000000000000000000e+00,0.000000000000000000e+00,0.000000000000000000e+00,1.818181818181817955e-01,8.888888888888885065e-01,1.098265895953758203e-01,0.000000000000000000e+00,5.000000000000000000e-01,0.000000000000000000e+00,0.000000000000000000e+00,0.000000000000000000e+00,0.000000000000000000e+00,0.000000000000000000e+00,0.000000000000000000e+00,9.883666821777570277e-01,9.527720739219713852e-01,3.483146067415728853e-01,0.000000000000000000e+00,1.000000000000000000e+00,0.000000000000000000e+00,4.999999999999998890e-01,0.000000000000000000e+00,1.000000000000000000e+00,4.999999999999997224e-01,4.433962264150945187e-01,3.636363636363635909e-01,5.992509363295876051e-02,0.000000000000000000e+00,0.000000000000000000e+00,0.000000000000000000e+00,0.000000000000000000e+00,0.000000000000000000e+00,7.857142857142858094e-01,2.962962962962964464e-01,6.388888888888888395e-01,6.929824561403512551e-01,6.249999999999998890e-01,7.241379310344822073e-01,8.571428571428570953e-01,9.166666666666667407e-01,0.000000000000000000e+00,0.000000000000000000e+00,5.000000000000000000e-01,5.371900826446276422e-01,6.666666666666667407e-01,0.000000000000000000e+00,0.000000000000000000e+00,0.000000000000000000e+00,0.000000000000000000e+00,0.000000000000000000e+00
0.000000000000000000e+00,1.000000000000000000e+00,0.000000000000000000e+00,0.000000000000000000e+00,0.000000000000000000e+00,1.818181818181817955e-01,8.888888888888885065e-01,1.098265895953758203e-01,0.000000000000000000e+00,5.000000000000000000e-01,0.000000000000000000e+00,0.000000000000000000e+00,0.000000000000000000e+00,0.000000000000000000e+00,0.000000000000000000e+00,0.000000000000000000e+00,9.883666821777570277e-01,9.527720739219713852e-01,3.483146067415728853e-01,0.000000000000000000e+00,1.000000000000000000e+00,0.000000000000000000e+00,4.999999999999998890e-01,0.000000000000000000e+00,1.000000000000000000e+00,4.999999999999997224e-01,4.433962264150945187e-01,3.636363636363635909e-01,5.992509363295876051e-02,0.000000000000000000e+00,0.000000000000000000e+00,0.000000000000000000e+00,0.000000000000000000e+00,0.000000000000000000e+00,7.857142857142858094e-01,3.518518518518520266e-01,6.388888888888888395e-01,6.929824561403512551e-01,5.000000000000000000e-01,5.344827586206888359e-01,5.714285714285715079e-01,9.166666666666667407e-01,0.000000000000000000e+00,0.000000000000000000e+00,5.000000000000000000e-01,5.371900826446276422e-01,6.666666666666667407e-01,0.000000000000000000e+00,0.000000000000000000e+00,0.000000000000000000e+00,0.000000000000000000e+00,0.000000000000000000e+00
0.000000000000000000e+00,1.000000000000000000e+00,0.000000000000000000e+00,0.000000000000000000e+00,0.000000000000000000e+00,1.818181818181817955e-01,8.888888888888885065e-01,1.098265895953758203e-01,0.000000000000000000e+00,5.000000000000000000e-01,0.000000000000000000e+00,0.000000000000000000e+00,0.000000000000000000e+00,0.000000000000000000e+00,0.000000000000000000e+00,0.000000000000000000e+00,9.860400186133084777e-01,9.527720739219713852e-01,3.445692883895130065e-01,0.000000000000000000e+00,1.000000000000000000e+00,0.000000000000000000e+00,4.999999999999998890e-01,0.000000000000000000e+00,1.000000000000000000e+00,4.999999999999997224e-01,4.433962264150945187e-01,3.636363636363635909e-01,5.992509363295876051e-02,0.000000000000000000e+00,0.000000000000000000e+00,0.000000000000000000e+00,0.000000000000000000e+00,0.000000000000000000e+00,6.428571428571429047e-01,3.518518518518520266e-01,6.342592592592591894e-01,6.929824561403512551e-01,5.000000000000000000e-01,4.827586206896560816e-01,5.714285714285715079e-01,7.500000000000000000e-01,0.000000000000000000e+00,0.000000000000000000e+00,5.000000000000000000e-01,4.628099173553713586e-01,6.666666666666667407e-01,0.000000000000000000e+00,0.000000000000000000e+00,0.000000000000000000e+00,0.000000000000000000e+00,0.000000000000000000e+00
0.000000000000000000e+00,1.000000000000000000e+00,0.000000000000000000e+00,0.000000000000000000e+00,0.000000000000000000e+00,1.818181818181817955e-01,8.888888888888885065e-01,1.098265895953758203e-01,0.000000000000000000e+00,5.000000000000000000e-01,0.000000000000000000e+00,0.000000000000000000e+00,0.000000000000000000e+00,0.000000000000000000e+00,0.000000000000000000e+00,0.000000000000000000e+00,9.883666821777570277e-01,9.527720739219713852e-01,3.445692883895130065e-01,0.000000000000000000e+00,1.000000000000000000e+00,0.000000000000000000e+00,4.999999999999998890e-01,0.000000000000000000e+00,1.000000000000000000e+00,4.999999999999997224e-01,4.433962264150945187e-01,2.727272727272727071e-01,5.805243445692879339e-02,0.000000000000000000e+00,0.000000000000000000e+00,0.000000000000000000e+00,0.000000000000000000e+00,0.000000000000000000e+00,6.428571428571429047e-01,3.518518518518520266e-01,6.250000000000000000e-01,6.929824561403512551e-01,5.000000000000000000e-01,3.448275862068971853e-01,5.714285714285715079e-01,7.500000000000000000e-01,0.000000000000000000e+00,0.000000000000000000e+00,5.000000000000000000e-01,4.628099173553713586e-01,6.666666666666667407e-01,0.000000000000000000e+00,0.000000000000000000e+00,0.000000000000000000e+00,0.000000000000000000e+00,0.000000000000000000e+00
0.000000000000000000e+00,1.000000000000000000e+00,0.000000000000000000e+00,0.000000000000000000e+00,0.000000000000000000e+00,1.818181818181817955e-01,8.888888888888885065e-01,1.040462427745665469e-01,0.000000000000000000e+00,5.000000000000000000e-01,0.000000000000000000e+00,0.000000000000000000e+00,0.000000000000000000e+00,0.000000000000000000e+00,0.000000000000000000e+00,0.000000000000000000e+00,9.883666821777570277e-01,9.527720739219713852e-01,3.408239700374530723e-01,0.000000000000000000e+00,1.000000000000000000e+00,0.000000000000000000e+00,4.999999999999998890e-01,0.000000000000000000e+00,1.000000000000000000e+00,4.999999999999997224e-01,4.433962264150945187e-01,2.727272727272727071e-01,5.805243445692879339e-02,0.000000000000000000e+00,0.000000000000000000e+00,0.000000000000000000e+00,0.000000000000000000e+00,0.000000000000000000e+00,6.428571428571429047e-01,3.518518518518520266e-01,6.250000000000000000e-01,6.929824561403512551e-01,5.000000000000000000e-01,2.586206896551728751e-01,5.714285714285715079e-01,7.500000000000000000e-01,0.000000000000000000e+00,0.000000000000000000e+00,5.000000000000000000e-01,4.628099173553713586e-01,6.666666666666667407e-01,0.000000000000000000e+00,0.000000000000000000e+00,0.000000000000000000e+00,0.000000000000000000e+00,0.000000000000000000e+00
0.000000000000000000e+00,9.961832061068702782e-01,0.000000000000000000e+00,0.000000000000000000e+00,0.000000000000000000e+00,1.818181818181817955e-01,9.166666666666665186e-01,1.040462427745665469e-01,0.000000000000000000e+00,5.000000000000000000e-01,0.000000000000000000e+00,0.000000000000000000e+00,0.000000000000000000e+00,0.000000000000000000e+00,0.000000000000000000e+00,0.000000000000000000e+00,9.906933457422055778e-01,9.537987679671459107e-01,3.408239700374530723e-01,0.000000000000000000e+00,1.000000000000000000e+00,0.000000000000000000e+00,4.999999999999998890e-01,0.000000000000000000e+00,1.000000000000000000e+00,4.999999999999997224e-01,4.433962264150945187e-01,2.727272727272727071e-01,5.617977528089882627e-02,0.000000000000000000e+00,0.000000000000000000e+00,0.000000000000000000e+00,0.000000000000000000e+00,0.000000000000000000e+00,6.428571428571429047e-01,3.518518518518520266e-01,6.250000000000000000e-01,6.929824561403512551e-01,5.000000000000000000e-01,2.586206896551728751e-01,5.714285714285715079e-01,7.500000000000000000e-01,0.000000000000000000e+00,0.000000000000000000e+00,5.000000000000000000e-01,4.628099173553713586e-01,6.666666666666667407e-01,0.000000000000000000e+00,0.000000000000000000e+00,0.000000000000000000e+00,0.000000000000000000e+00,0.000000000000000000e+00
0.000000000000000000e+00,9.961832061068702782e-01,0.000000000000000000e+00,0.000000000000000000e+00,0.000000000000000000e+00,1.818181818181817955e-01,9.166666666666665186e-01,1.040462427745665469e-01,0.000000000000000000e+00,5.000000000000000000e-01,0.000000000000000000e+00,0.000000000000000000e+00,0.000000000000000000e+00,0.000000000000000000e+00,0.000000000000000000e+00,0.000000000000000000e+00,9.906933457422055778e-01,9.537987679671459107e-01,3.370786516853931380e-01,0.000000000000000000e+00,1.000000000000000000e+00,0.000000000000000000e+00,4.999999999999998890e-01,0.000000000000000000e+00,1.000000000000000000e+00,4.999999999999997224e-01,4.433962264150945187e-01,2.727272727272727071e-01,5.805243445692879339e-02,0.000000000000000000e+00,0.000000000000000000e+00,0.000000000000000000e+00,0.000000000000000000e+00,0.000000000000000000e+00,6.428571428571429047e-01,3.518518518518520266e-01,6.250000000000000000e-01,6.929824561403512551e-01,3.750000000000000000e-01,4.655172413793112196e-01,5.714285714285715079e-01,7.500000000000000000e-01,0.000000000000000000e+00,0.000000000000000000e+00,5.000000000000000000e-01,4.628099173553713586e-01,6.666666666666667407e-01,0.000000000000000000e+00,0.000000000000000000e+00,0.000000000000000000e+00,0.000000000000000000e+00,0.000000000000000000e+00
0.000000000000000000e+00,1.000000000000000000e+00,0.000000000000000000e+00,0.000000000000000000e+00,0.000000000000000000e+00,1.818181818181817955e-01,9.444444444444444198e-01,1.040462427745665469e-01,0.000000000000000000e+00,5.000000000000000000e-01,0.000000000000000000e+00,0.000000000000000000e+00,0.000000000000000000e+00,0.000000000000000000e+00,0.000000000000000000e+00,0.000000000000000000e+00,9.906933457422055778e-01,9.537987679671459107e-01,3.333333333333331483e-01,0.000000000000000000e+00,1.000000000000000000e+00,0.000000000000000000e+00,4.999999999999998890e-01,0.000000000000000000e+00,1.000000000000000000e+00,4.999999999999997224e-01,4.245283018867924141e-01,2.727272727272727071e-01,5.805243445692879339e-02,0.000000000000000000e+00,0.000000000000000000e+00,0.000000000000000000e+00,0.000000000000000000e+00,0.000000000000000000e+00,6.428571428571429047e-01,3.518518518518520266e-01,6.203703703703703498e-01,6.929824561403512551e-01,3.750000000000000000e-01,5.862068965517233110e-01,5.714285714285715079e-01,6.666666666666667407e-01,0.000000000000000000e+00,0.000000000000000000e+00,5.000000000000000000e-01,4.628099173553713586e-01,6.666666666666667407e-01,0.000000000000000000e+00,0.000000000000000000e+00,0.000000000000000000e+00,0.000000000000000000e+00,0.000000000000000000e+00
0.000000000000000000e+00,9.961832061068702782e-01,0.000000000000000000e+00,0.000000000000000000e+00,0.000000000000000000e+00,1.818181818181817955e-01,9.444444444444444198e-01,1.040462427745665469e-01,0.000000000000000000e+00,5.000000000000000000e-01,0.000000000000000000e+00,0.000000000000000000e+00,0.000000000000000000e+00,0.000000000000000000e+00,0.000000000000000000e+00,0.000000000000000000e+00,9.906933457422055778e-01,9.537987679671459107e-01,3.333333333333331483e-01,0.000000000000000000e+00,1.000000000000000000e+00,0.000000000000000000e+00,4.999999999999998890e-01,0.000000000000000000e+00,1.000000000000000000e+00,4.999999999999997224e-01,4.245283018867924141e-01,2.727272727272727071e-01,5.805243445692879339e-02,0.000000000000000000e+00,0.000000000000000000e+00,0.000000000000000000e+00,0.000000000000000000e+00,0.000000000000000000e+00,6.428571428571429047e-01,3.518518518518520266e-01,6.203703703703703498e-01,6.929824561403512551e-01,3.750000000000000000e-01,6.206896551724130351e-01,5.714285714285715079e-01,5.833333333333333703e-01,0.000000000000000000e+00,0.000000000000000000e+00,5.000000000000000000e-01,4.628099173553713586e-01,6.666666666666667407e-01,0.000000000000000000e+00,0.000000000000000000e+00,0.000000000000000000e+00,0.000000000000000000e+00,0.000000000000000000e+00
0.000000000000000000e+00,9.961832061068702782e-01,0.000000000000000000e+00,0.000000000000000000e+00,0.000000000000000000e+00,1.818181818181817955e-01,9.444444444444444198e-01,1.040462427745665469e-01,0.000000000000000000e+00,5.000000000000000000e-01,0.000000000000000000e+00,0.000000000000000000e+00,0.000000000000000000e+00,0.000000000000000000e+00,0.000000000000000000e+00,0.000000000000000000e+00,9.906933457422055778e-01,9.537987679671459107e-01,3.295880149812732696e-01,0.000000000000000000e+00,1.000000000000000000e+00,0.000000000000000000e+00,4.999999999999998890e-01,0.000000000000000000e+00,1.000000000000000000e+00,4.999999999999997224e-01,4.056603773584906425e-01,2.727272727272727071e-01,5.805243445692879339e-02,0.000000000000000000e+00,0.000000000000000000e+00,0.000000000000000000e+00,0.000000000000000000e+00,0.000000000000000000e+00,6.428571428571429047e-01,3.962962962962962021e-01,6.111111111111110494e-01,6.929824561403512551e-01,3.750000000000000000e-01,6.206896551724130351e-01,5.714285714285715079e-01,5.833333333333333703e-01,0.000000000000000000e+00,0.000000000000000000e+00,5.000000000000000000e-01,4.628099173553713586e-01,6.666666666666667407e-01,0.000000000000000000e+00,0.000000000000000000e+00,0.000000000000000000e+00,0.000000000000000000e+00,0.000000000000000000e+00
0.000000000000000000e+00,9.961832061068702782e-01,0.000000000000000000e+00,0.000000000000000000e+00,0.000000000000000000e+00,1.818181818181817955e-01,9.444444444444444198e-01,1.040462427745665469e-01,0.000000000000000000e+00,5.000000000000000000e-01,0.000000000000000000e+00,0.000000000000000000e+00,0.000000000000000000e+00,0.000000000000000000e+00,0.000000000000000000e+00,0.000000000000000000e+00,9.906933457422055778e-01,9.537987679671459107e-01,3.258426966292133353e-01,0.000000000000000000e+00,1.000000000000000000e+00,0.000000000000000000e+00,4.999999999999998890e-01,0.000000000000000000e+00,1.000000000000000000e+00,4.999999999999997224e-01,4.056603773584906425e-01,2.727272727272727071e-01,5.805243445692879339e-02,0.000000000000000000e+00,0.000000000000000000e+00,0.000000000000000000e+00,0.000000000000000000e+00,0.000000000000000000e+00,6.428571428571429047e-01,3.962962962962962021e-01,6.018518518518517491e-01,6.929824561403512551e-01,3.750000000000000000e-01,5.344827586206888359e-01,5.714285714285715079e-01,5.833333333333333703e-01,0.000000000000000000e+00,0.000000000000000000e+00,5.000000000000000000e-01,4.628099173553713586e-01,6.666666666666667407e-01,0.000000000000000000e+00,0.000000000000000000e+00,0.000000000000000000e+00,0.000000000000000000e+00,0.000000000000000000e+00
0.000000000000000000e+00,9.923664122137404453e-01,0.000000000000000000e+00,0.000000000000000000e+00,0.000000000000000000e+00,1.818181818181817955e-01,9.444444444444444198e-01,1.040462427745665469e-01,0.000000000000000000e+00,5.000000000000000000e-01,0.000000000000000000e+00,0.000000000000000000e+00,0.000000000000000000e+00,0.000000000000000000e+00,0.000000000000000000e+00,0.000000000000000000e+00,9.906933457422055778e-01,9.537987679671459107e-01,3.258426966292133353e-01,0.000000000000000000e+00,1.000000000000000000e+00,0.000000000000000000e+00,4.999999999999998890e-01,0.000000000000000000e+00,1.000000000000000000e+00,4.999999999999997224e-01,4.056603773584906425e-01,5.454545454545454142e-01,5.805243445692879339e-02,0.000000000000000000e+00,0.000000000000000000e+00,0.000000000000000000e+00,0.000000000000000000e+00,0.000000000000000000e+00,6.428571428571429047e-01,3.962962962962962021e-01,5.972222222222222099e-01,6.929824561403512551e-01,3.750000000000000000e-01,3.793103448275869649e-01,5.714285714285715079e-01,5.833333333333333703e-01,0.000000000000000000e+00,0.000000000000000000e+00,7.500000000000000000e-01,4.628099173553713586e-01,6.666666666666667407e-01,0.000000000000000000e+00,0.000000000000000000e+00,0.000000000000000000e+00,0.000000000000000000e+00,0.000000000000000000e+00
0.000000000000000000e+00,9.923664122137404453e-01,0.000000000000000000e+00,0.000000000000000000e+00,0.000000000000000000e+00,1.818181818181817955e-01,9.722222222222220989e-01,1.040462427745665469e-01,0.000000000000000000e+00,5.000000000000000000e-01,0.000000000000000000e+00,0.000000000000000000e+00,0.000000000000000000e+00,0.000000000000000000e+00,0.000000000000000000e+00,0.000000000000000000e+00,9.906933457422055778e-01,9.537987679671459107e-01,3.258426966292133353e-01,0.000000000000000000e+00,1.000000000000000000e+00,0.000000000000000000e+00,4.999999999999998890e-01,0.000000000000000000e+00,1.000000000000000000e+00,4.999999999999997224e-01,4.056603773584906425e-01,5.454545454545454142e-01,5.617977528089882627e-02,0.000000000000000000e+00,0.000000000000000000e+00,0.000000000000000000e+00,0.000000000000000000e+00,0.000000000000000000e+00,6.428571428571429047e-01,3.962962962962962021e-01,5.972222222222222099e-01,6.929824561403512551e-01,3.750000000000000000e-01,3.620689655172420474e-01,5.714285714285715079e-01,8.333333333333333703e-01,0.000000000000000000e+00,0.000000000000000000e+00,7.500000000000000000e-01,4.628099173553713586e-01,6.666666666666667407e-01,0.000000000000000000e+00,0.000000000000000000e+00,0.000000000000000000e+00,0.000000000000000000e+00,0.000000000000000000e+00
0.000000000000000000e+00,9.923664122137404453e-01,0.000000000000000000e+00,0.000000000000000000e+00,0.000000000000000000e+00,1.818181818181817955e-01,9.722222222222220989e-01,1.040462427745665469e-01,0.000000000000000000e+00,5.000000000000000000e-01,0.000000000000000000e+00,0.000000000000000000e+00,0.000000000000000000e+00,0.000000000000000000e+00,0.000000000000000000e+00,0.000000000000000000e+00,9.930200093066542388e-01,9.537987679671459107e-01,3.258426966292133353e-01,0.000000000000000000e+00,1.000000000000000000e+00,0.000000000000000000e+00,4.999999999999998890e-01,0.000000000000000000e+00,1.000000000000000000e+00,4.999999999999997224e-01,4.056603773584906425e-01,4.545454545454545303e-01,5.805243445692879339e-02,0.000000000000000000e+00,0.000000000000000000e+00,0.000000000000000000e+00,0.000000000000000000e+00,0.000000000000000000e+00,6.428571428571429047e-01,3.962962962962962021e-01,5.972222222222222099e-01,6.052631578947370583e-01,3.750000000000000000e-01,5.862068965517233110e-01,5.714285714285715079e-01,8.333333333333333703e-01,0.000000000000000000e+00,0.000000000000000000e+00,7.500000000000000000e-01,4.628099173553713586e-01,8.333333333333333703e-01,0.000000000000000000e+00,0.000000000000000000e+00,0.000000000000000000e+00,0.000000000000000000e+00,0.000000000000000000e+00
0.000000000000000000e+00,9.923664122137404453e-01,0.000000000000000000e+00,0.000000000000000000e+00,0.000000000000000000e+00,1.818181818181817955e-01,9.722222222222220989e-01,1.040462427745665469e-01,0.000000000000000000e+00,5.000000000000000000e-01,0.000000000000000000e+00,0.000000000000000000e+00,0.000000000000000000e+00,0.000000000000000000e+00,0.000000000000000000e+00,0.000000000000000000e+00,9.930200093066542388e-01,9.537987679671459107e-01,3.220973782771534011e-01,0.000000000000000000e+00,1.000000000000000000e+00,0.000000000000000000e+00,4.999999999999998890e-01,0.000000000000000000e+00,1.000000000000000000e+00,4.999999999999997224e-01,4.056603773584906425e-01,3.636363636363635909e-01,5.805243445692879339e-02,0.000000000000000000e+00,0.000000000000000000e+00,0.000000000000000000e+00,0.000000000000000000e+00,0.000000000000000000e+00,6.428571428571429047e-01,3.962962962962962021e-01,5.972222222222222099e-01,5.833333333333335924e-01,3.750000000000000000e-01,7.241379310344822073e-01,5.714285714285715079e-01,8.333333333333333703e-01,0.000000000000000000e+00,0.000000000000000000e+00,7.500000000000000000e-01,4.628099173553713586e-01,8.333333333333333703e-01,0.000000000000000000e+00,0.000000000000000000e+00,0.000000000000000000e+00,0.000000000000000000e+00,0.000000000000000000e+00
0.000000000000000000e+00,9.923664122137404453e-01,0.000000000000000000e+00,0.000000000000000000e+00,0.000000000000000000e+00,1.818181818181817955e-01,9.722222222222220989e-01,1.040462427745665469e-01,0.000000000000000000e+00,5.000000000000000000e-01,0.000000000000000000e+00,0.000000000000000000e+00,0.000000000000000000e+00,0.000000000000000000e+00,0.000000000000000000e+00,0.000000000000000000e+00,9.930200093066542388e-01,9.537987679671459107e-01,3.183520599250934668e-01,0.000000000000000000e+00,1.000000000000000000e+00,0.000000000000000000e+00,4.999999999999998890e-01,0.000000000000000000e+00,1.000000000000000000e+00,4.999999999999997224e-01,4.056603773584906425e-01,4.545454545454545303e-01,5.805243445692879339e-02,0.000000000000000000e+00,0.000000000000000000e+00,0.000000000000000000e+00,0.000000000000000000e+00,0.000000000000000000e+00,6.428571428571429047e-01,3.962962962962962021e-01,5.972222222222222099e-01,5.833333333333335924e-01,3.750000000000000000e-01,8.448275862068963526e-01,5.714285714285715079e-01,7.500000000000000000e-01,0.000000000000000000e+00,0.000000000000000000e+00,7.500000000000000000e-01,4.628099173553713586e-01,8.333333333333333703e-01,0.000000000000000000e+00,0.000000000000000000e+00,0.000000000000000000e+00,0.000000000000000000e+00,0.000000000000000000e+00
0.000000000000000000e+00,9.923664122137404453e-01,0.000000000000000000e+00,0.000000000000000000e+00,0.000000000000000000e+00,1.818181818181817955e-01,9.722222222222220989e-01,1.040462427745665469e-01,0.000000000000000000e+00,5.000000000000000000e-01,0.000000000000000000e+00,0.000000000000000000e+00,0.000000000000000000e+00,0.000000000000000000e+00,0.000000000000000000e+00,0.000000000000000000e+00,9.930200093066542388e-01,9.527720739219713852e-01,3.183520599250934668e-01,0.000000000000000000e+00,1.000000000000000000e+00,0.000000000000000000e+00,4.999999999999998890e-01,0.000000000000000000e+00,1.000000000000000000e+00,4.999999999999997224e-01,3.490566037735849947e-01,5.454545454545454142e-01,5.992509363295876051e-02,0.000000000000000000e+00,0.000000000000000000e+00,0.000000000000000000e+00,0.000000000000000000e+00,0.000000000000000000e+00,6.428571428571429047e-01,3.962962962962962021e-01,6.064814814814813992e-01,5.833333333333335924e-01,3.750000000000000000e-01,8.620689655172411037e-01,5.714285714285715079e-01,6.666666666666667407e-01,0.000000000000000000e+00,0.000000000000000000e+00,7.500000000000000000e-01,4.628099173553713586e-01,8.333333333333333703e-01,0.000000000000000000e+00,0.000000000000000000e+00,0.000000000000000000e+00,0.000000000000000000e+00,0.000000000000000000e+00
0.000000000000000000e+00,9.923664122137404453e-01,0.000000000000000000e+00,0.000000000000000000e+00,0.000000000000000000e+00,1.818181818181817955e-01,9.722222222222220989e-01,1.098265895953758203e-01,0.000000000000000000e+00,5.000000000000000000e-01,0.000000000000000000e+00,0.000000000000000000e+00,0.000000000000000000e+00,0.000000000000000000e+00,0.000000000000000000e+00,0.000000000000000000e+00,9.883666821777570277e-01,9.527720739219713852e-01,3.146067415730335326e-01,0.000000000000000000e+00,1.000000000000000000e+00,0.000000000000000000e+00,4.999999999999998890e-01,0.000000000000000000e+00,1.000000000000000000e+00,4.999999999999997224e-01,3.490566037735849947e-01,5.454545454545454142e-01,5.992509363295876051e-02,0.000000000000000000e+00,0.000000000000000000e+00,0.000000000000000000e+00,0.000000000000000000e+00,0.000000000000000000e+00,6.428571428571429047e-01,3.962962962962962021e-01,6.064814814814813992e-01,5.833333333333335924e-01,3.750000000000000000e-01,6.379310344827580082e-01,5.714285714285715079e-01,6.666666666666667407e-01,0.000000000000000000e+00,0.000000000000000000e+00,7.500000000000000000e-01,4.628099173553713586e-01,6.666666666666667407e-01,0.000000000000000000e+00,0.000000000000000000e+00,0.000000000000000000e+00,0.000000000000000000e+00,0.000000000000000000e+00
0.000000000000000000e+00,9.923664122137404453e-01,0.000000000000000000e+00,0.000000000000000000e+00,0.000000000000000000e+00,1.818181818181817955e-01,9.722222222222220989e-01,1.098265895953758203e-01,0.000000000000000000e+00,5.000000000000000000e-01,0.000000000000000000e+00,0.000000000000000000e+00,0.000000000000000000e+00,0.000000000000000000e+00,0.000000000000000000e+00,0.000000000000000000e+00,9.883666821777570277e-01,9.527720739219713852e-01,3.146067415730335326e-01,0.000000000000000000e+00,1.000000000000000000e+00,0.000000000000000000e+00,4.999999999999998890e-01,0.000000000000000000e+00,1.000000000000000000e+00,4.999999999999997224e-01,3.490566037735849947e-01,3.636363636363635909e-01,6.179775280898872764e-02,0.000000000000000000e+00,0.000000000000000000e+00,0.000000000000000000e+00,0.000000000000000000e+00,0.000000000000000000e+00,6.428571428571429047e-01,3.962962962962962021e-01,6.064814814814813992e-01,5.833333333333335924e-01,3.750000000000000000e-01,5.000000000000008882e-01,5.714285714285715079e-01,6.666666666666667407e-01,0.000000000000000000e+00,0.000000000000000000e+00,7.500000000000000000e-01,4.628099173553713586e-01,6.666666666666667407e-01,0.000000000000000000e+00,0.000000000000000000e+00,0.000000000000000000e+00,0.000000000000000000e+00,0.000000000000000000e+00
0.000000000000000000e+00,9.923664122137404453e-01,0.000000000000000000e+00,0.000000000000000000e+00,0.000000000000000000e+00,1.818181818181817955e-01,9.722222222222220989e-01,1.098265895953758203e-01,0.000000000000000000e+00,5.000000000000000000e-01,0.000000000000000000e+00,0.000000000000000000e+00,0.000000000000000000e+00,0.000000000000000000e+00,0.000000000000000000e+00,0.000000000000000000e+00,9.883666821777570277e-01,9.527720739219713852e-01,3.146067415730335326e-01,0.000000000000000000e+00,1.000000000000000000e+00,0.000000000000000000e+00,4.999999999999998890e-01,0.000000000000000000e+00,1.000000000000000000e+00,4.999999999999997224e-01,3.915094339622641750e-01,3.636363636363635909e-01,6.179775280898872764e-02,0.000000000000000000e+00,0.000000000000000000e+00,0.000000000000000000e+00,0.000000000000000000e+00,0.000000000000000000e+00,6.428571428571429047e-01,3.962962962962962021e-01,6.064814814814813992e-01,5.833333333333335924e-01,3.750000000000000000e-01,4.827586206896560816e-01,2.857142857142857539e-01,6.666666666666667407e-01,0.000000000000000000e+00,0.000000000000000000e+00,7.500000000000000000e-01,4.628099173553713586e-01,6.666666666666667407e-01,0.000000000000000000e+00,0.000000000000000000e+00,0.000000000000000000e+00,0.000000000000000000e+00,0.000000000000000000e+00
0.000000000000000000e+00,9.923664122137404453e-01,0.000000000000000000e+00,0.000000000000000000e+00,0.000000000000000000e+00,1.818181818181817955e-01,9.722222222222220989e-01,1.098265895953758203e-01,0.000000000000000000e+00,5.000000000000000000e-01,0.000000000000000000e+00,0.000000000000000000e+00,0.000000000000000000e+00,0.000000000000000000e+00,0.000000000000000000e+00,0.000000000000000000e+00,9.883666821777570277e-01,9.527720739219713852e-01,3.108614232209735984e-01,0.000000000000000000e+00,1.000000000000000000e+00,0.000000000000000000e+00,4.999999999999998890e-01,0.000000000000000000e+00,1.000000000000000000e+00,4.999999999999997224e-01,3.915094339622641750e-01,3.636363636363635909e-01,6.367041198501868782e-02,0.000000000000000000e+00,0.000000000000000000e+00,0.000000000000000000e+00,0.000000000000000000e+00,0.000000000000000000e+00,6.428571428571429047e-01,3.962962962962962021e-01,6.064814814814813992e-01,5.833333333333335924e-01,3.750000000000000000e-01,5.517241379310335869e-01,1.428571428571428770e-01,6.666666666666667407e-01,0.000000000000000000e+00,0.000000000000000000e+00,7.500000000000000000e-01,4.628099173553713586e-01,5.000000000000001110e-01,0.000000000000000000e+00,0.000000000000000000e+00,0.000000000000000000e+00,0.000000000000000000e+00,0.000000000000000000e+00
0.000000000000000000e+00,9.923664122137404453e-01,0.000000000000000000e+00,0.000000000000000000e+00,0.000000000000000000e+00,1.818181818181817955e-01,9.722222222222220989e-01,1.098265895953758203e-01,0.000000000000000000e+00,5.000000000000000000e-01,0.000000000000000000e+00,0.000000000000000000e+00,0.000000000000000000e+00,0.000000000000000000e+00,0.000000000000000000e+00,0.000000000000000000e+00,9.883666821777570277e-01,9.527720739219713852e-01,3.108614232209735984e-01,0.000000000000000000e+00,1.000000000000000000e+00,0.000000000000000000e+00,4.999999999999998890e-01,0.000000000000000000e+00,1.000000000000000000e+00,4.999999999999997224e-01,3.915094339622641750e-01,3.636363636363635909e-01,6.367041198501868782e-02,0.000000000000000000e+00,0.000000000000000000e+00,0.000000000000000000e+00,0.000000000000000000e+00,0.000000000000000000e+00,6.428571428571429047e-01,3.962962962962962021e-01,6.064814814814813992e-01,5.833333333333335924e-01,3.750000000000000000e-01,5.517241379310335869e-01,1.428571428571428770e-01,6.666666666666667407e-01,0.000000000000000000e+00,0.000000000000000000e+00,7.500000000000000000e-01,4.628099173553713586e-01,5.000000000000001110e-01,0.000000000000000000e+00,0.000000000000000000e+00,0.000000000000000000e+00,0.000000000000000000e+00,0.000000000000000000e+00
0.000000000000000000e+00,9.885496183206106124e-01,0.000000000000000000e+00,0.000000000000000000e+00,0.000000000000000000e+00,1.818181818181817955e-01,9.722222222222220989e-01,1.098265895953758203e-01,0.000000000000000000e+00,5.000000000000000000e-01,0.000000000000000000e+00,0.000000000000000000e+00,0.000000000000000000e+00,0.000000000000000000e+00,0.000000000000000000e+00,0.000000000000000000e+00,9.883666821777570277e-01,9.527720739219713852e-01,3.108614232209735984e-01,0.000000000000000000e+00,1.000000000000000000e+00,0.000000000000000000e+00,4.999999999999998890e-01,0.000000000000000000e+00,1.000000000000000000e+00,4.999999999999997224e-01,3.915094339622641750e-01,3.636363636363635909e-01,6.367041198501868782e-02,0.000000000000000000e+00,0.000000000000000000e+00,0.000000000000000000e+00,0.000000000000000000e+00,0.000000000000000000e+00,6.428571428571429047e-01,3.962962962962962021e-01,6.064814814814813992e-01,5.833333333333335924e-01,3.750000000000000000e-01,4.827586206896560816e-01,1.428571428571428770e-01,6.666666666666667407e-01,0.000000000000000000e+00,0.000000000000000000e+00,7.500000000000000000e-01,4.628099173553713586e-01,5.000000000000001110e-01,0.000000000000000000e+00,0.000000000000000000e+00,0.000000000000000000e+00,0.000000000000000000e+00,0.000000000000000000e+00
0.000000000000000000e+00,9.885496183206106124e-01,0.000000000000000000e+00,0.000000000000000000e+00,0.000000000000000000e+00,1.818181818181817955e-01,9.722222222222220989e-01,1.098265895953758203e-01,0.000000000000000000e+00,5.000000000000000000e-01,0.000000000000000000e+00,0.000000000000000000e+00,0.000000000000000000e+00,0.000000000000000000e+00,0.000000000000000000e+00,0.000000000000000000e+00,9.883666821777570277e-01,9.527720739219713852e-01,3.071161048689137196e-01,0.000000000000000000e+00,1.000000000000000000e+00,0.000000000000000000e+00,4.999999999999998890e-01,0.000000000000000000e+00,1.000000000000000000e+00,4.999999999999997224e-01,3.915094339622641750e-01,4.545454545454545303e-01,6.367041198501868782e-02,0.000000000000000000e+00,0.000000000000000000e+00,0.000000000000000000e+00,0.000000000000000000e+00,0.000000000000000000e+00,6.428571428571429047e-01,3.962962962962962021e-01,6.064814814814813992e-01,5.833333333333335924e-01,3.750000000000000000e-01,5.172413793103457502e-01,0.000000000000000000e+00,6.666666666666667407e-01,0.000000000000000000e+00,0.000000000000000000e+00,7.500000000000000000e-01,4.628099173553713586e-01,5.000000000000001110e-01,0.000000000000000000e+00,0.000000000000000000e+00,0.000000000000000000e+00,0.000000000000000000e+00,0.000000000000000000e+00
0.000000000000000000e+00,9.885496183206106124e-01,0.000000000000000000e+00,0.000000000000000000e+00,0.000000000000000000e+00,1.818181818181817955e-01,9.722222222222220989e-01,1.098265895953758203e-01,0.000000000000000000e+00,5.000000000000000000e-01,0.000000000000000000e+00,0.000000000000000000e+00,0.000000000000000000e+00,0.000000000000000000e+00,0.000000000000000000e+00,0.000000000000000000e+00,9.883666821777570277e-01,9.537987679671459107e-01,3.071161048689137196e-01,0.000000000000000000e+00,1.000000000000000000e+00,0.000000000000000000e+00,4.999999999999998890e-01,0.000000000000000000e+00,1.000000000000000000e+00,4.999999999999997224e-01,3.915094339622641750e-01,4.545454545454545303e-01,6.554307116104865494e-02,0.000000000000000000e+00,0.000000000000000000e+00,0.000000000000000000e+00,0.000000000000000000e+00,0.000000000000000000e+00,6.428571428571429047e-01,3.962962962962962021e-01,6.064814814814813992e-01,5.833333333333335924e-01,3.750000000000000000e-01,6.034482758620682841e-01,0.000000000000000000e+00,6.666666666666667407e-01,0.000000000000000000e+00,0.000000000000000000e+00,7.500000000000000000e-01,4.628099173553713586e-01,5.000000000000001110e-01,0.000000000000000000e+00,0.000000000000000000e+00,0.000000000000000000e+00,0.000000000000000000e+00,0.000000000000000000e+00
0.000000000000000000e+00,9.885496183206106124e-01,0.000000000000000000e+00,0.000000000000000000e+00,0.000000000000000000e+00,1.818181818181817955e-01,9.722222222222220989e-01,1.098265895953758203e-01,0.000000000000000000e+00,5.000000000000000000e-01,0.000000000000000000e+00,0.000000000000000000e+00,0.000000000000000000e+00,0.000000000000000000e+00,0.000000000000000000e+00,0.000000000000000000e+00,9.883666821777570277e-01,9.537987679671459107e-01,3.033707865168537854e-01,0.000000000000000000e+00,1.000000000000000000e+00,0.000000000000000000e+00,4.999999999999998890e-01,0.000000000000000000e+00,1.000000000000000000e+00,4.999999999999997224e-01,3.915094339622641750e-01,5.454545454545454142e-01,6.554307116104865494e-02,0.000000000000000000e+00,0.000000000000000000e+00,0.000000000000000000e+00,0.000000000000000000e+00,0.000000000000000000e+00,6.428571428571429047e-01,3.962962962962962021e-01,6.064814814814813992e-01,7.368421052631580759e-01,3.750000000000000000e-01,7.241379310344822073e-01,0.000000000000000000e+00,6.666666666666667407e-01,0.000000000000000000e+00,0.000000000000000000e+00,5.000000000000000000e-01,4.628099173553713586e-01,5.000000000000001110e-01,0.000000000000000000e+00,0.000000000000000000e+00,0.000000000000000000e+00,0.000000000000000000e+00,0.000000000000000000e+00
0.000000000000000000e+00,9.923664122137404453e-01,0.000000000000000000e+00,0.000000000000000000e+00,0.000000000000000000e+00,1.818181818181817955e-01,9.722222222222220989e-01,1.098265895953758203e-01,0.000000000000000000e+00,5.000000000000000000e-01,0.000000000000000000e+00,0.000000000000000000e+00,0.000000000000000000e+00,0.000000000000000000e+00,0.000000000000000000e+00,0.000000000000000000e+00,9.883666821777570277e-01,9.537987679671459107e-01,2.996254681647938511e-01,0.000000000000000000e+00,1.000000000000000000e+00,0.000000000000000000e+00,4.999999999999998890e-01,0.000000000000000000e+00,1.000000000000000000e+00,4.999999999999997224e-01,3.915094339622641750e-01,5.454545454545454142e-01,6.741573033707860818e-02,0.000000000000000000e+00,0.000000000000000000e+00,0.000000000000000000e+00,0.000000000000000000e+00,0.000000000000000000e+00,6.428571428571429047e-01,3.962962962962962021e-01,6.064814814814813992e-01,7.368421052631580759e-01,3.750000000000000000e-01,7.241379310344822073e-01,0.000000000000000000e+00,6.666666666666667407e-01,0.000000000000000000e+00,0.000000000000000000e+00,5.000000000000000000e-01,4.628099173553713586e-01,5.000000000000001110e-01,0.000000000000000000e+00,0.000000000000000000e+00,0.000000000000000000e+00,0.000000000000000000e+00,0.000000000000000000e+00
0.000000000000000000e+00,9.923664122137404453e-01,0.000000000000000000e+00,0.000000000000000000e+00,0.000000000000000000e+00,1.818181818181817955e-01,9.722222222222220989e-01,1.098265895953758203e-01,0.000000000000000000e+00,5.000000000000000000e-01,0.000000000000000000e+00,0.000000000000000000e+00,0.000000000000000000e+00,0.000000000000000000e+00,0.000000000000000000e+00,0.000000000000000000e+00,9.883666821777570277e-01,9.537987679671459107e-01,2.958801498127339169e-01,0.000000000000000000e+00,1.000000000000000000e+00,0.000000000000000000e+00,4.999999999999998890e-01,0.000000000000000000e+00,1.000000000000000000e+00,4.999999999999997224e-01,3.915094339622641750e-01,5.454545454545454142e-01,6.741573033707860818e-02,0.000000000000000000e+00,0.000000000000000000e+00,0.000000000000000000e+00,0.000000000000000000e+00,0.000000000000000000e+00,6.428571428571429047e-01,3.962962962962962021e-01,6.064814814814813992e-01,7.368421052631580759e-01,3.750000000000000000e-01,6.896551724137924833e-01,1.428571428571428770e-01,6.666666666666667407e-01,0.000000000000000000e+00,0.000000000000000000e+00,5.000000000000000000e-01,4.628099173553713586e-01,5.000000000000001110e-01,0.000000000000000000e+00,0.000000000000000000e+00,0.000000000000000000e+00,0.000000000000000000e+00,0.000000000000000000e+00
0.000000000000000000e+00,9.923664122137404453e-01,0.000000000000000000e+00,0.000000000000000000e+00,0.000000000000000000e+00,1.818181818181817955e-01,9.444444444444444198e-01,1.098265895953758203e-01,0.000000000000000000e+00,5.000000000000000000e-01,0.000000000000000000e+00,0.000000000000000000e+00,0.000000000000000000e+00,0.000000000000000000e+00,0.000000000000000000e+00,0.000000000000000000e+00,9.883666821777570277e-01,9.537987679671459107e-01,2.958801498127339169e-01,0.000000000000000000e+00,1.000000000000000000e+00,0.000000000000000000e+00,4.999999999999998890e-01,0.000000000000000000e+00,1.000000000000000000e+00,4.999999999999997224e-01,4.056603773584906425e-01,5.454545454545454142e-01,6.741573033707860818e-02,0.000000000000000000e+00,0.000000000000000000e+00,0.000000000000000000e+00,0.000000000000000000e+00,0.000000000000000000e+00,6.428571428571429047e-01,3.962962962962962021e-01,6.064814814814813992e-01,7.368421052631580759e-01,3.750000000000000000e-01,4.482758620689663576e-01,5.714285714285715079e-01,6.666666666666667407e-01,0.000000000000000000e+00,0.000000000000000000e+00,5.000000000000000000e-01,4.628099173553713586e-01,5.000000000000001110e-01,0.000000000000000000e+00,0.000000000000000000e+00,0.000000000000000000e+00,0.000000000000000000e+00,0.000000000000000000e+00
0.000000000000000000e+00,9.923664122137404453e-01,0.000000000000000000e+00,0.000000000000000000e+00,0.000000000000000000e+00,1.818181818181817955e-01,9.444444444444444198e-01,1.098265895953758203e-01,0.000000000000000000e+00,5.000000000000000000e-01,0.000000000000000000e+00,0.000000000000000000e+00,0.000000000000000000e+00,0.000000000000000000e+00,0.000000000000000000e+00,0.000000000000000000e+00,9.906933457422055778e-01,9.537987679671459107e-01,2.921348314606739827e-01,0.000000000000000000e+00,1.000000000000000000e+00,0.000000000000000000e+00,4.999999999999998890e-01,0.000000000000000000e+00,1.000000000000000000e+00,4.999999999999997224e-01,4.056603773584906425e-01,7.272727272727271819e-01,6.741573033707860818e-02,0.000000000000000000e+00,0.000000000000000000e+00,0.000000000000000000e+00,0.000000000000000000e+00,0.000000000000000000e+00,6.428571428571429047e-01,3.962962962962962021e-01,6.064814814814813992e-01,7.368421052631580759e-01,3.750000000000000000e-01,2.758620689655177372e-01,5.714285714285715079e-01,6.666666666666667407e-01,0.000000000000000000e+00,0.000000000000000000e+00,5.000000000000000000e-01,4.628099173553713586e-01,5.000000000000001110e-01,0.000000000000000000e+00,0.000000000000000000e+00,0.000000000000000000e+00,0.000000000000000000e+00,0.000000000000000000e+00
0.000000000000000000e+00,9.923664122137404453e-01,0.000000000000000000e+00,0.000000000000000000e+00,0.000000000000000000e+00,1.818181818181817955e-01,9.444444444444444198e-01,1.098265895953758203e-01,0.000000000000000000e+00,5.000000000000000000e-01,0.000000000000000000e+00,0.000000000000000000e+00,0.000000000000000000e+00,0.000000000000000000e+00,0.000000000000000000e+00,0.000000000000000000e+00,9.906933457422055778e-01,9.537987679671459107e-01,2.921348314606739827e-01,0.000000000000000000e+00,1.000000000000000000e+00,0.000000000000000000e+00,4.999999999999998890e-01,0.000000000000000000e+00,1.000000000000000000e+00,4.999999999999997224e-01,4.056603773584906425e-01,7.272727272727271819e-01,6.741573033707860818e-02,0.000000000000000000e+00,0.000000000000000000e+00,0.000000000000000000e+00,0.000000000000000000e+00,0.000000000000000000e+00,6.428571428571429047e-01,3.962962962962962021e-01,6.064814814814813992e-01,7.368421052631580759e-01,3.750000000000000000e-01,2.758620689655177372e-01,5.714285714285715079e-01,6.666666666666667407e-01,0.000000000000000000e+00,0.000000000000000000e+00,5.000000000000000000e-01,4.628099173553713586e-01,5.000000000000001110e-01,0.000000000000000000e+00,0.000000000000000000e+00,0.000000000000000000e+00,0.000000000000000000e+00,0.000000000000000000e+00
0.000000000000000000e+00,9.961832061068702782e-01,0.000000000000000000e+00,0.000000000000000000e+00,0.000000000000000000e+00,9.090909090909089774e-02,9.166666666666665186e-01,1.098265895953758203e-01,0.000000000000000000e+00,5.000000000000000000e-01,0.000000000000000000e+00,0.000000000000000000e+00,0.000000000000000000e+00,0.000000000000000000e+00,0.000000000000000000e+00,0.000000000000000000e+00,9.906933457422055778e-01,9.537987679671459107e-01,2.883895131086140484e-01,0.000000000000000000e+00,1.000000000000000000e+00,0.000000000000000000e+00,4.999999999999998890e-01,0.000000000000000000e+00,1.000000000000000000e+00,4.999999999999997224e-01,4.056603773584906425e-01,7.272727272727271819e-01,6.928838951310857530e-02,0.000000000000000000e+00,0.000000000000000000e+00,0.000000000000000000e+00,0.000000000000000000e+00,0.000000000000000000e+00,6.428571428571429047e-01,3.962962962962962021e-01,6.064814814814813992e-01,7.368421052631580759e-01,3.750000000000000000e-01,4.655172413793112196e-01,5.714285714285715079e-01,6.666666666666667407e-01,0.000000000000000000e+00,0.000000000000000000e+00,5.000000000000000000e-01,4.628099173553713586e-01,5.000000000000001110e-01,0.000000000000000000e+00,0.000000000000000000e+00,0.000000000000000000e+00,0.000000000000000000e+00,0.000000000000000000e+00
0.000000000000000000e+00,9.923664122137404453e-01,0.000000000000000000e+00,0.000000000000000000e+00,0.000000000000000000e+00,9.090909090909089774e-02,9.166666666666665186e-01,1.098265895953758203e-01,0.000000000000000000e+00,5.000000000000000000e-01,0.000000000000000000e+00,0.000000000000000000e+00,0.000000000000000000e+00,0.000000000000000000e+00,0.000000000000000000e+00,0.000000000000000000e+00,9.930200093066542388e-01,9.537987679671459107e-01,2.883895131086140484e-01,0.000000000000000000e+00,1.000000000000000000e+00,0.000000000000000000e+00,4.999999999999998890e-01,0.000000000000000000e+00,1.000000000000000000e+00,4.999999999999997224e-01,4.056603773584906425e-01,6.363636363636363535e-01,6.928838951310857530e-02,0.000000000000000000e+00,0.000000000000000000e+00,0.000000000000000000e+00,0.000000000000000000e+00,0.000000000000000000e+00,6.428571428571429047e-01,3.962962962962962021e-01,5.787037037037036091e-01,7.368421052631580759e-01,5.000000000000000000e-01,6.896551724137924833e-01,5.714285714285715079e-01,6.666666666666667407e-01,0.000000000000000000e+00,0.000000000000000000e+00,5.000000000000000000e-01,4.628099173553713586e-01,6.666666666666667407e-01,0.000000000000000000e+00,0.000000000000000000e+00,0.000000000000000000e+00,0.000000000000000000e+00,0.000000000000000000e+00
0.000000000000000000e+00,9.923664122137404453e-01,0.000000000000000000e+00,0.000000000000000000e+00,0.000000000000000000e+00,9.090909090909089774e-02,9.166666666666665186e-01,1.098265895953758203e-01,0.000000000000000000e+00,5.000000000000000000e-01,0.000000000000000000e+00,0.000000000000000000e+00,0.000000000000000000e+00,0.000000000000000000e+00,0.000000000000000000e+00,0.000000000000000000e+00,9.930200093066542388e-01,9.537987679671459107e-01,2.846441947565541697e-01,0.000000000000000000e+00,1.000000000000000000e+00,0.000000000000000000e+00,4.999999999999998890e-01,0.000000000000000000e+00,1.000000000000000000e+00,4.999999999999997224e-01,4.433962264150945187e-01,6.363636363636363535e-01,7.116104868913854242e-02,0.000000000000000000e+00,0.000000000000000000e+00,0.000000000000000000e+00,0.000000000000000000e+00,0.000000000000000000e+00,6.428571428571429047e-01,3.962962962962962021e-01,5.787037037037036091e-01,7.368421052631580759e-01,5.000000000000000000e-01,7.241379310344822073e-01,5.714285714285715079e-01,6.666666666666667407e-01,0.000000000000000000e+00,0.000000000000000000e+00,7.500000000000000000e-01,4.628099173553713586e-01,6.666666666666667407e-01,0.000000000000000000e+00,0.000000000000000000e+00,0.000000000000000000e+00,0.000000000000000000e+00,0.000000000000000000e+00
0.000000000000000000e+00,9.923664122137404453e-01,0.000000000000000000e+00,0.000000000000000000e+00,0.000000000000000000e+00,9.090909090909089774e-02,9.166666666666665186e-01,1.098265895953758203e-01,0.000000000000000000e+00,5.000000000000000000e-01,0.000000000000000000e+00,0.000000000000000000e+00,0.000000000000000000e+00,0.000000000000000000e+00,0.000000000000000000e+00,0.000000000000000000e+00,9.930200093066542388e-01,9.548254620123204361e-01,2.846441947565541697e-01,0.000000000000000000e+00,1.000000000000000000e+00,0.000000000000000000e+00,4.999999999999998890e-01,0.000000000000000000e+00,1.000000000000000000e+00,4.999999999999997224e-01,4.433962264150945187e-01,6.363636363636363535e-01,7.116104868913854242e-02,0.000000000000000000e+00,0.000000000000000000e+00,0.000000000000000000e+00,0.000000000000000000e+00,0.000000000000000000e+00,6.428571428571429047e-01,3.962962962962962021e-01,5.787037037037036091e-01,7.368421052631580759e-01,5.000000000000000000e-01,6.724137931034477322e-01,5.714285714285715079e-01,6.666666666666667407e-01,0.000000000000000000e+00,0.000000000000000000e+00,7.500000000000000000e-01,4.628099173553713586e-01,6.666666666666667407e-01,0.000000000000000000e+00,0.000000000000000000e+00,0.000000000000000000e+00,0.000000000000000000e+00,0.000000000000000000e+00
0.000000000000000000e+00,9.923664122137404453e-01,0.000000000000000000e+00,0.000000000000000000e+00,0.000000000000000000e+00,1.363636363636363535e-01,9.166666666666665186e-01,1.098265895953758203e-01,0.000000000000000000e+00,5.000000000000000000e-01,0.000000000000000000e+00,0.000000000000000000e+00,0.000000000000000000e+00,0.000000000000000000e+00,0.000000000000000000e+00,0.000000000000000000e+00,9.906933457422055778e-01,9.548254620123204361e-01,2.808988764044941799e-01,0.000000000000000000e+00,1.000000000000000000e+00,0.000000000000000000e+00,4.999999999999998890e-01,0.000000000000000000e+00,1.000000000000000000e+00,4.999999999999997224e-01,4.433962264150945187e-01,7.272727272727271819e-01,7.116104868913854242e-02,0.000000000000000000e+00,0.000000000000000000e+00,0.000000000000000000e+00,0.000000000000000000e+00,0.000000000000000000e+00,6.428571428571429047e-01,3.962962962962962021e-01,5.787037037037036091e-01,7.368421052631580759e-01,3.750000000000000000e-01,4.827586206896560816e-01,5.714285714285715079e-01,6.666666666666667407e-01,0.000000000000000000e+00,0.000000000000000000e+00,7.500000000000000000e-01,4.628099173553713586e-01,6.666666666666667407e-01,0.000000000000000000e+00,0.000000000000000000e+00,0.000000000000000000e+00,0.000000000000000000e+00,0.000000000000000000e+00
0.000000000000000000e+00,9.923664122137404453e-01,0.000000000000000000e+00,0.000000000000000000e+00,0.000000000000000000e+00,1.818181818181817955e-01,9.166666666666665186e-01,1.098265895953758203e-01,0.000000000000000000e+00,5.000000000000000000e-01,0.000000000000000000e+00,0.000000000000000000e+00,0.000000000000000000e+00,0.000000000000000000e+00,0.000000000000000000e+00,0.000000000000000000e+00,9.906933457422055778e-01,9.548254620123204361e-01,2.808988764044941799e-01,0.000000000000000000e+00,1.000000000000000000e+00,0.000000000000000000e+00,4.999999999999998890e-01,0.000000000000000000e+00,1.000000000000000000e+00,4.999999999999997224e-01,4.433962264150945187e-01,7.272727272727271819e-01,7.116104868913854242e-02,0.000000000000000000e+00,0.000000000000000000e+00,0.000000000000000000e+00,0.000000000000000000e+00,0.000000000000000000e+00,6.428571428571429047e-01,4.037037037037037868e-01,5.787037037037036091e-01,7.368421052631580759e-01,3.750000000000000000e-01,4.827586206896560816e-01,5.714285714285715079e-01,6.666666666666667407e-01,0.000000000000000000e+00,0.000000000000000000e+00,7.500000000000000000e-01,4.628099173553713586e-01,6.666666666666667407e-01,0.000000000000000000e+00,0.000000000000000000e+00,0.000000000000000000e+00,0.000000000000000000e+00,0.000000000000000000e+00
0.000000000000000000e+00,9.923664122137404453e-01,0.000000000000000000e+00,0.000000000000000000e+00,0.000000000000000000e+00,1.818181818181817955e-01,9.166666666666665186e-01,1.098265895953758203e-01,0.000000000000000000e+00,5.000000000000000000e-01,0.000000000000000000e+00,0.000000000000000000e+00,0.000000000000000000e+00,0.000000000000000000e+00,0.000000000000000000e+00,0.000000000000000000e+00,9.906933457422055778e-01,9.548254620123204361e-01,2.771535580524343012e-01,0.000000000000000000e+00,1.000000000000000000e+00,0.000000000000000000e+00,4.999999999999998890e-01,0.000000000000000000e+00,1.000000000000000000e+00,4.999999999999997224e-01,4.433962264150945187e-01,7.272727272727271819e-01,7.116104868913854242e-02,0.000000000000000000e+00,0.000000000000000000e+00,0.000000000000000000e+00,0.000000000000000000e+00,0.000000000000000000e+00,6.428571428571429047e-01,4.037037037037037868e-01,5.787037037037036091e-01,7.368421052631580759e-01,3.750000000000000000e-01,4.827586206896560816e-01,5.714285714285715079e-01,6.666666666666667407e-01,0.000000000000000000e+00,0.000000000000000000e+00,7.500000000000000000e-01,4.628099173553713586e-01,6.666666666666667407e-01,0.000000000000000000e+00,0.000000000000000000e+00,0.000000000000000000e+00,0.000000000000000000e+00,0.000000000000000000e+00
0.000000000000000000e+00,9.961832061068702782e-01,0.000000000000000000e+00,0.000000000000000000e+00,0.000000000000000000e+00,1.818181818181817955e-01,9.166666666666665186e-01,1.098265895953758203e-01,0.000000000000000000e+00,5.000000000000000000e-01,0.000000000000000000e+00,0.000000000000000000e+00,0.000000000000000000e+00,0.000000000000000000e+00,0.000000000000000000e+00,0.000000000000000000e+00,9.906933457422055778e-01,9.548254620123204361e-01,2.771535580524343012e-01,0.000000000000000000e+00,1.000000000000000000e+00,0.000000000000000000e+00,4.999999999999998890e-01,0.000000000000000000e+00,1.000000000000000000e+00,4.999999999999997224e-01,4.433962264150945187e-01,6.363636363636363535e-01,7.116104868913854242e-02,0.000000000000000000e+00,0.000000000000000000e+00,0.000000000000000000e+00,0.000000000000000000e+00,0.000000000000000000e+00,6.428571428571429047e-01,4.037037037037037868e-01,5.787037037037036091e-01,7.368421052631580759e-01,3.750000000000000000e-01,4.827586206896560816e-01,5.714285714285715079e-01,6.666666666666667407e-01,0.000000000000000000e+00,0.000000000000000000e+00,7.500000000000000000e-01,4.628099173553713586e-01,8.333333333333333703e-01,0.000000000000000000e+00,0.000000000000000000e+00,0.000000000000000000e+00,0.000000000000000000e+00,0.000000000000000000e+00
0.000000000000000000e+00,9.961832061068702782e-01,0.000000000000000000e+00,0.000000000000000000e+00,0.000000000000000000e+00,1.818181818181817955e-01,9.166666666666665186e-01,1.098265895953758203e-01,0.000000000000000000e+00,5.000000000000000000e-01,0.000000000000000000e+00,0.000000000000000000e+00,0.000000000000000000e+00,0.000000000000000000e+00,0.000000000000000000e+00,0.000000000000000000e+00,9.930200093066542388e-01,9.548254620123204361e-01,2.734082397003743115e-01,0.000000000000000000e+00,1.000000000000000000e+00,0.000000000000000000e+00,4.999999999999998890e-01,0.000000000000000000e+00,1.000000000000000000e+00,4.999999999999997224e-01,4.433962264150945187e-01,6.363636363636363535e-01,7.116104868913854242e-02,0.000000000000000000e+00,0.000000000000000000e+00,0.000000000000000000e+00,0.000000000000000000e+00,0.000000000000000000e+00,6.428571428571429047e-01,4.037037037037037868e-01,5.787037037037036091e-01,7.368421052631580759e-01,5.000000000000000000e-01,3.620689655172420474e-01,5.714285714285715079e-01,6.666666666666667407e-01,0.000000000000000000e+00,0.000000000000000000e+00,7.500000000000000000e-01,4.628099173553713586e-01,8.333333333333333703e-01,0.000000000000000000e+00,0.000000000000000000e+00,0.000000000000000000e+00,0.000000000000000000e+00,0.000000000000000000e+00
0.000000000000000000e+00,9.961832061068702782e-01,0.000000000000000000e+00,0.000000000000000000e+00,0.000000000000000000e+00,1.818181818181817955e-01,9.444444444444444198e-01,1.098265895953758203e-01,0.000000000000000000e+00,5.000000000000000000e-01,0.000000000000000000e+00,0.000000000000000000e+00,0.000000000000000000e+00,0.000000000000000000e+00,0.000000000000000000e+00,0.000000000000000000e+00,9.930200093066542388e-01,9.548254620123204361e-01,2.734082397003743115e-01,0.000000000000000000e+00,1.000000000000000000e+00,0.000000000000000000e+00,4.999999999999998890e-01,0.000000000000000000e+00,1.000000000000000000e+00,4.999999999999997224e-01,4.433962264150945187e-01,5.454545454545454142e-01,7.303370786516850954e-02,0.000000000000000000e+00,0.000000000000000000e+00,0.000000000000000000e+00,0.000000000000000000e+00,0.000000000000000000e+00,6.428571428571429047e-01,4.037037037037037868e-01,5.787037037037036091e-01,7.368421052631580759e-01,5.000000000000000000e-01,2.586206896551728751e-01,5.714285714285715079e-01,6.666666666666667407e-01,0.000000000000000000e+00,0.000000000000000000e+00,7.500000000000000000e-01,4.628099173553713586e-01,8.333333333333333703e-01,0.000000000000000000e+00,0.000000000000000000e+00,0.000000000000000000e+00,0.000000000000000000e+00,0.000000000000000000e+00
0.000000000000000000e+00,9.961832061068702782e-01,0.000000000000000000e+00,0.000000000000000000e+00,0.000000000000000000e+00,1.818181818181817955e-01,9.444444444444444198e-01,1.098265895953758203e-01,0.000000000000000000e+00,5.000000000000000000e-01,0.000000000000000000e+00,0.000000000000000000e+00,0.000000000000000000e+00,0.000000000000000000e+00,0.000000000000000000e+00,0.000000000000000000e+00,9.906933457422055778e-01,9.548254620123204361e-01,2.696629213483143772e-01,0.000000000000000000e+00,1.000000000000000000e+00,0.000000000000000000e+00,4.999999999999998890e-01,0.000000000000000000e+00,1.000000000000000000e+00,4.999999999999997224e-01,4.433962264150945187e-01,3.636363636363635909e-01,7.303370786516850954e-02,0.000000000000000000e+00,0.000000000000000000e+00,0.000000000000000000e+00,0.000000000000000000e+00,0.000000000000000000e+00,6.428571428571429047e-01,4.037037037037037868e-01,5.787037037037036091e-01,7.368421052631580759e-01,5.000000000000000000e-01,2.586206896551728751e-01,5.714285714285715079e-01,6.666666666666667407e-01,0.000000000000000000e+00,0.000000000000000000e+00,7.500000000000000000e-01,4.628099173553713586e-01,8.333333333333333703e-01,0.000000000000000000e+00,0.000000000000000000e+00,0.000000000000000000e+00,0.000000000000000000e+00,0.000000000000000000e+00
0.000000000000000000e+00,9.961832061068702782e-01,0.000000000000000000e+00,0.000000000000000000e+00,0.000000000000000000e+00,1.818181818181817955e-01,9.444444444444444198e-01,1.098265895953758203e-01,0.000000000000000000e+00,5.000000000000000000e-01,0.000000000000000000e+00,0.000000000000000000e+00,0.000000000000000000e+00,0.000000000000000000e+00,0.000000000000000000e+00,0.000000000000000000e+00,9.906933457422055778e-01,9.548254620123204361e-01,2.696629213483143772e-01,0.000000000000000000e+00,1.000000000000000000e+00,0.000000000000000000e+00,4.999999999999998890e-01,0.000000000000000000e+00,1.000000000000000000e+00,4.999999999999997224e-01,4.433962264150945187e-01,3.636363636363635909e-01,7.303370786516850954e-02,0.000000000000000000e+00,0.000000000000000000e+00,0.000000000000000000e+00,0.000000000000000000e+00,0.000000000000000000e+00,6.428571428571429047e-01,4.037037037037037868e-01,5.787037037037036091e-01,7.368421052631580759e-01,5.000000000000000000e-01,3.103448275862074612e-01,5.714285714285715079e-01,6.666666666666667407e-01,0.000000000000000000e+00,0.000000000000000000e+00,7.500000000000000000e-01,4.628099173553713586e-01,8.333333333333333703e-01,0.000000000000000000e+00,0.000000000000000000e+00,0.000000000000000000e+00,0.000000000000000000e+00,0.000000000000000000e+00
0.000000000000000000e+00,9.961832061068702782e-01,0.000000000000000000e+00,0.000000000000000000e+00,0.000000000000000000e+00,1.818181818181817955e-01,9.444444444444444198e-01,1.098265895953758203e-01,0.000000000000000000e+00,5.000000000000000000e-01,0.000000000000000000e+00,0.000000000000000000e+00,0.000000000000000000e+00,0.000000000000000000e+00,0.000000000000000000e+00,0.000000000000000000e+00,9.906933457422055778e-01,9.527720739219713852e-01,2.696629213483143772e-01,0.000000000000000000e+00,1.000000000000000000e+00,0.000000000000000000e+00,4.999999999999998890e-01,0.000000000000000000e+00,1.000000000000000000e+00,4.999999999999997224e-01,4.433962264150945187e-01,5.454545454545454142e-01,7.303370786516850954e-02,0.000000000000000000e+00,0.000000000000000000e+00,0.000000000000000000e+00,0.000000000000000000e+00,0.000000000000000000e+00,6.428571428571429047e-01,4.037037037037037868e-01,5.787037037037036091e-01,7.368421052631580759e-01,5.000000000000000000e-01,5.172413793103457502e-01,2.857142857142857539e-01,6.666666666666667407e-01,0.000000000000000000e+00,0.000000000000000000e+00,7.500000000000000000e-01,4.628099173553713586e-01,6.666666666666667407e-01,0.000000000000000000e+00,0.000000000000000000e+00,0.000000000000000000e+00,0.000000000000000000e+00,0.000000000000000000e+00
0.000000000000000000e+00,9.961832061068702782e-01,0.000000000000000000e+00,0.000000000000000000e+00,0.000000000000000000e+00,1.818181818181817955e-01,1.000000000000000000e+00,1.098265895953758203e-01,0.000000000000000000e+00,5.000000000000000000e-01,0.000000000000000000e+00,0.000000000000000000e+00,0.000000000000000000e+00,0.000000000000000000e+00,0.000000000000000000e+00,0.000000000000000000e+00,9.906933457422055778e-01,9.527720739219713852e-01,2.659176029962544985e-01,0.000000000000000000e+00,1.000000000000000000e+00,0.000000000000000000e+00,4.999999999999998890e-01,0.000000000000000000e+00,1.000000000000000000e+00,4.999999999999997224e-01,4.433962264150945187e-01,5.454545454545454142e-01,7.303370786516850954e-02,0.000000000000000000e+00,0.000000000000000000e+00,0.000000000000000000e+00,0.000000000000000000e+00,0.000000000000000000e+00,6.428571428571429047e-01,4.037037037037037868e-01,5.787037037037036091e-01,7.368421052631580759e-01,5.000000000000000000e-01,7.241379310344822073e-01,1.428571428571428770e-01,6.666666666666667407e-01,0.000000000000000000e+00,0.000000000000000000e+00,7.500000000000000000e-01,4.628099173553713586e-01,6.666666666666667407e-01,0.000000000000000000e+00,0.000000000000000000e+00,0.000000000000000000e+00,0.000000000000000000e+00,0.000000000000000000e+00
0.000000000000000000e+00,9.961832061068702782e-01,0.000000000000000000e+00,0.000000000000000000e+00,0.000000000000000000e+00,1.818181818181817955e-01,1.000000000000000000e+00,1.098265895953758203e-01,0.000000000000000000e+00,5.000000000000000000e-01,0.000000000000000000e+00,0.000000000000000000e+00,0.000000000000000000e+00,0.000000000000000000e+00,0.000000000000000000e+00,0.000000000000000000e+00,9.906933457422055778e-01,9.527720739219713852e-01,2.659176029962544985e-01,0.000000000000000000e+00,1.000000000000000000e+00,0.000000000000000000e+00,4.999999999999998890e-01,0.000000000000000000e+00,1.000000000000000000e+00,4.999999999999997224e-01,5.000000000000001110e-01,5.454545454545454142e-01,7.303370786516850954e-02,0.000000000000000000e+00,0.000000000000000000e+00,0.000000000000000000e+00,0.000000000000000000e+00,0.000000000000000000e+00,6.428571428571429047e-01,4.037037037037037868e-01,5.787037037037036091e-01,7.368421052631580759e-01,5.000000000000000000e-01,8.620689655172411037e-01,1.428571428571428770e-01,6.666666666666667407e-01,0.000000000000000000e+00,0.000000000000000000e+00,7.500000000000000000e-01,4.628099173553713586e-01,6.666666666666667407e-01,0.000000000000000000e+00,0.000000000000000000e+00,0.000000000000000000e+00,0.000000000000000000e+00,0.000000000000000000e+00
0.000000000000000000e+00,1.000000000000000000e+00,0.000000000000000000e+00,0.000000000000000000e+00,0.000000000000000000e+00,1.818181818181817955e-01,1.000000000000000000e+00,1.098265895953758203e-01,0.000000000000000000e+00,5.000000000000000000e-01,0.000000000000000000e+00,0.000000000000000000e+00,0.000000000000000000e+00,0.000000000000000000e+00,0.000000000000000000e+00,0.000000000000000000e+00,9.906933457422055778e-01,9.527720739219713852e-01,2.621722846441945642e-01,0.000000000000000000e+00,1.000000000000000000e+00,0.000000000000000000e+00,4.999999999999998890e-01,0.000000000000000000e+00,1.000000000000000000e+00,4.999999999999997224e-01,5.047169811320754151e-01,2.727272727272727071e-01,7.116104868913854242e-02,0.000000000000000000e+00,0.000000000000000000e+00,0.000000000000000000e+00,0.000000000000000000e+00,0.000000000000000000e+00,6.428571428571429047e-01,4.037037037037037868e-01,5.787037037037036091e-01,7.368421052631580759e-01,5.000000000000000000e-01,1.000000000000000000e+00,1.428571428571428770e-01,6.666666666666667407e-01,0.000000000000000000e+00,0.000000000000000000e+00,7.500000000000000000e-01,4.628099173553713586e-01,6.666666666666667407e-01,0.000000000000000000e+00,0.000000000000000000e+00,0.000000000000000000e+00,0.000000000000000000e+00,0.000000000000000000e+00
0.000000000000000000e+00,9.961832061068702782e-01,0.000000000000000000e+00,0.000000000000000000e+00,0.000000000000000000e+00,1.818181818181817955e-01,1.000000000000000000e+00,1.098265895953758203e-01,0.000000000000000000e+00,5.000000000000000000e-01,0.000000000000000000e+00,0.000000000000000000e+00,0.000000000000000000e+00,0.000000000000000000e+00,0.000000000000000000e+00,0.000000000000000000e+00,9.906933457422055778e-01,9.527720739219713852e-01,2.584269662921346300e-01,0.000000000000000000e+00,1.000000000000000000e+00,0.000000000000000000e+00,4.999999999999998890e-01,0.000000000000000000e+00,1.000000000000000000e+00,4.999999999999997224e-01,5.047169811320754151e-01,1.818181818181817955e-01,7.116104868913854242e-02,0.000000000000000000e+00,0.000000000000000000e+00,0.000000000000000000e+00,0.000000000000000000e+00,0.000000000000000000e+00,6.428571428571429047e-01,4.037037037037037868e-01,5.787037037037036091e-01,7.368421052631580759e-01,5.000000000000000000e-01,9.137931034482758008e-01,1.428571428571428770e-01,6.666666666666667407e-01,0.000000000000000000e+00,0.000000000000000000e+00,7.500000000000000000e-01,4.628099173553713586e-01,6.666666666666667407e-01,0.000000000000000000e+00,0.000000000000000000e+00,0.000000000000000000e+00,0.000000000000000000e+00,0.000000000000000000e+00
0.000000000000000000e+00,9.961832061068702782e-01,0.000000000000000000e+00,0.000000000000000000e+00,0.000000000000000000e+00,1.818181818181817955e-01,1.000000000000000000e+00,1.098265895953758203e-01,0.000000000000000000e+00,5.000000000000000000e-01,0.000000000000000000e+00,0.000000000000000000e+00,0.000000000000000000e+00,0.000000000000000000e+00,0.000000000000000000e+00,0.000000000000000000e+00,9.906933457422055778e-01,9.527720739219713852e-01,2.546816479400746958e-01,0.000000000000000000e+00,1.000000000000000000e+00,0.000000000000000000e+00,4.999999999999998890e-01,0.000000000000000000e+00,1.000000000000000000e+00,4.999999999999997224e-01,5.047169811320754151e-01,1.818181818181817955e-01,7.116104868913854242e-02,0.000000000000000000e+00,0.000000000000000000e+00,0.000000000000000000e+00,0.000000000000000000e+00,0.000000000000000000e+00,6.428571428571429047e-01,4.037037037037037868e-01,5.787037037037036091e-01,7.368421052631580759e-01,5.000000000000000000e-01,6.551724137931027592e-01,1.428571428571428770e-01,6.666666666666667407e-01,0.000000000000000000e+00,0.000000000000000000e+00,7.500000000000000000e-01,4.628099173553713586e-01,6.666666666666667407e-01,0.000000000000000000e+00,0.000000000000000000e+00,0.000000000000000000e+00,0.000000000000000000e+00,0.000000000000000000e+00
0.000000000000000000e+00,9.961832061068702782e-01,0.000000000000000000e+00,0.000000000000000000e+00,0.000000000000000000e+00,1.818181818181817955e-01,9.722222222222220989e-01,1.098265895953758203e-01,0.000000000000000000e+00,5.000000000000000000e-01,0.000000000000000000e+00,0.000000000000000000e+00,0.000000000000000000e+00,0.000000000000000000e+00,0.000000000000000000e+00,0.000000000000000000e+00,9.906933457422055778e-01,9.527720739219713852e-01,2.546816479400746958e-01,0.000000000000000000e+00,1.000000000000000000e+00,0.000000000000000000e+00,4.999999999999998890e-01,0.000000000000000000e+00,1.000000000000000000e+00,4.999999999999997224e-01,5.047169811320754151e-01,1.818181818181817955e-01,6.928838951310857530e-02,0.000000000000000000e+00,0.000000000000000000e+00,0.000000000000000000e+00,0.000000000000000000e+00,0.000000000000000000e+00,6.428571428571429047e-01,4.037037037037037868e-01,5.648148148148146586e-01,7.368421052631580759e-01,5.000000000000000000e-01,3.793103448275869649e-01,1.428571428571428770e-01,6.666666666666667407e-01,0.000000000000000000e+00,0.000000000000000000e+00,7.500000000000000000e-01,4.628099173553713586e-01,6.666666666666667407e-01,0.000000000000000000e+00,0.000000000000000000e+00,0.000000000000000000e+00,0.000000000000000000e+00,0.000000000000000000e+00
0.000000000000000000e+00,1.000000000000000000e+00,0.000000000000000000e+00,0.000000000000000000e+00,0.000000000000000000e+00,1.818181818181817955e-01,9.722222222222220989e-01,1.098265895953758203e-01,0.000000000000000000e+00,5.000000000000000000e-01,0.000000000000000000e+00,0.000000000000000000e+00,0.000000000000000000e+00,0.000000000000000000e+00,0.000000000000000000e+00,0.000000000000000000e+00,9.906933457422055778e-01,9.527720739219713852e-01,2.509363295880147615e-01,0.000000000000000000e+00,1.000000000000000000e+00,0.000000000000000000e+00,4.999999999999998890e-01,0.000000000000000000e+00,1.000000000000000000e+00,4.999999999999997224e-01,5.000000000000001110e-01,2.727272727272727071e-01,7.116104868913854242e-02,0.000000000000000000e+00,0.000000000000000000e+00,0.000000000000000000e+00,0.000000000000000000e+00,0.000000000000000000e+00,6.428571428571429047e-01,4.037037037037037868e-01,5.648148148148146586e-01,7.368421052631580759e-01,5.000000000000000000e-01,1.551724137931037584e-01,1.428571428571428770e-01,6.666666666666667407e-01,0.000000000000000000e+00,0.000000000000000000e+00,7.500000000000000000e-01,4.628099173553713586e-01,6.666666666666667407e-01,0.000000000000000000e+00,0.000000000000000000e+00,0.000000000000000000e+00,0.000000000000000000e+00,0.000000000000000000e+00
0.000000000000000000e+00,9.961832061068702782e-01,0.000000000000000000e+00,0.000000000000000000e+00,0.000000000000000000e+00,1.818181818181817955e-01,9.722222222222220989e-01,1.156069364161850938e-01,0.000000000000000000e+00,5.000000000000000000e-01,0.000000000000000000e+00,0.000000000000000000e+00,0.000000000000000000e+00,0.000000000000000000e+00,0.000000000000000000e+00,0.000000000000000000e+00,9.906933457422055778e-01,9.527720739219713852e-01,2.509363295880147615e-01,0.000000000000000000e+00,1.000000000000000000e+00,0.000000000000000000e+00,4.999999999999998890e-01,0.000000000000000000e+00,1.000000000000000000e+00,4.999999999999997224e-01,4.858490566037735880e-01,2.727272727272727071e-01,6.928838951310857530e-02,0.000000000000000000e+00,0.000000000000000000e+00,0.000000000000000000e+00,0.000000000000000000e+00,0.000000000000000000e+00,6.428571428571429047e-01,4.037037037037037868e-01,5.648148148148146586e-01,7.368421052631580759e-01,5.000000000000000000e-01,1.379310344827588963e-01,1.428571428571428770e-01,6.666666666666667407e-01,0.000000000000000000e+00,0.000000000000000000e+00,7.500000000000000000e-01,4.628099173553713586e-01,6.666666666666667407e-01,0.000000000000000000e+00,0.000000000000000000e+00,0.000000000000000000e+00,0.000000000000000000e+00,0.000000000000000000e+00
0.000000000000000000e+00,1.000000000000000000e+00,0.000000000000000000e+00,0.000000000000000000e+00,0.000000000000000000e+00,1.818181818181817955e-01,9.722222222222220989e-01,1.156069364161850938e-01,0.000000000000000000e+00,5.000000000000000000e-01,0.000000000000000000e+00,0.000000000000000000e+00,0.000000000000000000e+00,0.000000000000000000e+00,0.000000000000000000e+00,0.000000000000000000e+00,9.906933457422055778e-01,9.527720739219713852e-01,2.471910112359548273e-01,0.000000000000000000e+00,1.000000000000000000e+00,0.000000000000000000e+00,4.999999999999998890e-01,0.000000000000000000e+00,1.000000000000000000e+00,4.999999999999997224e-01,4.858490566037735880e-01,2.727272727272727071e-01,6.928838951310857530e-02,0.000000000000000000e+00,0.000000000000000000e+00,0.000000000000000000e+00,0.000000000000000000e+00,0.000000000000000000e+00,6.428571428571429047e-01,4.037037037037037868e-01,5.648148148148146586e-01,4.254385964912280049e-01,6.249999999999998890e-01,1.379310344827588963e-01,1.428571428571428770e-01,6.666666666666667407e-01,0.000000000000000000e+00,0.000000000000000000e+00,1.000000000000000000e+00,4.628099173553713586e-01,8.333333333333333703e-01,0.000000000000000000e+00,0.000000000000000000e+00,0.000000000000000000e+00,0.000000000000000000e+00,0.000000000000000000e+00
0.000000000000000000e+00,1.000000000000000000e+00,0.000000000000000000e+00,0.000000000000000000e+00,0.000000000000000000e+00,1.818181818181817955e-01,9.722222222222220989e-01,1.156069364161850938e-01,0.000000000000000000e+00,5.000000000000000000e-01,0.000000000000000000e+00,0.000000000000000000e+00,0.000000000000000000e+00,0.000000000000000000e+00,0.000000000000000000e+00,0.000000000000000000e+00,9.906933457422055778e-01,9.527720739219713852e-01,2.471910112359548273e-01,0.000000000000000000e+00,1.000000000000000000e+00,0.000000000000000000e+00,4.999999999999998890e-01,0.000000000000000000e+00,1.000000000000000000e+00,4.999999999999997224e-01,4.858490566037735880e-01,3.636363636363635909e-01,6.928838951310857530e-02,0.000000000000000000e+00,0.000000000000000000e+00,0.000000000000000000e+00,0.000000000000000000e+00,0.000000000000000000e+00,6.428571428571429047e-01,4.037037037037037868e-01,5.648148148148146586e-01,4.254385964912280049e-01,7.500000000000000000e-01,2.758620689655177372e-01,4.285714285714285476e-01,6.666666666666667407e-01,0.000000000000000000e+00,0.000000000000000000e+00,1.000000000000000000e+00,4.628099173553713586e-01,8.333333333333333703e-01,0.000000000000000000e+00,0.000000000000000000e+00,0.000000000000000000e+00,0.000000000000000000e+00,0.000000000000000000e+00
0.000000000000000000e+00,1.000000000000000000e+00,0.000000000000000000e+00,0.000000000000000000e+00,0.000000000000000000e+00,1.818181818181817955e-01,9.722222222222220989e-01,1.156069364161850938e-01,0.000000000000000000e+00,5.000000000000000000e-01,0.000000000000000000e+00,0.000000000000000000e+00,0.000000000000000000e+00,0.000000000000000000e+00,0.000000000000000000e+00,0.000000000000000000e+00,9.883666821777570277e-01,9.527720739219713852e-01,2.434456928838949485e-01,0.000000000000000000e+00,1.000000000000000000e+00,0.000000000000000000e+00,4.999999999999998890e-01,0.000000000000000000e+00,1.000000000000000000e+00,4.999999999999997224e-01,4.858490566037735880e-01,4.545454545454545303e-01,6.928838951310857530e-02,0.000000000000000000e+00,0.000000000000000000e+00,0.000000000000000000e+00,0.000000000000000000e+00,0.000000000000000000e+00,6.428571428571429047e-01,4.037037037037037868e-01,5.648148148148146586e-01,4.254385964912280049e-01,7.500000000000000000e-01,3.448275862068971853e-01,7.142857142857143016e-01,6.666666666666667407e-01,0.000000000000000000e+00,0.000000000000000000e+00,1.000000000000000000e+00,4.628099173553713586e-01,8.333333333333333703e-01,0.000000000000000000e+00,0.000000000000000000e+00,0.000000000000000000e+00,0.000000000000000000e+00,0.000000000000000000e+00
0.000000000000000000e+00,1.000000000000000000e+00,0.000000000000000000e+00,0.000000000000000000e+00,0.000000000000000000e+00,1.818181818181817955e-01,9.722222222222220989e-01,1.156069364161850938e-01,0.000000000000000000e+00,5.000000000000000000e-01,0.000000000000000000e+00,0.000000000000000000e+00,0.000000000000000000e+00,0.000000000000000000e+00,0.000000000000000000e+00,0.000000000000000000e+00,9.860400186133084777e-01,9.527720739219713852e-01,2.434456928838949485e-01,0.000000000000000000e+00,1.000000000000000000e+00,0.000000000000000000e+00,4.999999999999998890e-01,0.000000000000000000e+00,1.000000000000000000e+00,4.999999999999997224e-01,4.858490566037735880e-01,4.545454545454545303e-01,6.928838951310857530e-02,0.000000000000000000e+00,0.000000000000000000e+00,0.000000000000000000e+00,0.000000000000000000e+00,0.000000000000000000e+00,6.428571428571429047e-01,4.037037037037037868e-01,5.601851851851851194e-01,4.254385964912280049e-01,7.500000000000000000e-01,3.448275862068971853e-01,7.142857142857143016e-01,6.666666666666667407e-01,0.000000000000000000e+00,0.000000000000000000e+00,1.000000000000000000e+00,4.628099173553713586e-01,8.333333333333333703e-01,0.000000000000000000e+00,0.000000000000000000e+00,0.000000000000000000e+00,0.000000000000000000e+00,0.000000000000000000e+00
0.000000000000000000e+00,1.000000000000000000e+00,0.000000000000000000e+00,0.000000000000000000e+00,0.000000000000000000e+00,1.818181818181817955e-01,9.722222222222220989e-01,1.156069364161850938e-01,0.000000000000000000e+00,5.000000000000000000e-01,0.000000000000000000e+00,0.000000000000000000e+00,0.000000000000000000e+00,0.000000000000000000e+00,0.000000000000000000e+00,0.000000000000000000e+00,9.860400186133084777e-01,9.537987679671459107e-01,2.397003745318349865e-01,0.000000000000000000e+00,1.000000000000000000e+00,0.000000000000000000e+00,4.999999999999998890e-01,0.000000000000000000e+00,1.000000000000000000e+00,4.999999999999997224e-01,4.858490566037735880e-01,4.545454545454545303e-01,6.928838951310857530e-02,0.000000000000000000e+00,0.000000000000000000e+00,0.000000000000000000e+00,0.000000000000000000e+00,0.000000000000000000e+00,4.285714285714286587e-01,4.037037037037037868e-01,5.509259259259258190e-01,4.254385964912280049e-01,7.500000000000000000e-01,3.448275862068971853e-01,7.142857142857143016e-01,6.666666666666667407e-01,0.000000000000000000e+00,0.000000000000000000e+00,1.000000000000000000e+00,4.628099173553713586e-01,8.333333333333333703e-01,0.000000000000000000e+00,0.000000000000000000e+00,0.000000000000000000e+00,0.000000000000000000e+00,0.000000000000000000e+00
0.000000000000000000e+00,1.000000000000000000e+00,0.000000000000000000e+00,0.000000000000000000e+00,0.000000000000000000e+00,1.818181818181817955e-01,9.722222222222220989e-01,1.156069364161850938e-01,0.000000000000000000e+00,5.000000000000000000e-01,0.000000000000000000e+00,0.000000000000000000e+00,0.000000000000000000e+00,0.000000000000000000e+00,0.000000000000000000e+00,0.000000000000000000e+00,9.860400186133084777e-01,9.537987679671459107e-01,2.359550561797750523e-01,0.000000000000000000e+00,1.000000000000000000e+00,0.000000000000000000e+00,4.999999999999998890e-01,0.000000000000000000e+00,1.000000000000000000e+00,4.999999999999997224e-01,4.858490566037735880e-01,4.545454545454545303e-01,6.928838951310857530e-02,0.000000000000000000e+00,0.000000000000000000e+00,0.000000000000000000e+00,0.000000000000000000e+00,0.000000000000000000e+00,4.285714285714286587e-01,4.037037037037037868e-01,5.509259259259258190e-01,5.043859649122804933e-01,7.500000000000000000e-01,3.448275862068971853e-01,7.142857142857143016e-01,6.666666666666667407e-01,0.000000000000000000e+00,0.000000000000000000e+00,1.000000000000000000e+00,4.628099173553713586e-01,8.333333333333333703e-01,0.000000000000000000e+00,0.000000000000000000e+00,0.000000000000000000e+00,0.000000000000000000e+00,0.000000000000000000e+00
0.000000000000000000e+00,1.000000000000000000e+00,0.000000000000000000e+00,0.000000000000000000e+00,0.000000000000000000e+00,1.818181818181817955e-01,9.722222222222220989e-01,1.156069364161850938e-01,0.000000000000000000e+00,5.000000000000000000e-01,0.000000000000000000e+00,0.000000000000000000e+00,0.000000000000000000e+00,0.000000000000000000e+00,0.000000000000000000e+00,0.000000000000000000e+00,9.860400186133084777e-01,9.537987679671459107e-01,2.359550561797750523e-01,0.000000000000000000e+00,1.000000000000000000e+00,0.000000000000000000e+00,4.999999999999998890e-01,0.000000000000000000e+00,1.000000000000000000e+00,4.999999999999997224e-01,4.858490566037735880e-01,5.454545454545454142e-01,6.928838951310857530e-02,0.000000000000000000e+00,0.000000000000000000e+00,0.000000000000000000e+00,0.000000000000000000e+00,0.000000000000000000e+00,4.285714285714286587e-01,4.037037037037037868e-01,5.509259259259258190e-01,6.929824561403512551e-01,6.249999999999998890e-01,3.448275862068971853e-01,7.142857142857143016e-01,6.666666666666667407e-01,0.000000000000000000e+00,0.000000000000000000e+00,1.000000000000000000e+00,4.628099173553713586e-01,8.333333333333333703e-01,0.000000000000000000e+00,0.000000000000000000e+00,0.000000000000000000e+00,0.000000000000000000e+00,0.000000000000000000e+00
0.000000000000000000e+00,1.000000000000000000e+00,0.000000000000000000e+00,0.000000000000000000e+00,0.000000000000000000e+00,1.818181818181817955e-01,9.444444444444444198e-01,1.156069364161850938e-01,0.000000000000000000e+00,5.000000000000000000e-01,0.000000000000000000e+00,0.000000000000000000e+00,0.000000000000000000e+00,0.000000000000000000e+00,0.000000000000000000e+00,0.000000000000000000e+00,9.860400186133084777e-01,9.537987679671459107e-01,2.322097378277151458e-01,0.000000000000000000e+00,1.000000000000000000e+00,0.000000000000000000e+00,4.999999999999998890e-01,0.000000000000000000e+00,1.000000000000000000e+00,4.999999999999997224e-01,4.858490566037735880e-01,5.454545454545454142e-01,6.928838951310857530e-02,0.000000000000000000e+00,0.000000000000000000e+00,0.000000000000000000e+00,0.000000000000000000e+00,0.000000000000000000e+00,4.285714285714286587e-01,4.037037037037037868e-01,5.509259259259258190e-01,6.929824561403512551e-01,6.249999999999998890e-01,3.965517241379317714e-01,7.142857142857143016e-01,6.666666666666667407e-01,0.000000000000000000e+00,0.000000000000000000e+00,1.000000000000000000e+00,4.628099173553713586e-01,8.333333333333333703e-01,0.000000000000000000e+00,0.000000000000000000e+00,0.000000000000000000e+00,0.000000000000000000e+00,0.000000000000000000e+00
0.000000000000000000e+00,9.961832061068702782e-01,0.000000000000000000e+00,0.000000000000000000e+00,0.000000000000000000e+00,1.818181818181817955e-01,9.166666666666665186e-01,1.156069364161850938e-01,0.000000000000000000e+00,5.000000000000000000e-01,0.000000000000000000e+00,0.000000000000000000e+00,0.000000000000000000e+00,0.000000000000000000e+00,0.000000000000000000e+00,0.000000000000000000e+00,9.860400186133084777e-01,9.537987679671459107e-01,2.322097378277151458e-01,0.000000000000000000e+00,1.000000000000000000e+00,0.000000000000000000e+00,4.999999999999998890e-01,0.000000000000000000e+00,1.000000000000000000e+00,4.999999999999997224e-01,4.858490566037735880e-01,5.454545454545454142e-01,7.116104868913854242e-02,0.000000000000000000e+00,0.000000000000000000e+00,0.000000000000000000e+00,0.000000000000000000e+00,0.000000000000000000e+00,4.285714285714286587e-01,4.037037037037037868e-01,5.509259259259258190e-01,6.929824561403512551e-01,6.249999999999998890e-01,5.689655172413785600e-01,7.142857142857143016e-01,6.666666666666667407e-01,0.000000000000000000e+00,0.000000000000000000e+00,1.000000000000000000e+00,4.628099173553713586e-01,8.333333333333333703e-01,0.000000000000000000e+00,0.000000000000000000e+00,0.000000000000000000e+00,0.000000000000000000e+00,0.000000000000000000e+00
0.000000000000000000e+00,1.000000000000000000e+00,0.000000000000000000e+00,0.000000000000000000e+00,0.000000000000000000e+00,1.818181818181817955e-01,9.166666666666665186e-01,1.156069364161850938e-01,0.000000000000000000e+00,5.000000000000000000e-01,0.000000000000000000e+00,0.000000000000000000e+00,0.000000000000000000e+00,0.000000000000000000e+00,0.000000000000000000e+00,0.000000000000000000e+00,9.883666821777570277e-01,9.537987679671459107e-01,2.322097378277151458e-01,0.000000000000000000e+00,1.000000000000000000e+00,0.000000000000000000e+00,4.999999999999998890e-01,0.000000000000000000e+00,1.000000000000000000e+00,4.999999999999997224e-01,4.858490566037735880e-01,5.454545454545454142e-01,7.116104868913854242e-02,0.000000000000000000e+00,0.000000000000000000e+00,0.000000000000000000e+00,0.000000000000000000e+00,0.000000000000000000e+00,5.000000000000001110e-01,4.037037037037037868e-01,5.509259259259258190e-01,6.929824561403512551e-01,6.249999999999998890e-01,6.034482758620682841e-01,7.142857142857143016e-01,6.666666666666667407e-01,0.000000000000000000e+00,0.000000000000000000e+00,1.000000000000000000e+00,8.677685950413221994e-01,8.333333333333333703e-01,0.000000000000000000e+00,0.000000000000000000e+00,0.000000000000000000e+00,0.000000000000000000e+00,0.000000000000000000e+00
0.000000000000000000e+00,1.000000000000000000e+00,0.000000000000000000e+00,0.000000000000000000e+00,0.000000000000000000e+00,1.818181818181817955e-01,9.166666666666665186e-01,1.156069364161850938e-01,0.000000000000000000e+00,5.000000000000000000e-01,0.000000000000000000e+00,0.000000000000000000e+00,0.000000000000000000e+00,0.000000000000000000e+00,0.000000000000000000e+00,0.000000000000000000e+00,9.883666821777570277e-01,9.537987679671459107e-01,2.284644194756551838e-01,0.000000000000000000e+00,1.000000000000000000e+00,0.000000000000000000e+00,4.999999999999998890e-01,0.000000000000000000e+00,1.000000000000000000e+00,4.999999999999997224e-01,4.858490566037735880e-01,5.454545454545454142e-01,7.303370786516850954e-02,0.000000000000000000e+00,0.000000000000000000e+00,0.000000000000000000e+00,0.000000000000000000e+00,0.000000000000000000e+00,5.000000000000001110e-01,4.037037037037037868e-01,5.509259259259258190e-01,6.929824561403512551e-01,6.249999999999998890e-01,6.896551724137924833e-01,7.142857142857143016e-01,6.666666666666667407e-01,0.000000000000000000e+00,0.000000000000000000e+00,1.000000000000000000e+00,8.677685950413221994e-01,8.333333333333333703e-01,0.000000000000000000e+00,0.000000000000000000e+00,0.000000000000000000e+00,0.000000000000000000e+00,0.000000000000000000e+00
0.000000000000000000e+00,9.961832061068702782e-01,0.000000000000000000e+00,0.000000000000000000e+00,0.000000000000000000e+00,1.818181818181817955e-01,9.166666666666665186e-01,1.156069364161850938e-01,0.000000000000000000e+00,5.000000000000000000e-01,0.000000000000000000e+00,0.000000000000000000e+00,0.000000000000000000e+00,0.000000000000000000e+00,0.000000000000000000e+00,0.000000000000000000e+00,9.860400186133084777e-01,9.537987679671459107e-01,2.247191011235952773e-01,0.000000000000000000e+00,1.000000000000000000e+00,0.000000000000000000e+00,4.999999999999998890e-01,0.000000000000000000e+00,1.000000000000000000e+00,4.999999999999997224e-01,4.858490566037735880e-01,6.363636363636363535e-01,7.303370786516850954e-02,0.000000000000000000e+00,0.000000000000000000e+00,0.000000000000000000e+00,0.000000000000000000e+00,0.000000000000000000e+00,5.000000000000001110e-01,4.037037037037037868e-01,5.509259259259258190e-01,6.929824561403512551e-01,6.249999999999998890e-01,7.413793103448269584e-01,7.142857142857143016e-01,6.666666666666667407e-01,0.000000000000000000e+00,0.000000000000000000e+00,1.000000000000000000e+00,8.677685950413221994e-01,8.333333333333333703e-01,0.000000000000000000e+00,0.000000000000000000e+00,0.000000000000000000e+00,0.000000000000000000e+00,0.000000000000000000e+00
0.000000000000000000e+00,1.000000000000000000e+00,0.000000000000000000e+00,0.000000000000000000e+00,0.000000000000000000e+00,1.818181818181817955e-01,9.166666666666665186e-01,1.156069364161850938e-01,0.000000000000000000e+00,5.000000000000000000e-01,0.000000000000000000e+00,0.000000000000000000e+00,0.000000000000000000e+00,0.000000000000000000e+00,0.000000000000000000e+00,0.000000000000000000e+00,9.860400186133084777e-01,9.537987679671459107e-01,2.247191011235952773e-01,0.000000000000000000e+00,1.000000000000000000e+00,0.000000000000000000e+00,4.999999999999998890e-01,0.000000000000000000e+00,1.000000000000000000e+00,4.999999999999997224e-01,4.858490566037735880e-01,6.363636363636363535e-01,7.490636704119847666e-02,0.000000000000000000e+00,0.000000000000000000e+00,0.000000000000000000e+00,0.000000000000000000e+00,0.000000000000000000e+00,5.000000000000001110e-01,4.037037037037037868e-01,5.509259259259258190e-01,6.929824561403512551e-01,6.249999999999998890e-01,6.724137931034477322e-01,1.000000000000000000e+00,6.666666666666667407e-01,0.000000000000000000e+00,0.000000000000000000e+00,1.000000000000000000e+00,8.677685950413221994e-01,8.333333333333333703e-01,0.000000000000000000e+00,0.000000000000000000e+00,0.000000000000000000e+00,0.000000000000000000e+00,0.000000000000000000e+00
0.000000000000000000e+00,9.961832061068702782e-01,0.000000000000000000e+00,0.000000000000000000e+00,0.000000000000000000e+00,1.818181818181817955e-01,9.166666666666665186e-01,1.156069364161850938e-01,0.000000000000000000e+00,5.000000000000000000e-01,0.000000000000000000e+00,0.000000000000000000e+00,0.000000000000000000e+00,0.000000000000000000e+00,0.000000000000000000e+00,0.000000000000000000e+00,9.860400186133084777e-01,9.537987679671459107e-01,2.247191011235952773e-01,0.000000000000000000e+00,1.000000000000000000e+00,0.000000000000000000e+00,4.999999999999998890e-01,0.000000000000000000e+00,1.000000000000000000e+00,4.999999999999997224e-01,4.858490566037735880e-01,4.545454545454545303e-01,7.490636704119847666e-02,0.000000000000000000e+00,0.000000000000000000e+00,0.000000000000000000e+00,0.000000000000000000e+00,0.000000000000000000e+00,5.000000000000001110e-01,4.037037037037037868e-01,5.509259259259258190e-01,6.929824561403512551e-01,6.249999999999998890e-01,7.413793103448269584e-01,1.000000000000000000e+00,6.666666666666667407e-01,0.000000000000000000e+00,0.000000000000000000e+00,1.000000000000000000e+00,8.677685950413221994e-01,8.333333333333333703e-01,0.000000000000000000e+00,0.000000000000000000e+00,0.000000000000000000e+00,0.000000000000000000e+00,0.000000000000000000e+00
0.000000000000000000e+00,9.923664122137404453e-01,0.000000000000000000e+00,0.000000000000000000e+00,0.000000000000000000e+00,1.818181818181817955e-01,9.166666666666665186e-01,1.156069364161850938e-01,0.000000000000000000e+00,5.000000000000000000e-01,0.000000000000000000e+00,0.000000000000000000e+00,0.000000000000000000e+00,0.000000000000000000e+00,0.000000000000000000e+00,0.000000000000000000e+00,9.860400186133084777e-01,9.537987679671459107e-01,2.209737827715353431e-01,0.000000000000000000e+00,1.000000000000000000e+00,0.000000000000000000e+00,4.999999999999998890e-01,0.000000000000000000e+00,1.000000000000000000e+00,4.999999999999997224e-01,5.613207547169810629e-01,3.636363636363635909e-01,7.490636704119847666e-02,0.000000000000000000e+00,0.000000000000000000e+00,0.000000000000000000e+00,0.000000000000000000e+00,0.000000000000000000e+00,5.000000000000001110e-01,4.037037037037037868e-01,5.509259259259258190e-01,6.929824561403512551e-01,6.249999999999998890e-01,7.413793103448269584e-01,1.000000000000000000e+00,6.666666666666667407e-01,0.000000000000000000e+00,0.000000000000000000e+00,1.000000000000000000e+00,8.677685950413221994e-01,8.333333333333333703e-01,0.000000000000000000e+00,0.000000000000000000e+00,0.000000000000000000e+00,0.000000000000000000e+00,0.000000000000000000e+00
0.000000000000000000e+00,9.923664122137404453e-01,0.000000000000000000e+00,0.000000000000000000e+00,0.000000000000000000e+00,1.818181818181817955e-01,8.888888888888885065e-01,1.156069364161850938e-01,0.000000000000000000e+00,5.000000000000000000e-01,0.000000000000000000e+00,0.000000000000000000e+00,0.000000000000000000e+00,0.000000000000000000e+00,0.000000000000000000e+00,0.000000000000000000e+00,9.906933457422055778e-01,9.527720739219713852e-01,2.172284644194754089e-01,0.000000000000000000e+00,1.000000000000000000e+00,0.000000000000000000e+00,4.999999999999998890e-01,0.000000000000000000e+00,1.000000000000000000e+00,4.999999999999997224e-01,5.613207547169810629e-01,3.636363636363635909e-01,7.490636704119847666e-02,0.000000000000000000e+00,0.000000000000000000e+00,0.000000000000000000e+00,0.000000000000000000e+00,0.000000000000000000e+00,5.000000000000001110e-01,4.037037037037037868e-01,5.416666666666666297e-01,6.929824561403512551e-01,5.000000000000000000e-01,6.034482758620682841e-01,5.714285714285715079e-01,7.500000000000000000e-01,0.000000000000000000e+00,0.000000000000000000e+00,7.500000000000000000e-01,8.677685950413221994e-01,8.333333333333333703e-01,0.000000000000000000e+00,0.000000000000000000e+00,0.000000000000000000e+00,0.000000000000000000e+00,0.000000000000000000e+00
0.000000000000000000e+00,9.961832061068702782e-01,0.000000000000000000e+00,0.000000000000000000e+00,0.000000000000000000e+00,1.818181818181817955e-01,8.888888888888885065e-01,1.156069364161850938e-01,0.000000000000000000e+00,5.000000000000000000e-01,0.000000000000000000e+00,0.000000000000000000e+00,0.000000000000000000e+00,0.000000000000000000e+00,0.000000000000000000e+00,0.000000000000000000e+00,9.906933457422055778e-01,9.527720739219713852e-01,2.172284644194754089e-01,0.000000000000000000e+00,1.000000000000000000e+00,0.000000000000000000e+00,4.999999999999998890e-01,0.000000000000000000e+00,1.000000000000000000e+00,4.999999999999997224e-01,5.613207547169810629e-01,2.727272727272727071e-01,7.490636704119847666e-02,0.000000000000000000e+00,0.000000000000000000e+00,0.000000000000000000e+00,0.000000000000000000e+00,0.000000000000000000e+00,5.000000000000001110e-01,4.037037037037037868e-01,5.416666666666666297e-01,6.929824561403512551e-01,5.000000000000000000e-01,5.344827586206888359e-01,5.714285714285715079e-01,7.500000000000000000e-01,0.000000000000000000e+00,0.000000000000000000e+00,7.500000000000000000e-01,8.677685950413221994e-01,6.666666666666667407e-01,0.000000000000000000e+00,0.000000000000000000e+00,0.000000000000000000e+00,0.000000000000000000e+00,0.000000000000000000e+00
0.000000000000000000e+00,9.923664122137404453e-01,0.000000000000000000e+00,0.000000000000000000e+00,0.000000000000000000e+00,1.818181818181817955e-01,8.888888888888885065e-01,1.156069364161850938e-01,0.000000000000000000e+00,5.000000000000000000e-01,0.000000000000000000e+00,0.000000000000000000e+00,0.000000000000000000e+00,0.000000000000000000e+00,0.000000000000000000e+00,0.000000000000000000e+00,9.906933457422055778e-01,9.527720739219713852e-01,2.172284644194754089e-01,0.000000000000000000e+00,1.000000000000000000e+00,0.000000000000000000e+00,4.999999999999998890e-01,0.000000000000000000e+00,1.000000000000000000e+00,4.999999999999997224e-01,5.613207547169810629e-01,2.727272727272727071e-01,7.677902621722844378e-02,0.000000000000000000e+00,0.000000000000000000e+00,0.000000000000000000e+00,0.000000000000000000e+00,0.000000000000000000e+00,5.000000000000001110e-01,4.037037037037037868e-01,5.231481481481480289e-01,6.929824561403512551e-01,5.000000000000000000e-01,3.620689655172420474e-01,5.714285714285715079e-01,7.500000000000000000e-01,0.000000000000000000e+00,0.000000000000000000e+00,7.500000000000000000e-01,2.644628099173546576e-01,6.666666666666667407e-01,0.000000000000000000e+00,0.000000000000000000e+00,0.000000000000000000e+00,0.000000000000000000e+00,0.000000000000000000e+00
0.000000000000000000e+00,9.923664122137404453e-01,0.000000000000000000e+00,0.000000000000000000e+00,0.000000000000000000e+00,1.818181818181817955e-01,8.888888888888885065e-01,1.156069364161850938e-01,0.000000000000000000e+00,5.000000000000000000e-01,0.000000000000000000e+00,0.000000000000000000e+00,0.000000000000000000e+00,0.000000000000000000e+00,0.000000000000000000e+00,0.000000000000000000e+00,9.906933457422055778e-01,9.527720739219713852e-01,2.172284644194754089e-01,0.000000000000000000e+00,1.000000000000000000e+00,0.000000000000000000e+00,4.999999999999998890e-01,0.000000000000000000e+00,1.000000000000000000e+00,4.999999999999997224e-01,5.188679245283018826e-01,2.727272727272727071e-01,7.677902621722844378e-02,0.000000000000000000e+00,0.000000000000000000e+00,0.000000000000000000e+00,0.000000000000000000e+00,0.000000000000000000e+00,5.000000000000001110e-01,4.037037037037037868e-01,5.231481481481480289e-01,6.929824561403512551e-01,5.000000000000000000e-01,3.620689655172420474e-01,5.714285714285715079e-01,7.500000000000000000e-01,0.000000000000000000e+00,0.000000000000000000e+00,7.500000000000000000e-01,2.644628099173546576e-01,6.666666666666667407e-01,0.000000000000000000e+00,0.000000000000000000e+00,0.000000000000000000e+00,0.000000000000000000e+00,0.000000000000000000e+00
0.000000000000000000e+00,9.923664122137404453e-01,0.000000000000000000e+00,0.000000000000000000e+00,0.000000000000000000e+00,1.818181818181817955e-01,8.888888888888885065e-01,1.156069364161850938e-01,0.000000000000000000e+00,5.000000000000000000e-01,0.000000000000000000e+00,0.000000000000000000e+00,0.000000000000000000e+00,0.000000000000000000e+00,0.000000000000000000e+00,0.000000000000000000e+00,9.906933457422055778e-01,9.527720739219713852e-01,2.134831460674155024e-01,0.000000000000000000e+00,1.000000000000000000e+00,0.000000000000000000e+00,4.999999999999998890e-01,0.000000000000000000e+00,1.000000000000000000e+00,4.999999999999997224e-01,5.188679245283018826e-01,2.727272727272727071e-01,7.677902621722844378e-02,0.000000000000000000e+00,0.000000000000000000e+00,0.000000000000000000e+00,0.000000000000000000e+00,0.000000000000000000e+00,5.000000000000001110e-01,4.037037037037037868e-01,5.231481481481480289e-01,6.929824561403512551e-01,5.000000000000000000e-01,4.827586206896560816e-01,5.714285714285715079e-01,5.833333333333333703e-01,0.000000000000000000e+00,0.000000000000000000e+00,7.500000000000000000e-01,2.644628099173546576e-01,6.666666666666667407e-01,0.000000000000000000e+00,0.000000000000000000e+00,0.000000000000000000e+00,0.000000000000000000e+00,0.000000000000000000e+00
0.000000000000000000e+00,9.961832061068702782e-01,0.000000000000000000e+00,0.000000000000000000e+00,0.000000000000000000e+00,1.818181818181817955e-01,8.888888888888885065e-01,1.156069364161850938e-01,0.000000000000000000e+00,5.000000000000000000e-01,0.000000000000000000e+00,0.000000000000000000e+00,0.000000000000000000e+00,0.000000000000000000e+00,0.000000000000000000e+00,0.000000000000000000e+00,9.906933457422055778e-01,9.527720739219713852e-01,2.097378277153555681e-01,0.000000000000000000e+00,1.000000000000000000e+00,0.000000000000000000e+00,4.999999999999998890e-01,0.000000000000000000e+00,1.000000000000000000e+00,4.999999999999997224e-01,5.188679245283018826e-01,2.727272727272727071e-01,7.677902621722844378e-02,0.000000000000000000e+00,0.000000000000000000e+00,0.000000000000000000e+00,0.000000000000000000e+00,0.000000000000000000e+00,5.000000000000001110e-01,4.037037037037037868e-01,5.231481481481480289e-01,6.929824561403512551e-01,5.000000000000000000e-01,5.000000000000008882e-01,5.714285714285715079e-01,5.833333333333333703e-01,0.000000000000000000e+00,0.000000000000000000e+00,7.500000000000000000e-01,8.677685950413221994e-01,6.666666666666667407e-01,0.000000000000000000e+00,0.000000000000000000e+00,0.000000000000000000e+00,0.000000000000000000e+00,0.000000000000000000e+00
0.000000000000000000e+00,9.961832061068702782e-01,0.000000000000000000e+00,0.000000000000000000e+00,0.000000000000000000e+00,1.818181818181817955e-01,8.888888888888885065e-01,1.156069364161850938e-01,0.000000000000000000e+00,5.000000000000000000e-01,0.000000000000000000e+00,0.000000000000000000e+00,0.000000000000000000e+00,0.000000000000000000e+00,0.000000000000000000e+00,0.000000000000000000e+00,9.906933457422055778e-01,9.527720739219713852e-01,2.059925093632960502e-01,0.000000000000000000e+00,1.000000000000000000e+00,0.000000000000000000e+00,4.999999999999998890e-01,0.000000000000000000e+00,1.000000000000000000e+00,4.999999999999997224e-01,5.188679245283018826e-01,2.727272727272727071e-01,7.677902621722844378e-02,0.000000000000000000e+00,0.000000000000000000e+00,0.000000000000000000e+00,0.000000000000000000e+00,0.000000000000000000e+00,5.000000000000001110e-01,4.037037037037037868e-01,5.462962962962961688e-01,6.929824561403512551e-01,5.000000000000000000e-01,5.000000000000008882e-01,5.714285714285715079e-01,5.833333333333333703e-01,0.000000000000000000e+00,0.000000000000000000e+00,7.500000000000000000e-01,8.677685950413221994e-01,6.666666666666667407e-01,0.000000000000000000e+00,0.000000000000000000e+00,0.000000000000000000e+00,0.000000000000000000e+00,0.000000000000000000e+00
0.000000000000000000e+00,9.923664122137404453e-01,0.000000000000000000e+00,0.000000000000000000e+00,0.000000000000000000e+00,1.818181818181817955e-01,8.888888888888885065e-01,1.156069364161850938e-01,0.000000000000000000e+00,5.000000000000000000e-01,0.000000000000000000e+00,0.000000000000000000e+00,0.000000000000000000e+00,0.000000000000000000e+00,0.000000000000000000e+00,0.000000000000000000e+00,9.930200093066542388e-01,9.527720739219713852e-01,2.059925093632960502e-01,0.000000000000000000e+00,1.000000000000000000e+00,0.000000000000000000e+00,4.999999999999998890e-01,0.000000000000000000e+00,1.000000000000000000e+00,4.999999999999997224e-01,5.188679245283018826e-01,2.727272727272727071e-01,7.865168539325841091e-02,0.000000000000000000e+00,0.000000000000000000e+00,0.000000000000000000e+00,0.000000000000000000e+00,0.000000000000000000e+00,5.000000000000001110e-01,4.037037037037037868e-01,5.462962962962961688e-01,6.929824561403512551e-01,5.000000000000000000e-01,5.000000000000008882e-01,5.714285714285715079e-01,7.500000000000000000e-01,0.000000000000000000e+00,0.000000000000000000e+00,7.500000000000000000e-01,8.677685950413221994e-01,6.666666666666667407e-01,0.000000000000000000e+00,0.000000000000000000e+00,0.000000000000000000e+00,0.000000000000000000e+00,0.000000000000000000e+00
0.000000000000000000e+00,9.961832061068702782e-01,0.000000000000000000e+00,0.000000000000000000e+00,0.000000000000000000e+00,1.818181818181817955e-01,9.166666666666665186e-01,1.156069364161850938e-01,0.000000000000000000e+00,5.000000000000000000e-01,0.000000000000000000e+00,0.000000000000000000e+00,0.000000000000000000e+00,0.000000000000000000e+00,0.000000000000000000e+00,0.000000000000000000e+00,9.930200093066542388e-01,9.527720739219713852e-01,2.022471910112361160e-01,0.000000000000000000e+00,1.000000000000000000e+00,0.000000000000000000e+00,4.999999999999998890e-01,0.000000000000000000e+00,1.000000000000000000e+00,4.999999999999997224e-01,5.188679245283018826e-01,3.636363636363635909e-01,7.677902621722844378e-02,0.000000000000000000e+00,0.000000000000000000e+00,0.000000000000000000e+00,0.000000000000000000e+00,0.000000000000000000e+00,5.000000000000001110e-01,4.037037037037037868e-01,5.462962962962961688e-01,6.929824561403512551e-01,5.000000000000000000e-01,3.793103448275869649e-01,5.714285714285715079e-01,7.500000000000000000e-01,0.000000000000000000e+00,0.000000000000000000e+00,7.500000000000000000e-01,5.371900826446276422e-01,6.666666666666667407e-01,0.000000000000000000e+00,0.000000000000000000e+00,0.000000000000000000e+00,0.000000000000000000e+00,0.000000000000000000e+00
0.000000000000000000e+00,9.961832061068702782e-01,0.000000000000000000e+00,0.000000000000000000e+00,0.000000000000000000e+00,1.818181818181817955e-01,9.166666666666665186e-01,1.156069364161850938e-01,0.000000000000000000e+00,5.000000000000000000e-01,0.000000000000000000e+00,0.000000000000000000e+00,0.000000000000000000e+00,0.000000000000000000e+00,0.000000000000000000e+00,0.000000000000000000e+00,9.930200093066542388e-01,9.527720739219713852e-01,2.022471910112361160e-01,0.000000000000000000e+00,1.000000000000000000e+00,0.000000000000000000e+00,4.999999999999998890e-01,0.000000000000000000e+00,1.000000000000000000e+00,4.999999999999997224e-01,5.188679245283018826e-01,4.545454545454545303e-01,7.677902621722844378e-02,0.000000000000000000e+00,0.000000000000000000e+00,0.000000000000000000e+00,0.000000000000000000e+00,0.000000000000000000e+00,5.000000000000001110e-01,4.037037037037037868e-01,5.462962962962961688e-01,6.929824561403512551e-01,6.249999999999998890e-01,3.448275862068971853e-01,5.714285714285715079e-01,7.500000000000000000e-01,0.000000000000000000e+00,0.000000000000000000e+00,5.000000000000000000e-01,1.322314049586777729e-01,6.666666666666667407e-01,0.000000000000000000e+00,0.000000000000000000e+00,0.000000000000000000e+00,0.000000000000000000e+00,0.000000000000000000e+00
0.000000000000000000e+00,9.923664122137404453e-01,0.000000000000000000e+00,0.000000000000000000e+00,0.000000000000000000e+00,1.818181818181817955e-01,9.444444444444444198e-01,1.156069364161850938e-01,0.000000000000000000e+00,5.000000000000000000e-01,0.000000000000000000e+00,0.000000000000000000e+00,0.000000000000000000e+00,0.000000000000000000e+00,0.000000000000000000e+00,0.000000000000000000e+00,9.930200093066542388e-01,9.527720739219713852e-01,1.985018726591762095e-01,0.000000000000000000e+00,1.000000000000000000e+00,0.000000000000000000e+00,4.999999999999998890e-01,0.000000000000000000e+00,1.000000000000000000e+00,4.999999999999997224e-01,5.188679245283018826e-01,4.545454545454545303e-01,7.677902621722844378e-02,0.000000000000000000e+00,0.000000000000000000e+00,0.000000000000000000e+00,0.000000000000000000e+00,0.000000000000000000e+00,5.000000000000001110e-01,4.037037037037037868e-01,5.370370370370368684e-01,6.929824561403512551e-01,6.249999999999998890e-01,3.448275862068971853e-01,5.714285714285715079e-01,7.500000000000000000e-01,0.000000000000000000e+00,0.000000000000000000e+00,5.000000000000000000e-01,1.322314049586777729e-01,6.666666666666667407e-01,0.000000000000000000e+00,0.000000000000000000e+00,0.000000000000000000e+00,0.000000000000000000e+00,0.000000000000000000e+00
0.000000000000000000e+00,9.923664122137404453e-01,0.000000000000000000e+00,0.000000000000000000e+00,0.000000000000000000e+00,1.818181818181817955e-01,9.444444444444444198e-01,1.156069364161850938e-01,0.000000000000000000e+00,5.000000000000000000e-01,0.000000000000000000e+00,0.000000000000000000e+00,0.000000000000000000e+00,0.000000000000000000e+00,0.000000000000000000e+00,0.000000000000000000e+00,9.930200093066542388e-01,9.527720739219713852e-01,1.985018726591762095e-01,0.000000000000000000e+00,1.000000000000000000e+00,0.000000000000000000e+00,4.999999999999998890e-01,0.000000000000000000e+00,1.000000000000000000e+00,4.999999999999997224e-01,5.188679245283018826e-01,4.545454545454545303e-01,7.490636704119847666e-02,0.000000000000000000e+00,0.000000000000000000e+00,0.000000000000000000e+00,0.000000000000000000e+00,0.000000000000000000e+00,5.000000000000001110e-01,4.037037037037037868e-01,5.370370370370368684e-01,6.929824561403512551e-01,6.249999999999998890e-01,2.931034482758625992e-01,5.714285714285715079e-01,7.500000000000000000e-01,0.000000000000000000e+00,0.000000000000000000e+00,5.000000000000000000e-01,5.371900826446276422e-01,6.666666666666667407e-01,0.000000000000000000e+00,0.000000000000000000e+00,0.000000000000000000e+00,0.000000000000000000e+00,0.000000000000000000e+00
0.000000000000000000e+00,9.961832061068702782e-01,0.000000000000000000e+00,0.000000000000000000e+00,0.000000000000000000e+00,1.818181818181817955e-01,9.444444444444444198e-01,1.156069364161850938e-01,0.000000000000000000e+00,5.000000000000000000e-01,0.000000000000000000e+00,0.000000000000000000e+00,0.000000000000000000e+00,0.000000000000000000e+00,0.000000000000000000e+00,0.000000000000000000e+00,9.906933457422055778e-01,9.527720739219713852e-01,1.947565543071162752e-01,0.000000000000000000e+00,1.000000000000000000e+00,0.000000000000000000e+00,4.999999999999998890e-01,0.000000000000000000e+00,1.000000000000000000e+00,4.999999999999997224e-01,5.188679245283018826e-01,4.545454545454545303e-01,7.490636704119847666e-02,0.000000000000000000e+00,0.000000000000000000e+00,0.000000000000000000e+00,0.000000000000000000e+00,0.000000000000000000e+00,5.000000000000001110e-01,4.037037037037037868e-01,5.370370370370368684e-01,5.438596491228073759e-01,6.249999999999998890e-01,2.586206896551728751e-01,5.714285714285715079e-01,7.500000000000000000e-01,0.000000000000000000e+00,0.000000000000000000e+00,5.000000000000000000e-01,5.371900826446276422e-01,6.666666666666667407e-01,0.000000000000000000e+00,0.000000000000000000e+00,0.000000000000000000e+00,0.000000000000000000e+00,0.000000000000000000e+00
0.000000000000000000e+00,9.961832061068702782e-01,0.000000000000000000e+00,0.000000000000000000e+00,0.000000000000000000e+00,1.818181818181817955e-01,9.444444444444444198e-01,1.156069364161850938e-01,0.000000000000000000e+00,5.000000000000000000e-01,0.000000000000000000e+00,0.000000000000000000e+00,0.000000000000000000e+00,0.000000000000000000e+00,0.000000000000000000e+00,0.000000000000000000e+00,9.906933457422055778e-01,9.527720739219713852e-01,1.910112359550563410e-01,0.000000000000000000e+00,1.000000000000000000e+00,0.000000000000000000e+00,4.999999999999998890e-01,0.000000000000000000e+00,1.000000000000000000e+00,4.999999999999997224e-01,5.188679245283018826e-01,3.636363636363635909e-01,7.677902621722844378e-02,0.000000000000000000e+00,0.000000000000000000e+00,0.000000000000000000e+00,0.000000000000000000e+00,0.000000000000000000e+00,5.000000000000001110e-01,4.037037037037037868e-01,5.370370370370368684e-01,5.438596491228073759e-01,6.249999999999998890e-01,2.586206896551728751e-01,5.714285714285715079e-01,7.500000000000000000e-01,0.000000000000000000e+00,0.000000000000000000e+00,5.000000000000000000e-01,5.371900826446276422e-01,6.666666666666667407e-01,0.000000000000000000e+00,0.000000000000000000e+00,0.000000000000000000e+00,0.000000000000000000e+00,0.000000000000000000e+00
0.000000000000000000e+00,9.961832061068702782e-01,0.000000000000000000e+00,0.000000000000000000e+00,0.000000000000000000e+00,1.818181818181817955e-01,9.444444444444444198e-01,1.156069364161850938e-01,0.000000000000000000e+00,5.000000000000000000e-01,0.000000000000000000e+00,0.000000000000000000e+00,0.000000000000000000e+00,0.000000000000000000e+00,0.000000000000000000e+00,0.000000000000000000e+00,9.906933457422055778e-01,9.527720739219713852e-01,1.910112359550563410e-01,0.000000000000000000e+00,1.000000000000000000e+00,0.000000000000000000e+00,4.999999999999998890e-01,0.000000000000000000e+00,1.000000000000000000e+00,4.999999999999997224e-01,5.188679245283018826e-01,3.636363636363635909e-01,7.677902621722844378e-02,0.000000000000000000e+00,0.000000000000000000e+00,0.000000000000000000e+00,0.000000000000000000e+00,0.000000000000000000e+00,5.000000000000001110e-01,4.037037037037037868e-01,5.370370370370368684e-01,5.438596491228073759e-01,5.000000000000000000e-01,2.586206896551728751e-01,5.714285714285715079e-01,7.500000000000000000e-01,0.000000000000000000e+00,0.000000000000000000e+00,5.000000000000000000e-01,5.371900826446276422e-01,6.666666666666667407e-01,0.000000000000000000e+00,0.000000000000000000e+00,0.000000000000000000e+00,0.000000000000000000e+00,0.000000000000000000e+00
0.000000000000000000e+00,9.961832061068702782e-01,0.000000000000000000e+00,0.000000000000000000e+00,0.000000000000000000e+00,1.818181818181817955e-01,9.444444444444444198e-01,1.156069364161850938e-01,0.000000000000000000e+00,5.000000000000000000e-01,0.000000000000000000e+00,0.000000000000000000e+00,0.000000000000000000e+00,0.000000000000000000e+00,0.000000000000000000e+00,0.000000000000000000e+00,9.883666821777570277e-01,9.527720739219713852e-01,1.872659176029964068e-01,0.000000000000000000e+00,1.000000000000000000e+00,0.000000000000000000e+00,4.999999999999998890e-01,0.000000000000000000e+00,1.000000000000000000e+00,4.999999999999997224e-01,5.188679245283018826e-01,3.636363636363635909e-01,7.677902621722844378e-02,0.000000000000000000e+00,0.000000000000000000e+00,0.000000000000000000e+00,0.000000000000000000e+00,0.000000000000000000e+00,5.000000000000001110e-01,4.037037037037037868e-01,5.370370370370368684e-01,5.438596491228073759e-01,5.000000000000000000e-01,3.448275862068971853e-01,5.714285714285715079e-01,7.500000000000000000e-01,0.000000000000000000e+00,0.000000000000000000e+00,5.000000000000000000e-01,5.371900826446276422e-01,6.666666666666667407e-01,0.000000000000000000e+00,0.000000000000000000e+00,0.000000000000000000e+00,0.000000000000000000e+00,0.000000000000000000e+00
0.000000000000000000e+00,9.961832061068702782e-01,0.000000000000000000e+00,0.000000000000000000e+00,0.000000000000000000e+00,1.818181818181817955e-01,9.722222222222220989e-01,1.156069364161850938e-01,0.000000000000000000e+00,5.000000000000000000e-01,0.000000000000000000e+00,0.000000000000000000e+00,0.000000000000000000e+00,0.000000000000000000e+00,0.000000000000000000e+00,0.000000000000000000e+00,9.883666821777570277e-01,9.527720739219713852e-01,1.872659176029964068e-01,0.000000000000000000e+00,1.000000000000000000e+00,0.000000000000000000e+00,4.999999999999998890e-01,0.000000000000000000e+00,1.000000000000000000e+00,4.999999999999997224e-01,5.188679245283018826e-01,3.636363636363635909e-01,7.677902621722844378e-02,0.000000000000000000e+00,0.000000000000000000e+00,0.000000000000000000e+00,0.000000000000000000e+00,0.000000000000000000e+00,5.000000000000001110e-01,4.037037037037037868e-01,5.138888888888889506e-01,5.438596491228073759e-01,3.750000000000000000e-01,3.620689655172420474e-01,2.857142857142857539e-01,7.500000000000000000e-01,0.000000000000000000e+00,0.000000000000000000e+00,5.000000000000000000e-01,5.371900826446276422e-01,6.666666666666667407e-01,0.000000000000000000e+00,0.000000000000000000e+00,0.000000000000000000e+00,0.000000000000000000e+00,0.000000000000000000e+00
0.000000000000000000e+00,9.961832061068702782e-01,0.000000000000000000e+00,0.000000000000000000e+00,0.000000000000000000e+00,1.818181818181817955e-01,9.722222222222220989e-01,1.156069364161850938e-01,0.000000000000000000e+00,5.000000000000000000e-01,0.000000000000000000e+00,0.000000000000000000e+00,0.000000000000000000e+00,0.000000000000000000e+00,0.000000000000000000e+00,0.000000000000000000e+00,9.883666821777570277e-01,9.527720739219713852e-01,1.872659176029964068e-01,0.000000000000000000e+00,1.000000000000000000e+00,0.000000000000000000e+00,4.999999999999998890e-01,0.000000000000000000e+00,1.000000000000000000e+00,4.999999999999997224e-01,5.377358490566036542e-01,3.636363636363635909e-01,7.490636704119847666e-02,0.000000000000000000e+00,0.000000000000000000e+00,0.000000000000000000e+00,0.000000000000000000e+00,0.000000000000000000e+00,5.000000000000001110e-01,4.037037037037037868e-01,5.138888888888889506e-01,5.438596491228073759e-01,3.750000000000000000e-01,3.103448275862074612e-01,2.857142857142857539e-01,7.500000000000000000e-01,0.000000000000000000e+00,0.000000000000000000e+00,5.000000000000000000e-01,5.371900826446276422e-01,6.666666666666667407e-01,0.000000000000000000e+00,0.000000000000000000e+00,0.000000000000000000e+00,0.000000000000000000e+00,0.000000000000000000e+00
0.000000000000000000e+00,9.961832061068702782e-01,0.000000000000000000e+00,0.000000000000000000e+00,0.000000000000000000e+00,1.818181818181817955e-01,9.722222222222220989e-01,1.156069364161850938e-01,0.000000000000000000e+00,5.000000000000000000e-01,0.000000000000000000e+00,0.000000000000000000e+00,0.000000000000000000e+00,0.000000000000000000e+00,0.000000000000000000e+00,0.000000000000000000e+00,9.906933457422055778e-01,9.527720739219713852e-01,1.872659176029964068e-01,0.000000000000000000e+00,1.000000000000000000e+00,0.000000000000000000e+00,4.999999999999998890e-01,0.000000000000000000e+00,1.000000000000000000e+00,4.999999999999997224e-01,5.377358490566036542e-01,3.636363636363635909e-01,7.490636704119847666e-02,0.000000000000000000e+00,0.000000000000000000e+00,0.000000000000000000e+00,0.000000000000000000e+00,0.000000000000000000e+00,5.000000000000001110e-01,4.037037037037037868e-01,5.138888888888889506e-01,5.438596491228073759e-01,3.750000000000000000e-01,2.931034482758625992e-01,4.285714285714285476e-01,7.500000000000000000e-01,0.000000000000000000e+00,0.000000000000000000e+00,5.000000000000000000e-01,5.371900826446276422e-01,6.666666666666667407e-01,0.000000000000000000e+00,0.000000000000000000e+00,0.000000000000000000e+00,0.000000000000000000e+00,0.000000000000000000e+00
0.000000000000000000e+00,9.961832061068702782e-01,0.000000000000000000e+00,0.000000000000000000e+00,0.000000000000000000e+00,1.818181818181817955e-01,9.722222222222220989e-01,1.156069364161850938e-01,0.000000000000000000e+00,5.000000000000000000e-01,0.000000000000000000e+00,0.000000000000000000e+00,0.000000000000000000e+00,0.000000000000000000e+00,0.000000000000000000e+00,0.000000000000000000e+00,9.906933457422055778e-01,9.537987679671459107e-01,1.835205992509365003e-01,0.000000000000000000e+00,1.000000000000000000e+00,0.000000000000000000e+00,4.999999999999998890e-01,0.000000000000000000e+00,1.000000000000000000e+00,4.999999999999997224e-01,5.377358490566036542e-01,5.454545454545454142e-01,7.677902621722844378e-02,0.000000000000000000e+00,0.000000000000000000e+00,0.000000000000000000e+00,0.000000000000000000e+00,0.000000000000000000e+00,5.000000000000001110e-01,4.037037037037037868e-01,5.138888888888889506e-01,5.438596491228073759e-01,3.750000000000000000e-01,3.103448275862074612e-01,5.714285714285715079e-01,7.500000000000000000e-01,0.000000000000000000e+00,0.000000000000000000e+00,5.000000000000000000e-01,5.371900826446276422e-01,6.666666666666667407e-01,0.000000000000000000e+00,0.000000000000000000e+00,0.000000000000000000e+00,0.000000000000000000e+00,0.000000000000000000e+00
0.000000000000000000e+00,9.961832061068702782e-01,0.000000000000000000e+00,0.000000000000000000e+00,0.000000000000000000e+00,1.818181818181817955e-01,9.722222222222220989e-01,1.156069364161850938e-01,0.000000000000000000e+00,5.000000000000000000e-01,0.000000000000000000e+00,0.000000000000000000e+00,0.000000000000000000e+00,0.000000000000000000e+00,0.000000000000000000e+00,0.000000000000000000e+00,9.906933457422055778e-01,9.537987679671459107e-01,1.797752808988765660e-01,0.000000000000000000e+00,1.000000000000000000e+00,0.000000000000000000e+00,4.999999999999998890e-01,0.000000000000000000e+00,1.000000000000000000e+00,4.999999999999997224e-01,5.377358490566036542e-01,5.454545454545454142e-01,7.677902621722844378e-02,0.000000000000000000e+00,0.000000000000000000e+00,0.000000000000000000e+00,0.000000000000000000e+00,0.000000000000000000e+00,5.000000000000001110e-01,4.037037037037037868e-01,5.138888888888889506e-01,5.438596491228073759e-01,3.750000000000000000e-01,2.068965517241383167e-01,7.142857142857143016e-01,7.500000000000000000e-01,0.000000000000000000e+00,0.000000000000000000e+00,5.000000000000000000e-01,5.371900826446276422e-01,6.666666666666667407e-01,0.000000000000000000e+00,0.000000000000000000e+00,0.000000000000000000e+00,0.000000000000000000e+00,0.000000000000000000e+00
0.000000000000000000e+00,9.961832061068702782e-01,0.000000000000000000e+00,0.000000000000000000e+00,0.000000000000000000e+00,1.818181818181817955e-01,9.722222222222220989e-01,1.156069364161850938e-01,0.000000000000000000e+00,5.000000000000000000e-01,0.000000000000000000e+00,0.000000000000000000e+00,0.000000000000000000e+00,0.000000000000000000e+00,0.000000000000000000e+00,0.000000000000000000e+00,9.906933457422055778e-01,9.537987679671459107e-01,1.797752808988765660e-01,0.000000000000000000e+00,1.000000000000000000e+00,0.000000000000000000e+00,4.999999999999998890e-01,0.000000000000000000e+00,1.000000000000000000e+00,4.999999999999997224e-01,5.377358490566036542e-01,5.454545454545454142e-01,7.490636704119847666e-02,0.000000000000000000e+00,0.000000000000000000e+00,0.000000000000000000e+00,0.000000000000000000e+00,0.000000000000000000e+00,5.000000000000001110e-01,4.037037037037037868e-01,5.138888888888889506e-01,5.438596491228073759e-01,3.750000000000000000e-01,1.551724137931037584e-01,7.142857142857143016e-01,7.500000000000000000e-01,0.000000000000000000e+00,0.000000000000000000e+00,5.000000000000000000e-01,5.371900826446276422e-01,5.000000000000001110e-01,0.000000000000000000e+00,0.000000000000000000e+00,0.000000000000000000e+00,0.000000000000000000e+00,0.000000000000000000e+00
0.000000000000000000e+00,9.961832061068702782e-01,0.000000000000000000e+00,0.000000000000000000e+00,0.000000000000000000e+00,1.818181818181817955e-01,9.722222222222220989e-01,1.156069364161850938e-01,0.000000000000000000e+00,5.000000000000000000e-01,0.000000000000000000e+00,0.000000000000000000e+00,0.000000000000000000e+00,0.000000000000000000e+00,0.000000000000000000e+00,0.000000000000000000e+00,9.906933457422055778e-01,9.527720739219713852e-01,1.760299625468166040e-01,0.000000000000000000e+00,1.000000000000000000e+00,0.000000000000000000e+00,4.999999999999998890e-01,0.000000000000000000e+00,1.000000000000000000e+00,4.999999999999997224e-01,5.377358490566036542e-01,5.454545454545454142e-01,7.490636704119847666e-02,0.000000000000000000e+00,0.000000000000000000e+00,0.000000000000000000e+00,0.000000000000000000e+00,0.000000000000000000e+00,5.000000000000001110e-01,4.037037037037037868e-01,5.138888888888889506e-01,7.368421052631580759e-01,3.750000000000000000e-01,2.586206896551728751e-01,7.142857142857143016e-01,7.500000000000000000e-01,0.000000000000000000e+00,0.000000000000000000e+00,5.000000000000000000e-01,5.371900826446276422e-01,5.000000000000001110e-01,0.000000000000000000e+00,0.000000000000000000e+00,0.000000000000000000e+00,0.000000000000000000e+00,0.000000000000000000e+00
0.000000000000000000e+00,9.961832061068702782e-01,0.000000000000000000e+00,0.000000000000000000e+00,0.000000000000000000e+00,1.818181818181817955e-01,9.722222222222220989e-01,1.329479768786128169e-01,0.000000000000000000e+00,5.000000000000000000e-01,0.000000000000000000e+00,0.000000000000000000e+00,0.000000000000000000e+00,0.000000000000000000e+00,0.000000000000000000e+00,0.000000000000000000e+00,9.883666821777570277e-01,9.527720739219713852e-01,1.760299625468166040e-01,0.000000000000000000e+00,1.000000000000000000e+00,0.000000000000000000e+00,4.999999999999998890e-01,0.000000000000000000e+00,1.000000000000000000e+00,4.999999999999997224e-01,5.377358490566036542e-01,6.363636363636363535e-01,7.490636704119847666e-02,0.000000000000000000e+00,0.000000000000000000e+00,0.000000000000000000e+00,0.000000000000000000e+00,0.000000000000000000e+00,5.000000000000001110e-01,4.037037037037037868e-01,5.138888888888889506e-01,7.368421052631580759e-01,6.249999999999998890e-01,2.586206896551728751e-01,7.142857142857143016e-01,7.500000000000000000e-01,0.000000000000000000e+00,0.000000000000000000e+00,5.000000000000000000e-01,5.371900826446276422e-01,5.000000000000001110e-01,0.000000000000000000e+00,0.000000000000000000e+00,0.000000000000000000e+00,0.000000000000000000e+00,0.000000000000000000e+00
0.000000000000000000e+00,9.961832061068702782e-01,0.000000000000000000e+00,0.000000000000000000e+00,0.000000000000000000e+00,1.818181818181817955e-01,9.722222222222220989e-01,1.329479768786128169e-01,0.000000000000000000e+00,5.000000000000000000e-01,0.000000000000000000e+00,0.000000000000000000e+00,0.000000000000000000e+00,0.000000000000000000e+00,0.000000000000000000e+00,0.000000000000000000e+00,9.883666821777570277e-01,9.527720739219713852e-01,1.722846441947566698e-01,0.000000000000000000e+00,1.000000000000000000e+00,0.000000000000000000e+00,4.999999999999998890e-01,0.000000000000000000e+00,1.000000000000000000e+00,4.999999999999997224e-01,5.377358490566036542e-01,7.272727272727271819e-01,7.303370786516850954e-02,0.000000000000000000e+00,0.000000000000000000e+00,0.000000000000000000e+00,0.000000000000000000e+00,0.000000000000000000e+00,5.000000000000001110e-01,4.037037037037037868e-01,5.138888888888889506e-01,7.368421052631580759e-01,6.249999999999998890e-01,2.586206896551728751e-01,7.142857142857143016e-01,7.500000000000000000e-01,0.000000000000000000e+00,0.000000000000000000e+00,5.000000000000000000e-01,5.371900826446276422e-01,5.000000000000001110e-01,0.000000000000000000e+00,0.000000000000000000e+00,0.000000000000000000e+00,0.000000000000000000e+00,0.000000000000000000e+00
0.000000000000000000e+00,9.961832061068702782e-01,0.000000000000000000e+00,0.000000000000000000e+00,0.000000000000000000e+00,1.818181818181817955e-01,9.722222222222220989e-01,1.329479768786128169e-01,0.000000000000000000e+00,5.000000000000000000e-01,0.000000000000000000e+00,0.000000000000000000e+00,0.000000000000000000e+00,0.000000000000000000e+00,0.000000000000000000e+00,0.000000000000000000e+00,9.906933457422055778e-01,9.527720739219713852e-01,1.685393258426967633e-01,0.000000000000000000e+00,1.000000000000000000e+00,0.000000000000000000e+00,4.999999999999998890e-01,0.000000000000000000e+00,1.000000000000000000e+00,4.999999999999997224e-01,5.377358490566036542e-01,7.272727272727271819e-01,7.490636704119847666e-02,0.000000000000000000e+00,0.000000000000000000e+00,0.000000000000000000e+00,0.000000000000000000e+00,0.000000000000000000e+00,5.000000000000001110e-01,4.037037037037037868e-01,5.138888888888889506e-01,7.368421052631580759e-01,6.249999999999998890e-01,2.586206896551728751e-01,7.142857142857143016e-01,7.500000000000000000e-01,0.000000000000000000e+00,0.000000000000000000e+00,5.000000000000000000e-01,5.371900826446276422e-01,5.000000000000001110e-01,0.000000000000000000e+00,0.000000000000000000e+00,0.000000000000000000e+00,0.000000000000000000e+00,0.000000000000000000e+00
0.000000000000000000e+00,9.961832061068702782e-01,0.000000000000000000e+00,0.000000000000000000e+00,0.000000000000000000e+00,1.818181818181817955e-01,9.722222222222220989e-01,1.329479768786128169e-01,0.000000000000000000e+00,5.000000000000000000e-01,0.000000000000000000e+00,0.000000000000000000e+00,0.000000000000000000e+00,0.000000000000000000e+00,0.000000000000000000e+00,0.000000000000000000e+00,9.906933457422055778e-01,9.527720739219713852e-01,1.685393258426967633e-01,0.000000000000000000e+00,1.000000000000000000e+00,0.000000000000000000e+00,4.999999999999998890e-01,0.000000000000000000e+00,1.000000000000000000e+00,4.999999999999997224e-01,5.377358490566036542e-01,7.272727272727271819e-01,7.490636704119847666e-02,0.000000000000000000e+00,0.000000000000000000e+00,0.000000000000000000e+00,0.000000000000000000e+00,0.000000000000000000e+00,5.000000000000001110e-01,4.037037037037037868e-01,5.138888888888889506e-01,7.368421052631580759e-01,6.249999999999998890e-01,2.586206896551728751e-01,7.142857142857143016e-01,7.500000000000000000e-01,0.000000000000000000e+00,0.000000000000000000e+00,5.000000000000000000e-01,5.371900826446276422e-01,5.000000000000001110e-01,0.000000000000000000e+00,0.000000000000000000e+00,0.000000000000000000e+00,0.000000000000000000e+00,0.000000000000000000e+00
0.000000000000000000e+00,9.961832061068702782e-01,0.000000000000000000e+00,0.000000000000000000e+00,0.000000000000000000e+00,1.818181818181817955e-01,9.722222222222220989e-01,1.329479768786128169e-01,0.000000000000000000e+00,5.000000000000000000e-01,0.000000000000000000e+00,0.000000000000000000e+00,0.000000000000000000e+00,0.000000000000000000e+00,0.000000000000000000e+00,0.000000000000000000e+00,9.906933457422055778e-01,9.537987679671459107e-01,1.685393258426967633e-01,0.000000000000000000e+00,1.000000000000000000e+00,0.000000000000000000e+00,4.999999999999998890e-01,0.000000000000000000e+00,1.000000000000000000e+00,4.999999999999997224e-01,5.377358490566036542e-01,7.272727272727271819e-01,7.490636704119847666e-02,0.000000000000000000e+00,0.000000000000000000e+00,0.000000000000000000e+00,0.000000000000000000e+00,0.000000000000000000e+00,5.000000000000001110e-01,4.037037037037037868e-01,5.138888888888889506e-01,7.368421052631580759e-01,6.249999999999998890e-01,2.586206896551728751e-01,7.142857142857143016e-01,7.500000000000000000e-01,0.000000000000000000e+00,0.000000000000000000e+00,5.000000000000000000e-01,5.371900826446276422e-01,5.000000000000001110e-01,0.000000000000000000e+00,0.000000000000000000e+00,0.000000000000000000e+00,0.000000000000000000e+00,0.000000000000000000e+00
0.000000000000000000e+00,9.961832061068702782e-01,0.000000000000000000e+00,0.000000000000000000e+00,0.000000000000000000e+00,1.818181818181817955e-01,9.722222222222220989e-01,1.329479768786128169e-01,0.000000000000000000e+00,5.000000000000000000e-01,0.000000000000000000e+00,0.000000000000000000e+00,0.000000000000000000e+00,0.000000000000000000e+00,0.000000000000000000e+00,0.000000000000000000e+00,9.930200093066542388e-01,9.537987679671459107e-01,1.647940074906368291e-01,0.000000000000000000e+00,1.000000000000000000e+00,0.000000000000000000e+00,4.999999999999998890e-01,0.000000000000000000e+00,1.000000000000000000e+00,4.999999999999997224e-01,5.377358490566036542e-01,7.272727272727271819e-01,7.490636704119847666e-02,0.000000000000000000e+00,0.000000000000000000e+00,0.000000000000000000e+00,0.000000000000000000e+00,0.000000000000000000e+00,5.000000000000001110e-01,4.888888888888888729e-01,5.138888888888889506e-01,7.368421052631580759e-01,5.000000000000000000e-01,1.724137931034486204e-02,7.142857142857143016e-01,7.500000000000000000e-01,0.000000000000000000e+00,0.000000000000000000e+00,5.000000000000000000e-01,5.371900826446276422e-01,6.666666666666667407e-01,0.000000000000000000e+00,0.000000000000000000e+00,0.000000000000000000e+00,0.000000000000000000e+00,0.000000000000000000e+00
0.000000000000000000e+00,9.961832061068702782e-01,0.000000000000000000e+00,0.000000000000000000e+00,0.000000000000000000e+00,1.818181818181817955e-01,1.000000000000000000e+00,1.329479768786128169e-01,0.000000000000000000e+00,5.000000000000000000e-01,0.000000000000000000e+00,0.000000000000000000e+00,0.000000000000000000e+00,0.000000000000000000e+00,0.000000000000000000e+00,0.000000000000000000e+00,9.883666821777570277e-01,9.537987679671459107e-01,1.647940074906368291e-01,0.000000000000000000e+00,1.000000000000000000e+00,0.000000000000000000e+00,4.999999999999998890e-01,0.000000000000000000e+00,1.000000000000000000e+00,4.999999999999997224e-01,5.377358490566036542e-01,6.363636363636363535e-01,7.490636704119847666e-02,0.000000000000000000e+00,0.000000000000000000e+00,0.000000000000000000e+00,0.000000000000000000e+00,0.000000000000000000e+00,5.000000000000001110e-01,4.888888888888888729e-01,5.138888888888889506e-01,7.368421052631580759e-01,5.000000000000000000e-01,1.724137931034486204e-02,7.142857142857143016e-01,7.500000000000000000e-01,0.000000000000000000e+00,0.000000000000000000e+00,5.000000000000000000e-01,5.371900826446276422e-01,8.333333333333333703e-01,0.000000000000000000e+00,0.000000000000000000e+00,0.000000000000000000e+00,0.000000000000000000e+00,0.000000000000000000e+00
0.000000000000000000e+00,9.961832061068702782e-01,0.000000000000000000e+00,0.000000000000000000e+00,0.000000000000000000e+00,1.818181818181817955e-01,1.000000000000000000e+00,1.156069364161850938e-01,0.000000000000000000e+00,5.000000000000000000e-01,0.000000000000000000e+00,0.000000000000000000e+00,0.000000000000000000e+00,0.000000000000000000e+00,0.000000000000000000e+00,0.000000000000000000e+00,9.883666821777570277e-01,9.537987679671459107e-01,1.610486891385768948e-01,0.000000000000000000e+00,1.000000000000000000e+00,0.000000000000000000e+00,4.999999999999998890e-01,0.000000000000000000e+00,1.000000000000000000e+00,4.999999999999997224e-01,5.377358490566036542e-01,6.363636363636363535e-01,7.677902621722844378e-02,0.000000000000000000e+00,0.000000000000000000e+00,0.000000000000000000e+00,0.000000000000000000e+00,0.000000000000000000e+00,5.000000000000001110e-01,4.888888888888888729e-01,5.138888888888889506e-01,7.368421052631580759e-01,5.000000000000000000e-01,2.931034482758625992e-01,8.571428571428570953e-01,7.500000000000000000e-01,0.000000000000000000e+00,0.000000000000000000e+00,5.000000000000000000e-01,5.371900826446276422e-01,8.333333333333333703e-01,0.000000000000000000e+00,0.000000000000000000e+00,0.000000000000000000e+00,0.000000000000000000e+00,0.000000000000000000e+00
0.000000000000000000e+00,9.961832061068702782e-01,0.000000000000000000e+00,0.000000000000000000e+00,0.000000000000000000e+00,1.818181818181817955e-01,1.000000000000000000e+00,1.156069364161850938e-01,0.000000000000000000e+00,5.000000000000000000e-01,0.000000000000000000e+00,0.000000000000000000e+00,0.000000000000000000e+00,0.000000000000000000e+00,0.000000000000000000e+00,0.000000000000000000e+00,9.883666821777570277e-01,9.537987679671459107e-01,1.573033707865169883e-01,0.000000000000000000e+00,1.000000000000000000e+00,0.000000000000000000e+00,4.999999999999998890e-01,0.000000000000000000e+00,1.000000000000000000e+00,4.999999999999997224e-01,5.377358490566036542e-01,5.454545454545454142e-01,7.865168539325841091e-02,0.000000000000000000e+00,0.000000000000000000e+00,0.000000000000000000e+00,0.000000000000000000e+00,0.000000000000000000e+00,5.000000000000001110e-01,4.888888888888888729e-01,5.138888888888889506e-01,7.368421052631580759e-01,5.000000000000000000e-01,4.655172413793112196e-01,8.571428571428570953e-01,7.500000000000000000e-01,0.000000000000000000e+00,0.000000000000000000e+00,5.000000000000000000e-01,5.371900826446276422e-01,6.666666666666667407e-01,0.000000000000000000e+00,0.000000000000000000e+00,0.000000000000000000e+00,0.000000000000000000e+00,0.000000000000000000e+00
0.000000000000000000e+00,9.961832061068702782e-01,0.000000000000000000e+00,0.000000000000000000e+00,0.000000000000000000e+00,1.818181818181817955e-01,1.000000000000000000e+00,1.156069364161850938e-01,0.000000000000000000e+00,5.000000000000000000e-01,0.000000000000000000e+00,0.000000000000000000e+00,0.000000000000000000e+00,0.000000000000000000e+00,0.000000000000000000e+00,0.000000000000000000e+00,9.883666821777570277e-01,9.537987679671459107e-01,1.573033707865169883e-01,0.000000000000000000e+00,1.000000000000000000e+00,0.000000000000000000e+00,4.999999999999998890e-01,0.000000000000000000e+00,1.000000000000000000e+00,4.999999999999997224e-01,5.377358490566036542e-01,4.545454545454545303e-01,7.865168539325841091e-02,0.000000000000000000e+00,0.000000000000000000e+00,0.000000000000000000e+00,0.000000000000000000e+00,0.000000000000000000e+00,5.000000000000001110e-01,4.888888888888888729e-01,5.138888888888889506e-01,7.368421052631580759e-01,3.750000000000000000e-01,4.827586206896560816e-01,8.571428571428570953e-01,7.500000000000000000e-01,0.000000000000000000e+00,0.000000000000000000e+00,7.500000000000000000e-01,5.371900826446276422e-01,6.666666666666667407e-01,0.000000000000000000e+00,0.000000000000000000e+00,0.000000000000000000e+00,0.000000000000000000e+00,0.000000000000000000e+00
0.000000000000000000e+00,9.961832061068702782e-01,0.000000000000000000e+00,0.000000000000000000e+00,0.000000000000000000e+00,1.818181818181817955e-01,1.000000000000000000e+00,1.213872832369943255e-01,0.000000000000000000e+00,5.000000000000000000e-01,0.000000000000000000e+00,0.000000000000000000e+00,0.000000000000000000e+00,0.000000000000000000e+00,0.000000000000000000e+00,0.000000000000000000e+00,9.883666821777570277e-01,9.537987679671459107e-01,1.535580524344570541e-01,0.000000000000000000e+00,1.000000000000000000e+00,0.000000000000000000e+00,4.999999999999998890e-01,0.000000000000000000e+00,1.000000000000000000e+00,4.999999999999997224e-01,5.377358490566036542e-01,4.545454545454545303e-01,8.052434456928836415e-02,0.000000000000000000e+00,0.000000000000000000e+00,0.000000000000000000e+00,0.000000000000000000e+00,0.000000000000000000e+00,5.000000000000001110e-01,4.888888888888888729e-01,5.138888888888889506e-01,7.368421052631580759e-01,3.750000000000000000e-01,4.482758620689663576e-01,5.714285714285715079e-01,7.500000000000000000e-01,0.000000000000000000e+00,0.000000000000000000e+00,7.500000000000000000e-01,5.371900826446276422e-01,6.666666666666667407e-01,0.000000000000000000e+00,0.000000000000000000e+00,0.000000000000000000e+00,0.000000000000000000e+00,0.000000000000000000e+00
0.000000000000000000e+00,9.961832061068702782e-01,0.000000000000000000e+00,0.000000000000000000e+00,0.000000000000000000e+00,1.818181818181817955e-01,1.000000000000000000e+00,1.213872832369943255e-01,0.000000000000000000e+00,5.000000000000000000e-01,0.000000000000000000e+00,0.000000000000000000e+00,0.000000000000000000e+00,0.000000000000000000e+00,0.000000000000000000e+00,0.000000000000000000e+00,9.906933457422055778e-01,9.537987679671459107e-01,1.535580524344570541e-01,0.000000000000000000e+00,1.000000000000000000e+00,0.000000000000000000e+00,4.999999999999998890e-01,0.000000000000000000e+00,1.000000000000000000e+00,4.999999999999997224e-01,5.377358490566036542e-01,3.636363636363635909e-01,8.052434456928836415e-02,0.000000000000000000e+00,0.000000000000000000e+00,0.000000000000000000e+00,0.000000000000000000e+00,0.000000000000000000e+00,5.000000000000001110e-01,4.888888888888888729e-01,5.138888888888889506e-01,7.368421052631580759e-01,3.750000000000000000e-01,3.620689655172420474e-01,5.714285714285715079e-01,7.500000000000000000e-01,0.000000000000000000e+00,0.000000000000000000e+00,7.500000000000000000e-01,9.338842975206610442e-01,6.666666666666667407e-01,0.000000000000000000e+00,0.000000000000000000e+00,0.000000000000000000e+00,0.000000000000000000e+00,0.000000000000000000e+00
0.000000000000000000e+00,9.961832061068702782e-01,0.000000000000000000e+00,0.000000000000000000e+00,0.000000000000000000e+00,1.818181818181817955e-01,1.000000000000000000e+00,1.213872832369943255e-01,0.000000000000000000e+00,5.000000000000000000e-01,0.000000000000000000e+00,0.000000000000000000e+00,0.000000000000000000e+00,0.000000000000000000e+00,0.000000000000000000e+00,0.000000000000000000e+00,9.906933457422055778e-01,9.537987679671459107e-01,1.535580524344570541e-01,0.000000000000000000e+00,1.000000000000000000e+00,0.000000000000000000e+00,4.999999999999998890e-01,0.000000000000000000e+00,1.000000000000000000e+00,4.999999999999997224e-01,5.330188679245283501e-01,3.636363636363635909e-01,8.239700374531833127e-02,0.000000000000000000e+00,0.000000000000000000e+00,0.000000000000000000e+00,0.000000000000000000e+00,0.000000000000000000e+00,5.000000000000001110e-01,4.888888888888888729e-01,5.138888888888889506e-01,7.368421052631580759e-01,3.750000000000000000e-01,3.620689655172420474e-01,5.714285714285715079e-01,7.500000000000000000e-01,0.000000000000000000e+00,0.000000000000000000e+00,7.500000000000000000e-01,9.338842975206610442e-01,6.666666666666667407e-01,0.000000000000000000e+00,0.000000000000000000e+00,0.000000000000000000e+00,0.000000000000000000e+00,0.000000000000000000e+00
0.000000000000000000e+00,9.961832061068702782e-01,0.000000000000000000e+00,0.000000000000000000e+00,0.000000000000000000e+00,1.818181818181817955e-01,1.000000000000000000e+00,1.213872832369943255e-01,0.000000000000000000e+00,5.000000000000000000e-01,0.000000000000000000e+00,0.000000000000000000e+00,0.000000000000000000e+00,0.000000000000000000e+00,0.000000000000000000e+00,0.000000000000000000e+00,9.906933457422055778e-01,9.537987679671459107e-01,1.498127340823971199e-01,0.000000000000000000e+00,1.000000000000000000e+00,0.000000000000000000e+00,4.999999999999998890e-01,0.000000000000000000e+00,1.000000000000000000e+00,4.999999999999997224e-01,5.330188679245283501e-01,4.545454545454545303e-01,8.239700374531833127e-02,0.000000000000000000e+00,0.000000000000000000e+00,0.000000000000000000e+00,0.000000000000000000e+00,0.000000000000000000e+00,5.000000000000001110e-01,4.888888888888888729e-01,4.814814814814815658e-01,7.368421052631580759e-01,3.750000000000000000e-01,4.137931034482766335e-01,5.714285714285715079e-01,7.500000000000000000e-01,0.000000000000000000e+00,0.000000000000000000e+00,7.500000000000000000e-01,3.305785123966935024e-01,5.000000000000001110e-01,0.000000000000000000e+00,0.000000000000000000e+00,0.000000000000000000e+00,0.000000000000000000e+00,0.000000000000000000e+00
0.000000000000000000e+00,9.961832061068702782e-01,0.000000000000000000e+00,0.000000000000000000e+00,0.000000000000000000e+00,1.818181818181817955e-01,1.000000000000000000e+00,1.213872832369943255e-01,0.000000000000000000e+00,5.000000000000000000e-01,0.000000000000000000e+00,0.000000000000000000e+00,0.000000000000000000e+00,0.000000000000000000e+00,0.000000000000000000e+00,0.000000000000000000e+00,9.906933457422055778e-01,9.537987679671459107e-01,1.498127340823971199e-01,0.000000000000000000e+00,1.000000000000000000e+00,0.000000000000000000e+00,4.999999999999998890e-01,0.000000000000000000e+00,1.000000000000000000e+00,4.999999999999997224e-01,5.330188679245283501e-01,5.454545454545454142e-01,8.426966292134829839e-02,0.000000000000000000e+00,0.000000000000000000e+00,0.000000000000000000e+00,0.000000000000000000e+00,0.000000000000000000e+00,5.000000000000001110e-01,4.888888888888888729e-01,4.814814814814815658e-01,7.368421052631580759e-01,3.750000000000000000e-01,5.862068965517233110e-01,5.714285714285715079e-01,7.500000000000000000e-01,0.000000000000000000e+00,0.000000000000000000e+00,7.500000000000000000e-01,3.305785123966935024e-01,5.000000000000001110e-01,0.000000000000000000e+00,0.000000000000000000e+00,0.000000000000000000e+00,0.000000000000000000e+00,0.000000000000000000e+00
0.000000000000000000e+00,9.961832061068702782e-01,0.000000000000000000e+00,0.000000000000000000e+00,0.000000000000000000e+00,1.818181818181817955e-01,9.722222222222220989e-01,1.213872832369943255e-01,0.000000000000000000e+00,5.000000000000000000e-01,0.000000000000000000e+00,0.000000000000000000e+00,0.000000000000000000e+00,0.000000000000000000e+00,0.000000000000000000e+00,0.000000000000000000e+00,9.906933457422055778e-01,9.537987679671459107e-01,1.460674157303371856e-01,0.000000000000000000e+00,1.000000000000000000e+00,0.000000000000000000e+00,4.999999999999998890e-01,0.000000000000000000e+00,1.000000000000000000e+00,4.999999999999997224e-01,5.330188679245283501e-01,5.454545454545454142e-01,8.614232209737826551e-02,0.000000000000000000e+00,0.000000000000000000e+00,0.000000000000000000e+00,0.000000000000000000e+00,0.000000000000000000e+00,5.000000000000001110e-01,4.888888888888888729e-01,5.046296296296297612e-01,7.368421052631580759e-01,3.750000000000000000e-01,5.689655172413785600e-01,2.857142857142857539e-01,7.500000000000000000e-01,0.000000000000000000e+00,0.000000000000000000e+00,5.000000000000000000e-01,3.305785123966935024e-01,5.000000000000001110e-01,0.000000000000000000e+00,0.000000000000000000e+00,0.000000000000000000e+00,0.000000000000000000e+00,0.000000000000000000e+00
0.000000000000000000e+00,9.961832061068702782e-01,0.000000000000000000e+00,0.000000000000000000e+00,0.000000000000000000e+00,1.818181818181817955e-01,9.722222222222220989e-01,1.213872832369943255e-01,0.000000000000000000e+00,5.000000000000000000e-01,0.000000000000000000e+00,0.000000000000000000e+00,0.000000000000000000e+00,0.000000000000000000e+00,0.000000000000000000e+00,0.000000000000000000e+00,9.906933457422055778e-01,9.537987679671459107e-01,1.460674157303371856e-01,0.000000000000000000e+00,1.000000000000000000e+00,0.000000000000000000e+00,4.999999999999998890e-01,0.000000000000000000e+00,1.000000000000000000e+00,4.999999999999997224e-01,5.330188679245283501e-01,5.454545454545454142e-01,8.614232209737826551e-02,0.000000000000000000e+00,0.000000000000000000e+00,0.000000000000000000e+00,0.000000000000000000e+00,0.000000000000000000e+00,4.285714285714286587e-01,4.888888888888888729e-01,5.092592592592594114e-01,7.368421052631580759e-01,3.750000000000000000e-01,4.827586206896560816e-01,7.142857142857143016e-01,7.500000000000000000e-01,0.000000000000000000e+00,0.000000000000000000e+00,5.000000000000000000e-01,3.305785123966935024e-01,5.000000000000001110e-01,0.000000000000000000e+00,0.000000000000000000e+00,0.000000000000000000e+00,0.000000000000000000e+00,0.000000000000000000e+00
0.000000000000000000e+00,9.961832061068702782e-01,0.000000000000000000e+00,0.000000000000000000e+00,0.000000000000000000e+00,1.818181818181817955e-01,9.722222222222220989e-01,1.213872832369943255e-01,0.000000000000000000e+00,5.000000000000000000e-01,0.000000000000000000e+00,0.000000000000000000e+00,0.000000000000000000e+00,0.000000000000000000e+00,0.000000000000000000e+00,0.000000000000000000e+00,9.883666821777570277e-01,9.537987679671459107e-01,1.460674157303371856e-01,0.000000000000000000e+00,1.000000000000000000e+00,0.000000000000000000e+00,4.999999999999998890e-01,0.000000000000000000e+00,1.000000000000000000e+00,4.999999999999997224e-01,5.330188679245283501e-01,5.454545454545454142e-01,8.614232209737826551e-02,0.000000000000000000e+00,0.000000000000000000e+00,0.000000000000000000e+00,0.000000000000000000e+00,0.000000000000000000e+00,4.285714285714286587e-01,4.888888888888888729e-01,5.092592592592594114e-01,7.368421052631580759e-01,3.750000000000000000e-01,5.172413793103457502e-01,7.142857142857143016e-01,7.500000000000000000e-01,0.000000000000000000e+00,0.000000000000000000e+00,5.000000000000000000e-01,3.305785123966935024e-01,5.000000000000001110e-01,0.000000000000000000e+00,0.000000000000000000e+00,0.000000000000000000e+00,0.000000000000000000e+00,0.000000000000000000e+00
0.000000000000000000e+00,9.961832061068702782e-01,0.000000000000000000e+00,0.000000000000000000e+00,0.000000000000000000e+00,1.818181818181817955e-01,9.722222222222220989e-01,1.213872832369943255e-01,0.000000000000000000e+00,5.000000000000000000e-01,0.000000000000000000e+00,0.000000000000000000e+00,0.000000000000000000e+00,0.000000000000000000e+00,0.000000000000000000e+00,0.000000000000000000e+00,9.883666821777570277e-01,9.537987679671459107e-01,1.423220973782772791e-01,0.000000000000000000e+00,1.000000000000000000e+00,0.000000000000000000e+00,4.999999999999998890e-01,0.000000000000000000e+00,1.000000000000000000e+00,4.999999999999997224e-01,5.330188679245283501e-01,5.454545454545454142e-01,8.614232209737826551e-02,0.000000000000000000e+00,0.000000000000000000e+00,0.000000000000000000e+00,0.000000000000000000e+00,0.000000000000000000e+00,4.285714285714286587e-01,4.888888888888888729e-01,5.092592592592594114e-01,7.368421052631580759e-01,3.750000000000000000e-01,5.172413793103457502e-01,2.857142857142857539e-01,7.500000000000000000e-01,0.000000000000000000e+00,0.000000000000000000e+00,5.000000000000000000e-01,3.305785123966935024e-01,5.000000000000001110e-01,0.000000000000000000e+00,0.000000000000000000e+00,0.000000000000000000e+00,0.000000000000000000e+00,0.000000000000000000e+00
0.000000000000000000e+00,9.961832061068702782e-01,0.000000000000000000e+00,0.000000000000000000e+00,0.000000000000000000e+00,1.818181818181817955e-01,9.722222222222220989e-01,1.213872832369943255e-01,0.000000000000000000e+00,5.000000000000000000e-01,0.000000000000000000e+00,0.000000000000000000e+00,0.000000000000000000e+00,0.000000000000000000e+00,0.000000000000000000e+00,0.000000000000000000e+00,9.883666821777570277e-01,9.548254620123204361e-01,1.423220973782772791e-01,0.000000000000000000e+00,1.000000000000000000e+00,0.000000000000000000e+00,4.999999999999998890e-01,0.000000000000000000e+00,1.000000000000000000e+00,4.999999999999997224e-01,5.330188679245283501e-01,6.363636363636363535e-01,8.614232209737826551e-02,0.000000000000000000e+00,0.000000000000000000e+00,0.000000000000000000e+00,0.000000000000000000e+00,0.000000000000000000e+00,4.285714285714286587e-01,4.888888888888888729e-01,5.092592592592594114e-01,7.368421052631580759e-01,3.750000000000000000e-01,4.655172413793112196e-01,2.857142857142857539e-01,7.500000000000000000e-01,0.000000000000000000e+00,0.000000000000000000e+00,5.000000000000000000e-01,3.305785123966935024e-01,5.000000000000001110e-01,0.000000000000000000e+00,0.000000000000000000e+00,0.000000000000000000e+00,0.000000000000000000e+00,0.000000000000000000e+00
0.000000000000000000e+00,9.961832061068702782e-01,0.000000000000000000e+00,0.000000000000000000e+00,0.000000000000000000e+00,1.818181818181817955e-01,9.722222222222220989e-01,1.213872832369943255e-01,0.000000000000000000e+00,5.000000000000000000e-01,0.000000000000000000e+00,0.000000000000000000e+00,0.000000000000000000e+00,0.000000000000000000e+00,0.000000000000000000e+00,0.000000000000000000e+00,9.883666821777570277e-01,9.548254620123204361e-01,1.385767790262173449e-01,0.000000000000000000e+00,1.000000000000000000e+00,0.000000000000000000e+00,4.999999999999998890e-01,0.000000000000000000e+00,1.000000000000000000e+00,4.999999999999997224e-01,5.330188679245283501e-01,6.363636363636363535e-01,8.614232209737826551e-02,0.000000000000000000e+00,0.000000000000000000e+00,0.000000000000000000e+00,0.000000000000000000e+00,0.000000000000000000e+00,4.285714285714286587e-01,4.888888888888888729e-01,5.092592592592594114e-01,7.368421052631580759e-01,3.750000000000000000e-01,4.655172413793112196e-01,0.000000000000000000e+00,7.500000000000000000e-01,0.000000000000000000e+00,0.000000000000000000e+00,5.000000000000000000e-01,3.305785123966935024e-01,5.000000000000001110e-01,0.000000000000000000e+00,0.000000000000000000e+00,0.000000000000000000e+00,0.000000000000000000e+00,0.000000000000000000e+00
0.000000000000000000e+00,9.961832061068702782e-01,0.000000000000000000e+00,0.000000000000000000e+00,0.000000000000000000e+00,1.818181818181817955e-01,9.722222222222220989e-01,1.271676300578035990e-01,0.000000000000000000e+00,5.000000000000000000e-01,0.000000000000000000e+00,0.000000000000000000e+00,0.000000000000000000e+00,0.000000000000000000e+00,0.000000000000000000e+00,0.000000000000000000e+00,9.906933457422055778e-01,9.548254620123204361e-01,1.385767790262173449e-01,0.000000000000000000e+00,1.000000000000000000e+00,0.000000000000000000e+00,4.999999999999998890e-01,0.000000000000000000e+00,1.000000000000000000e+00,4.999999999999997224e-01,5.330188679245283501e-01,5.454545454545454142e-01,8.614232209737826551e-02,0.000000000000000000e+00,0.000000000000000000e+00,0.000000000000000000e+00,0.000000000000000000e+00,0.000000000000000000e+00,4.285714285714286587e-01,5.222222222222221433e-01,5.092592592592594114e-01,7.368421052631580759e-01,3.750000000000000000e-01,4.137931034482766335e-01,0.000000000000000000e+00,7.500000000000000000e-01,0.000000000000000000e+00,0.000000000000000000e+00,5.000000000000000000e-01,3.305785123966935024e-01,3.333333333333333703e-01,0.000000000000000000e+00,0.000000000000000000e+00,0.000000000000000000e+00,0.000000000000000000e+00,0.000000000000000000e+00
0.000000000000000000e+00,9.961832061068702782e-01,0.000000000000000000e+00,0.000000000000000000e+00,0.000000000000000000e+00,1.818181818181817955e-01,1.000000000000000000e+00,1.387283236994220903e-01,0.000000000000000000e+00,5.000000000000000000e-01,0.000000000000000000e+00,0.000000000000000000e+00,0.000000000000000000e+00,0.000000000000000000e+00,0.000000000000000000e+00,0.000000000000000000e+00,9.906933457422055778e-01,9.537987679671459107e-01,1.348314606741573829e-01,0.000000000000000000e+00,1.000000000000000000e+00,0.000000000000000000e+00,4.999999999999998890e-01,0.000000000000000000e+00,1.000000000000000000e+00,4.999999999999997224e-01,5.330188679245283501e-01,4.545454545454545303e-01,8.614232209737826551e-02,0.000000000000000000e+00,0.000000000000000000e+00,0.000000000000000000e+00,0.000000000000000000e+00,0.000000000000000000e+00,4.285714285714286587e-01,5.222222222222221433e-01,4.629629629629630205e-01,7.368421052631580759e-01,3.750000000000000000e-01,3.448275862068971853e-01,0.000000000000000000e+00,7.500000000000000000e-01,0.000000000000000000e+00,0.000000000000000000e+00,2.500000000000000555e-01,3.305785123966935024e-01,3.333333333333333703e-01,0.000000000000000000e+00,0.000000000000000000e+00,0.000000000000000000e+00,0.000000000000000000e+00,0.000000000000000000e+00
0.000000000000000000e+00,9.923664122137404453e-01,0.000000000000000000e+00,0.000000000000000000e+00,0.000000000000000000e+00,1.818181818181817955e-01,1.000000000000000000e+00,1.387283236994220903e-01,0.000000000000000000e+00,5.000000000000000000e-01,0.000000000000000000e+00,0.000000000000000000e+00,0.000000000000000000e+00,0.000000000000000000e+00,0.000000000000000000e+00,0.000000000000000000e+00,9.906933457422055778e-01,9.527720739219713852e-01,1.310861423220975042e-01,0.000000000000000000e+00,1.000000000000000000e+00,0.000000000000000000e+00,4.999999999999998890e-01,0.000000000000000000e+00,1.000000000000000000e+00,4.999999999999997224e-01,5.330188679245283501e-01,5.454545454545454142e-01,8.614232209737826551e-02,0.000000000000000000e+00,0.000000000000000000e+00,0.000000000000000000e+00,0.000000000000000000e+00,0.000000000000000000e+00,4.285714285714286587e-01,5.222222222222221433e-01,4.629629629629630205e-01,7.368421052631580759e-01,3.750000000000000000e-01,2.758620689655177372e-01,2.857142857142857539e-01,7.500000000000000000e-01,0.000000000000000000e+00,0.000000000000000000e+00,2.500000000000000555e-01,3.305785123966935024e-01,3.333333333333333703e-01,0.000000000000000000e+00,0.000000000000000000e+00,0.000000000000000000e+00,0.000000000000000000e+00,0.000000000000000000e+00
0.000000000000000000e+00,9.923664122137404453e-01,0.000000000000000000e+00,0.000000000000000000e+00,0.000000000000000000e+00,1.818181818181817955e-01,1.000000000000000000e+00,1.271676300578035990e-01,0.000000000000000000e+00,5.000000000000000000e-01,0.000000000000000000e+00,0.000000000000000000e+00,0.000000000000000000e+00,0.000000000000000000e+00,0.000000000000000000e+00,0.000000000000000000e+00,9.906933457422055778e-01,9.527720739219713852e-01,1.273408239700375699e-01,0.000000000000000000e+00,1.000000000000000000e+00,0.000000000000000000e+00,4.999999999999998890e-01,0.000000000000000000e+00,1.000000000000000000e+00,4.999999999999997224e-01,5.330188679245283501e-01,5.454545454545454142e-01,8.801498127340823263e-02,0.000000000000000000e+00,0.000000000000000000e+00,0.000000000000000000e+00,0.000000000000000000e+00,0.000000000000000000e+00,4.285714285714286587e-01,5.222222222222221433e-01,4.629629629629630205e-01,7.368421052631580759e-01,3.750000000000000000e-01,1.379310344827588963e-01,2.857142857142857539e-01,7.500000000000000000e-01,0.000000000000000000e+00,0.000000000000000000e+00,2.500000000000000555e-01,3.305785123966935024e-01,3.333333333333333703e-01,0.000000000000000000e+00,0.000000000000000000e+00,0.000000000000000000e+00,0.000000000000000000e+00,0.000000000000000000e+00
0.000000000000000000e+00,9.923664122137404453e-01,0.000000000000000000e+00,0.000000000000000000e+00,0.000000000000000000e+00,1.818181818181817955e-01,1.000000000000000000e+00,1.213872832369943255e-01,0.000000000000000000e+00,5.000000000000000000e-01,0.000000000000000000e+00,0.000000000000000000e+00,0.000000000000000000e+00,0.000000000000000000e+00,0.000000000000000000e+00,0.000000000000000000e+00,9.930200093066542388e-01,9.527720739219713852e-01,1.273408239700375699e-01,0.000000000000000000e+00,1.000000000000000000e+00,0.000000000000000000e+00,4.999999999999998890e-01,0.000000000000000000e+00,1.000000000000000000e+00,4.999999999999997224e-01,5.330188679245283501e-01,5.454545454545454142e-01,8.801498127340823263e-02,0.000000000000000000e+00,0.000000000000000000e+00,0.000000000000000000e+00,0.000000000000000000e+00,0.000000000000000000e+00,4.285714285714286587e-01,5.222222222222221433e-01,5.046296296296297612e-01,6.052631578947370583e-01,3.750000000000000000e-01,1.724137931034486204e-02,5.714285714285715079e-01,7.500000000000000000e-01,0.000000000000000000e+00,0.000000000000000000e+00,2.500000000000000555e-01,3.305785123966935024e-01,3.333333333333333703e-01,0.000000000000000000e+00,0.000000000000000000e+00,0.000000000000000000e+00,0.000000000000000000e+00,0.000000000000000000e+00
0.000000000000000000e+00,9.923664122137404453e-01,0.000000000000000000e+00,0.000000000000000000e+00,0.000000000000000000e+00,1.818181818181817955e-01,9.722222222222220989e-01,1.213872832369943255e-01,0.000000000000000000e+00,5.000000000000000000e-01,0.000000000000000000e+00,0.000000000000000000e+00,0.000000000000000000e+00,0.000000000000000000e+00,0.000000000000000000e+00,0.000000000000000000e+00,9.930200093066542388e-01,9.527720739219713852e-01,1.235955056179776218e-01,0.000000000000000000e+00,1.000000000000000000e+00,0.000000000000000000e+00,4.999999999999998890e-01,0.000000000000000000e+00,1.000000000000000000e+00,4.999999999999997224e-01,5.330188679245283501e-01,3.636363636363635909e-01,8.614232209737826551e-02,0.000000000000000000e+00,0.000000000000000000e+00,0.000000000000000000e+00,0.000000000000000000e+00,0.000000000000000000e+00,4.285714285714286587e-01,5.222222222222221433e-01,5.046296296296297612e-01,6.052631578947370583e-01,3.750000000000000000e-01,8.620689655172431021e-02,5.714285714285715079e-01,7.500000000000000000e-01,0.000000000000000000e+00,0.000000000000000000e+00,2.500000000000000555e-01,3.305785123966935024e-01,3.333333333333333703e-01,0.000000000000000000e+00,0.000000000000000000e+00,0.000000000000000000e+00,0.000000000000000000e+00,0.000000000000000000e+00
0.000000000000000000e+00,9.923664122137404453e-01,0.000000000000000000e+00,0.000000000000000000e+00,0.000000000000000000e+00,1.818181818181817955e-01,9.722222222222220989e-01,1.213872832369943255e-01,0.000000000000000000e+00,5.000000000000000000e-01,0.000000000000000000e+00,0.000000000000000000e+00,0.000000000000000000e+00,0.000000000000000000e+00,0.000000000000000000e+00,0.000000000000000000e+00,9.930200093066542388e-01,9.527720739219713852e-01,1.198501872659177153e-01,0.000000000000000000e+00,1.000000000000000000e+00,0.000000000000000000e+00,4.999999999999998890e-01,0.000000000000000000e+00,1.000000000000000000e+00,4.999999999999997224e-01,5.330188679245283501e-01,3.636363636363635909e-01,8.801498127340823263e-02,0.000000000000000000e+00,0.000000000000000000e+00,0.000000000000000000e+00,0.000000000000000000e+00,0.000000000000000000e+00,4.285714285714286587e-01,5.222222222222221433e-01,5.046296296296297612e-01,6.052631578947370583e-01,3.750000000000000000e-01,1.551724137931037584e-01,5.714285714285715079e-01,7.500000000000000000e-01,0.000000000000000000e+00,0.000000000000000000e+00,2.500000000000000555e-01,3.305785123966935024e-01,3.333333333333333703e-01,0.000000000000000000e+00,0.000000000000000000e+00,0.000000000000000000e+00,0.000000000000000000e+00,0.000000000000000000e+00
0.000000000000000000e+00,9.923664122137404453e-01,0.000000000000000000e+00,0.000000000000000000e+00,0.000000000000000000e+00,1.818181818181817955e-01,9.722222222222220989e-01,1.213872832369943255e-01,0.000000000000000000e+00,5.000000000000000000e-01,0.000000000000000000e+00,0.000000000000000000e+00,0.000000000000000000e+00,0.000000000000000000e+00,0.000000000000000000e+00,0.000000000000000000e+00,9.930200093066542388e-01,9.527720739219713852e-01,1.161048689138577811e-01,0.000000000000000000e+00,1.000000000000000000e+00,0.000000000000000000e+00,4.999999999999998890e-01,0.000000000000000000e+00,1.000000000000000000e+00,4.999999999999997224e-01,5.330188679245283501e-01,2.727272727272727071e-01,8.801498127340823263e-02,0.000000000000000000e+00,0.000000000000000000e+00,0.000000000000000000e+00,0.000000000000000000e+00,0.000000000000000000e+00,4.285714285714286587e-01,5.222222222222221433e-01,4.861111111111112160e-01,6.052631578947370583e-01,3.750000000000000000e-01,2.586206896551728751e-01,8.571428571428570953e-01,7.500000000000000000e-01,0.000000000000000000e+00,0.000000000000000000e+00,5.000000000000000000e-01,3.305785123966935024e-01,3.333333333333333703e-01,0.000000000000000000e+00,0.000000000000000000e+00,0.000000000000000000e+00,0.000000000000000000e+00,0.000000000000000000e+00
0.000000000000000000e+00,9.923664122137404453e-01,0.000000000000000000e+00,0.000000000000000000e+00,0.000000000000000000e+00,1.818181818181817955e-01,9.166666666666665186e-01,1.213872832369943255e-01,0.000000000000000000e+00,5.000000000000000000e-01,0.000000000000000000e+00,0.000000000000000000e+00,0.000000000000000000e+00,0.000000000000000000e+00,0.000000000000000000e+00,0.000000000000000000e+00,9.930200093066542388e-01,9.527720739219713852e-01,1.161048689138577811e-01,0.000000000000000000e+00,1.000000000000000000e+00,0.000000000000000000e+00,4.999999999999998890e-01,0.000000000000000000e+00,1.000000000000000000e+00,4.999999999999997224e-01,5.330188679245283501e-01,2.727272727272727071e-01,8.801498127340823263e-02,0.000000000000000000e+00,0.000000000000000000e+00,0.000000000000000000e+00,0.000000000000000000e+00,0.000000000000000000e+00,4.285714285714286587e-01,5.222222222222221433e-01,4.861111111111112160e-01,6.052631578947370583e-01,3.750000000000000000e-01,2.758620689655177372e-01,8.571428571428570953e-01,7.500000000000000000e-01,0.000000000000000000e+00,0.000000000000000000e+00,5.000000000000000000e-01,3.305785123966935024e-01,3.333333333333333703e-01,0.000000000000000000e+00,0.000000000000000000e+00,0.000000000000000000e+00,0.000000000000000000e+00,0.000000000000000000e+00
0.000000000000000000e+00,9.923664122137404453e-01,0.000000000000000000e+00,0.000000000000000000e+00,0.000000000000000000e+00,1.818181818181817955e-01,9.166666666666665186e-01,1.213872832369943255e-01,0.000000000000000000e+00,5.000000000000000000e-01,0.000000000000000000e+00,0.000000000000000000e+00,0.000000000000000000e+00,0.000000000000000000e+00,0.000000000000000000e+00,0.000000000000000000e+00,9.906933457422055778e-01,9.527720739219713852e-01,1.123595505617978330e-01,0.000000000000000000e+00,1.000000000000000000e+00,0.000000000000000000e+00,4.999999999999998890e-01,0.000000000000000000e+00,1.000000000000000000e+00,4.999999999999997224e-01,5.330188679245283501e-01,4.545454545454545303e-01,8.801498127340823263e-02,0.000000000000000000e+00,0.000000000000000000e+00,0.000000000000000000e+00,0.000000000000000000e+00,0.000000000000000000e+00,4.285714285714286587e-01,5.222222222222221433e-01,4.861111111111112160e-01,6.052631578947370583e-01,3.750000000000000000e-01,3.448275862068971853e-01,5.714285714285715079e-01,9.166666666666667407e-01,0.000000000000000000e+00,0.000000000000000000e+00,5.000000000000000000e-01,3.305785123966935024e-01,5.000000000000001110e-01,0.000000000000000000e+00,0.000000000000000000e+00,0.000000000000000000e+00,0.000000000000000000e+00,0.000000000000000000e+00
0.000000000000000000e+00,9.923664122137404453e-01,0.000000000000000000e+00,0.000000000000000000e+00,0.000000000000000000e+00,4.545454545454544193e-02,9.166666666666665186e-01,1.213872832369943255e-01,0.000000000000000000e+00,5.000000000000000000e-01,0.000000000000000000e+00,0.000000000000000000e+00,0.000000000000000000e+00,0.000000000000000000e+00,0.000000000000000000e+00,0.000000000000000000e+00,9.906933457422055778e-01,9.537987679671459107e-01,1.086142322097378987e-01,0.000000000000000000e+00,1.000000000000000000e+00,0.000000000000000000e+00,4.999999999999998890e-01,0.000000000000000000e+00,1.000000000000000000e+00,4.999999999999997224e-01,5.330188679245283501e-01,4.545454545454545303e-01,8.801498127340823263e-02,0.000000000000000000e+00,0.000000000000000000e+00,0.000000000000000000e+00,0.000000000000000000e+00,0.000000000000000000e+00,4.285714285714286587e-01,5.222222222222221433e-01,4.861111111111112160e-01,6.052631578947370583e-01,3.750000000000000000e-01,4.137931034482766335e-01,5.714285714285715079e-01,9.166666666666667407e-01,0.000000000000000000e+00,0.000000000000000000e+00,7.500000000000000000e-01,4.628099173553713586e-01,6.666666666666667407e-01,0.000000000000000000e+00,0.000000000000000000e+00,0.000000000000000000e+00,0.000000000000000000e+00,0.000000000000000000e+00
0.000000000000000000e+00,9.923664122137404453e-01,0.000000000000000000e+00,0.000000000000000000e+00,0.000000000000000000e+00,4.545454545454544193e-02,9.166666666666665186e-01,1.213872832369943255e-01,0.000000000000000000e+00,5.000000000000000000e-01,0.000000000000000000e+00,0.000000000000000000e+00,0.000000000000000000e+00,0.000000000000000000e+00,0.000000000000000000e+00,0.000000000000000000e+00,9.906933457422055778e-01,9.537987679671459107e-01,1.086142322097378987e-01,0.000000000000000000e+00,1.000000000000000000e+00,0.000000000000000000e+00,4.999999999999998890e-01,0.000000000000000000e+00,1.000000000000000000e+00,4.999999999999997224e-01,5.896226415094339979e-01,4.545454545454545303e-01,8.801498127340823263e-02,0.000000000000000000e+00,0.000000000000000000e+00,0.000000000000000000e+00,0.000000000000000000e+00,0.000000000000000000e+00,4.285714285714286587e-01,5.222222222222221433e-01,4.861111111111112160e-01,6.052631578947370583e-01,5.000000000000000000e-01,4.827586206896560816e-01,5.714285714285715079e-01,5.833333333333333703e-01,0.000000000000000000e+00,0.000000000000000000e+00,7.500000000000000000e-01,5.371900826446276422e-01,8.333333333333333703e-01,0.000000000000000000e+00,0.000000000000000000e+00,0.000000000000000000e+00,0.000000000000000000e+00,0.000000000000000000e+00
0.000000000000000000e+00,9.923664122137404453e-01,0.000000000000000000e+00,0.000000000000000000e+00,0.000000000000000000e+00,4.545454545454544193e-02,9.166666666666665186e-01,1.213872832369943255e-01,0.000000000000000000e+00,5.000000000000000000e-01,0.000000000000000000e+00,0.000000000000000000e+00,0.000000000000000000e+00,0.000000000000000000e+00,0.000000000000000000e+00,0.000000000000000000e+00,9.906933457422055778e-01,9.537987679671459107e-01,1.048689138576779922e-01,0.000000000000000000e+00,1.000000000000000000e+00,0.000000000000000000e+00,4.999999999999998890e-01,0.000000000000000000e+00,1.000000000000000000e+00,4.999999999999997224e-01,5.896226415094339979e-01,4.545454545454545303e-01,8.801498127340823263e-02,0.000000000000000000e+00,0.000000000000000000e+00,0.000000000000000000e+00,0.000000000000000000e+00,0.000000000000000000e+00,4.285714285714286587e-01,5.222222222222221433e-01,4.861111111111112160e-01,6.052631578947370583e-01,6.249999999999998890e-01,4.827586206896560816e-01,5.714285714285715079e-01,5.833333333333333703e-01,0.000000000000000000e+00,0.000000000000000000e+00,7.500000000000000000e-01,8.016528925619833545e-01,8.333333333333333703e-01,0.000000000000000000e+00,0.000000000000000000e+00,0.000000000000000000e+00,0.000000000000000000e+00,0.000000000000000000e+00
0.000000000000000000e+00,9.923664122137404453e-01,0.000000000000000000e+00,0.000000000000000000e+00,0.000000000000000000e+00,1.818181818181817955e-01,9.166666666666665186e-01,1.329479768786128169e-01,0.000000000000000000e+00,5.000000000000000000e-01,0.000000000000000000e+00,0.000000000000000000e+00,0.000000000000000000e+00,0.000000000000000000e+00,0.000000000000000000e+00,0.000000000000000000e+00,9.906933457422055778e-01,9.537987679671459107e-01,1.048689138576779922e-01,0.000000000000000000e+00,1.000000000000000000e+00,0.000000000000000000e+00,4.999999999999998890e-01,0.000000000000000000e+00,1.000000000000000000e+00,4.999999999999997224e-01,5.896226415094339979e-01,4.545454545454545303e-01,8.801498127340823263e-02,0.000000000000000000e+00,0.000000000000000000e+00,0.000000000000000000e+00,0.000000000000000000e+00,0.000000000000000000e+00,4.285714285714286587e-01,5.222222222222221433e-01,4.537037037037037757e-01,6.052631578947370583e-01,6.249999999999998890e-01,4.827586206896560816e-01,5.714285714285715079e-01,5.833333333333333703e-01,0.000000000000000000e+00,0.000000000000000000e+00,1.000000000000000000e+00,8.016528925619833545e-01,8.333333333333333703e-01,0.000000000000000000e+00,0.000000000000000000e+00,0.000000000000000000e+00,0.000000000000000000e+00,0.000000000000000000e+00
0.000000000000000000e+00,9.923664122137404453e-01,0.000000000000000000e+00,0.000000000000000000e+00,0.000000000000000000e+00,2.272727272727272374e-01,8.888888888888885065e-01,1.329479768786128169e-01,0.000000000000000000e+00,5.000000000000000000e-01,0.000000000000000000e+00,0.000000000000000000e+00,0.000000000000000000e+00,0.000000000000000000e+00,0.000000000000000000e+00,0.000000000000000000e+00,9.906933457422055778e-01,9.527720739219713852e-01,1.011235955056180580e-01,0.000000000000000000e+00,1.000000000000000000e+00,0.000000000000000000e+00,4.999999999999998890e-01,0.000000000000000000e+00,1.000000000000000000e+00,4.999999999999997224e-01,5.377358490566036542e-01,6.363636363636363535e-01,8.801498127340823263e-02,0.000000000000000000e+00,0.000000000000000000e+00,0.000000000000000000e+00,0.000000000000000000e+00,0.000000000000000000e+00,4.285714285714286587e-01,5.222222222222221433e-01,4.537037037037037757e-01,6.052631578947370583e-01,6.249999999999998890e-01,4.827586206896560816e-01,5.714285714285715079e-01,5.833333333333333703e-01,0.000000000000000000e+00,0.000000000000000000e+00,1.000000000000000000e+00,8.016528925619833545e-01,8.333333333333333703e-01,0.000000000000000000e+00,0.000000000000000000e+00,0.000000000000000000e+00,0.000000000000000000e+00,0.000000000000000000e+00
0.000000000000000000e+00,9.923664122137404453e-01,0.000000000000000000e+00,0.000000000000000000e+00,0.000000000000000000e+00,2.272727272727272374e-01,8.888888888888885065e-01,1.329479768786128169e-01,0.000000000000000000e+00,5.000000000000000000e-01,0.000000000000000000e+00,0.000000000000000000e+00,0.000000000000000000e+00,0.000000000000000000e+00,0.000000000000000000e+00,0.000000000000000000e+00,9.906933457422055778e-01,9.527720739219713852e-01,1.011235955056180580e-01,0.000000000000000000e+00,1.000000000000000000e+00,0.000000000000000000e+00,4.999999999999998890e-01,0.000000000000000000e+00,1.000000000000000000e+00,4.999999999999997224e-01,5.377358490566036542e-01,7.272727272727271819e-01,8.801498127340823263e-02,0.000000000000000000e+00,0.000000000000000000e+00,0.000000000000000000e+00,0.000000000000000000e+00,0.000000000000000000e+00,4.285714285714286587e-01,5.222222222222221433e-01,4.537037037037037757e-01,6.052631578947370583e-01,6.249999999999998890e-01,2.931034482758625992e-01,5.714285714285715079e-01,7.500000000000000000e-01,0.000000000000000000e+00,0.000000000000000000e+00,1.000000000000000000e+00,8.016528925619833545e-01,8.333333333333333703e-01,0.000000000000000000e+00,0.000000000000000000e+00,0.000000000000000000e+00,0.000000000000000000e+00,0.000000000000000000e+00
0.000000000000000000e+00,9.923664122137404453e-01,0.000000000000000000e+00,0.000000000000000000e+00,0.000000000000000000e+00,2.272727272727272374e-01,8.888888888888885065e-01,1.329479768786128169e-01,0.000000000000000000e+00,5.000000000000000000e-01,0.000000000000000000e+00,0.000000000000000000e+00,0.000000000000000000e+00,0.000000000000000000e+00,0.000000000000000000e+00,0.000000000000000000e+00,9.906933457422055778e-01,9.517453798767968598e-01,1.011235955056180580e-01,0.000000000000000000e+00,1.000000000000000000e+00,0.000000000000000000e+00,4.999999999999998890e-01,0.000000000000000000e+00,1.000000000000000000e+00,4.999999999999997224e-01,5.377358490566036542e-01,7.272727272727271819e-01,8.801498127340823263e-02,0.000000000000000000e+00,0.000000000000000000e+00,0.000000000000000000e+00,0.000000000000000000e+00,0.000000000000000000e+00,4.285714285714286587e-01,5.222222222222221433e-01,4.629629629629630205e-01,6.052631578947370583e-01,7.500000000000000000e-01,1.724137931034485927e-01,5.714285714285715079e-01,7.500000000000000000e-01,0.000000000000000000e+00,0.000000000000000000e+00,1.000000000000000000e+00,8.016528925619833545e-01,8.333333333333333703e-01,0.000000000000000000e+00,0.000000000000000000e+00,0.000000000000000000e+00,0.000000000000000000e+00,0.000000000000000000e+00
0.000000000000000000e+00,9.923664122137404453e-01,0.000000000000000000e+00,0.000000000000000000e+00,0.000000000000000000e+00,2.272727272727272374e-01,8.888888888888885065e-01,1.329479768786128169e-01,0.000000000000000000e+00,5.000000000000000000e-01,0.000000000000000000e+00,0.000000000000000000e+00,0.000000000000000000e+00,0.000000000000000000e+00,0.000000000000000000e+00,0.000000000000000000e+00,9.883666821777570277e-01,9.517453798767968598e-01,9.737827715355812375e-02,0.000000000000000000e+00,1.000000000000000000e+00,0.000000000000000000e+00,4.999999999999998890e-01,0.000000000000000000e+00,1.000000000000000000e+00,4.999999999999997224e-01,5.896226415094339979e-01,6.363636363636363535e-01,8.801498127340823263e-02,0.000000000000000000e+00,0.000000000000000000e+00,0.000000000000000000e+00,0.000000000000000000e+00,0.000000000000000000e+00,4.285714285714286587e-01,5.296296296296296724e-01,4.768518518518519711e-01,6.052631578947370583e-01,7.500000000000000000e-01,1.379310344827588963e-01,5.714285714285715079e-01,2.499999999999999722e-01,0.000000000000000000e+00,0.000000000000000000e+00,1.000000000000000000e+00,8.016528925619833545e-01,8.333333333333333703e-01,0.000000000000000000e+00,0.000000000000000000e+00,0.000000000000000000e+00,0.000000000000000000e+00,0.000000000000000000e+00
0.000000000000000000e+00,9.923664122137404453e-01,0.000000000000000000e+00,0.000000000000000000e+00,0.000000000000000000e+00,2.272727272727272374e-01,8.888888888888885065e-01,1.329479768786128169e-01,0.000000000000000000e+00,5.000000000000000000e-01,0.000000000000000000e+00,0.000000000000000000e+00,0.000000000000000000e+00,0.000000000000000000e+00,0.000000000000000000e+00,0.000000000000000000e+00,9.860400186133084777e-01,9.517453798767968598e-01,9.737827715355812375e-02,0.000000000000000000e+00,1.000000000000000000e+00,0.000000000000000000e+00,4.999999999999998890e-01,0.000000000000000000e+00,1.000000000000000000e+00,4.999999999999997224e-01,5.896226415094339979e-01,6.363636363636363535e-01,8.801498127340823263e-02,0.000000000000000000e+00,0.000000000000000000e+00,0.000000000000000000e+00,0.000000000000000000e+00,0.000000000000000000e+00,4.285714285714286587e-01,5.296296296296296724e-01,4.768518518518519711e-01,6.052631578947370583e-01,7.500000000000000000e-01,1.379310344827588963e-01,7.142857142857143016e-01,8.333333333333332871e-02,0.000000000000000000e+00,0.000000000000000000e+00,1.000000000000000000e+00,8.016528925619833545e-01,8.333333333333333703e-01,0.000000000000000000e+00,0.000000000000000000e+00,0.000000000000000000e+00,0.000000000000000000e+00,0.000000000000000000e+00
0.000000000000000000e+00,9.923664122137404453e-01,0.000000000000000000e+00,0.000000000000000000e+00,0.000000000000000000e+00,2.272727272727272374e-01,8.888888888888885065e-01,1.329479768786128169e-01,0.000000000000000000e+00,5.000000000000000000e-01,0.000000000000000000e+00,0.000000000000000000e+00,0.000000000000000000e+00,0.000000000000000000e+00,0.000000000000000000e+00,0.000000000000000000e+00,9.837133550488598166e-01,9.517453798767968598e-01,9.363295880149821726e-02,0.000000000000000000e+00,1.000000000000000000e+00,0.000000000000000000e+00,4.999999999999998890e-01,0.000000000000000000e+00,1.000000000000000000e+00,4.999999999999997224e-01,5.896226415094339979e-01,6.363636363636363535e-01,8.801498127340823263e-02,0.000000000000000000e+00,0.000000000000000000e+00,0.000000000000000000e+00,0.000000000000000000e+00,0.000000000000000000e+00,4.285714285714286587e-01,5.296296296296296724e-01,4.768518518518519711e-01,6.052631578947370583e-01,7.500000000000000000e-01,1.379310344827588963e-01,7.142857142857143016e-01,8.333333333333332871e-02,0.000000000000000000e+00,0.000000000000000000e+00,1.000000000000000000e+00,6.694214876033053319e-01,8.333333333333333703e-01,0.000000000000000000e+00,0.000000000000000000e+00,0.000000000000000000e+00,0.000000000000000000e+00,0.000000000000000000e+00
0.000000000000000000e+00,9.923664122137404453e-01,0.000000000000000000e+00,0.000000000000000000e+00,0.000000000000000000e+00,1.363636363636363535e-01,8.888888888888885065e-01,1.329479768786128169e-01,0.000000000000000000e+00,5.000000000000000000e-01,0.000000000000000000e+00,0.000000000000000000e+00,0.000000000000000000e+00,0.000000000000000000e+00,0.000000000000000000e+00,0.000000000000000000e+00,9.837133550488598166e-01,9.517453798767968598e-01,8.988764044943828302e-02,0.000000000000000000e+00,1.000000000000000000e+00,0.000000000000000000e+00,4.999999999999998890e-01,0.000000000000000000e+00,1.000000000000000000e+00,4.999999999999997224e-01,5.896226415094339979e-01,6.363636363636363535e-01,8.614232209737826551e-02,0.000000000000000000e+00,0.000000000000000000e+00,0.000000000000000000e+00,0.000000000000000000e+00,0.000000000000000000e+00,4.285714285714286587e-01,5.851851851851852526e-01,4.768518518518519711e-01,6.052631578947370583e-01,7.500000000000000000e-01,4.137931034482766335e-01,7.142857142857143016e-01,8.333333333333332871e-02,0.000000000000000000e+00,0.000000000000000000e+00,1.000000000000000000e+00,6.033057851239664870e-01,8.333333333333333703e-01,0.000000000000000000e+00,0.000000000000000000e+00,0.000000000000000000e+00,0.000000000000000000e+00,0.000000000000000000e+00
0.000000000000000000e+00,9.923664122137404453e-01,0.000000000000000000e+00,0.000000000000000000e+00,0.000000000000000000e+00,1.363636363636363535e-01,8.888888888888885065e-01,1.329479768786128169e-01,0.000000000000000000e+00,5.000000000000000000e-01,0.000000000000000000e+00,0.000000000000000000e+00,0.000000000000000000e+00,0.000000000000000000e+00,0.000000000000000000e+00,0.000000000000000000e+00,9.883666821777570277e-01,9.527720739219713852e-01,8.988764044943828302e-02,0.000000000000000000e+00,1.000000000000000000e+00,0.000000000000000000e+00,4.999999999999998890e-01,0.000000000000000000e+00,1.000000000000000000e+00,4.999999999999997224e-01,5.896226415094339979e-01,6.363636363636363535e-01,8.614232209737826551e-02,0.000000000000000000e+00,0.000000000000000000e+00,0.000000000000000000e+00,0.000000000000000000e+00,0.000000000000000000e+00,4.285714285714286587e-01,6.037037037037038534e-01,4.629629629629630205e-01,6.052631578947370583e-01,7.500000000000000000e-01,4.827586206896560816e-01,7.142857142857143016e-01,4.166666666666666852e-01,0.000000000000000000e+00,0.000000000000000000e+00,1.000000000000000000e+00,6.033057851239664870e-01,8.333333333333333703e-01,0.000000000000000000e+00,0.000000000000000000e+00,0.000000000000000000e+00,0.000000000000000000e+00,0.000000000000000000e+00
0.000000000000000000e+00,9.923664122137404453e-01,0.000000000000000000e+00,0.000000000000000000e+00,0.000000000000000000e+00,1.363636363636363535e-01,8.888888888888885065e-01,1.329479768786128169e-01,0.000000000000000000e+00,5.000000000000000000e-01,0.000000000000000000e+00,0.000000000000000000e+00,0.000000000000000000e+00,0.000000000000000000e+00,0.000000000000000000e+00,0.000000000000000000e+00,9.906933457422055778e-01,9.527720739219713852e-01,8.614232209737833490e-02,0.000000000000000000e+00,1.000000000000000000e+00,0.000000000000000000e+00,4.999999999999998890e-01,0.000000000000000000e+00,1.000000000000000000e+00,4.999999999999997224e-01,5.896226415094339979e-01,5.454545454545454142e-01,8.614232209737826551e-02,0.000000000000000000e+00,0.000000000000000000e+00,0.000000000000000000e+00,0.000000000000000000e+00,0.000000000000000000e+00,4.285714285714286587e-01,6.037037037037038534e-01,4.629629629629630205e-01,6.052631578947370583e-01,6.249999999999998890e-01,5.517241379310335869e-01,1.000000000000000000e+00,6.666666666666667407e-01,0.000000000000000000e+00,0.000000000000000000e+00,7.500000000000000000e-01,6.033057851239664870e-01,8.333333333333333703e-01,0.000000000000000000e+00,0.000000000000000000e+00,0.000000000000000000e+00,0.000000000000000000e+00,0.000000000000000000e+00
0.000000000000000000e+00,9.923664122137404453e-01,0.000000000000000000e+00,0.000000000000000000e+00,0.000000000000000000e+00,1.363636363636363535e-01,8.888888888888885065e-01,1.329479768786128169e-01,0.000000000000000000e+00,5.000000000000000000e-01,0.000000000000000000e+00,0.000000000000000000e+00,0.000000000000000000e+00,0.000000000000000000e+00,0.000000000000000000e+00,0.000000000000000000e+00,9.906933457422055778e-01,9.527720739219713852e-01,8.614232209737833490e-02,0.000000000000000000e+00,1.000000000000000000e+00,0.000000000000000000e+00,4.999999999999998890e-01,0.000000000000000000e+00,1.000000000000000000e+00,4.999999999999997224e-01,5.896226415094339979e-01,4.545454545454545303e-01,8.614232209737826551e-02,0.000000000000000000e+00,0.000000000000000000e+00,0.000000000000000000e+00,0.000000000000000000e+00,0.000000000000000000e+00,4.285714285714286587e-01,5.518518518518520377e-01,4.629629629629630205e-01,6.052631578947370583e-01,5.000000000000000000e-01,5.862068965517233110e-01,1.000000000000000000e+00,6.666666666666667407e-01,0.000000000000000000e+00,0.000000000000000000e+00,7.500000000000000000e-01,6.033057851239664870e-01,6.666666666666667407e-01,0.000000000000000000e+00,0.000000000000000000e+00,0.000000000000000000e+00,0.000000000000000000e+00,0.000000000000000000e+00
0.000000000000000000e+00,9.923664122137404453e-01,0.000000000000000000e+00,0.000000000000000000e+00,0.000000000000000000e+00,1.363636363636363535e-01,8.888888888888885065e-01,1.329479768786128169e-01,0.000000000000000000e+00,5.000000000000000000e-01,0.000000000000000000e+00,0.000000000000000000e+00,0.000000000000000000e+00,0.000000000000000000e+00,0.000000000000000000e+00,0.000000000000000000e+00,9.906933457422055778e-01,9.527720739219713852e-01,8.239700374531840066e-02,0.000000000000000000e+00,1.000000000000000000e+00,0.000000000000000000e+00,4.999999999999998890e-01,0.000000000000000000e+00,1.000000000000000000e+00,4.999999999999997224e-01,5.896226415094339979e-01,4.545454545454545303e-01,8.614232209737826551e-02,0.000000000000000000e+00,0.000000000000000000e+00,0.000000000000000000e+00,0.000000000000000000e+00,0.000000000000000000e+00,4.285714285714286587e-01,5.518518518518520377e-01,4.629629629629630205e-01,6.052631578947370583e-01,5.000000000000000000e-01,3.965517241379317714e-01,1.000000000000000000e+00,6.666666666666667407e-01,0.000000000000000000e+00,0.000000000000000000e+00,7.500000000000000000e-01,6.033057851239664870e-01,6.666666666666667407e-01,0.000000000000000000e+00,0.000000000000000000e+00,0.000000000000000000e+00,0.000000000000000000e+00,0.000000000000000000e+00
0.000000000000000000e+00,9.923664122137404453e-01,0.000000000000000000e+00,0.000000000000000000e+00,0.000000000000000000e+00,1.363636363636363535e-01,8.888888888888885065e-01,1.329479768786128169e-01,0.000000000000000000e+00,5.000000000000000000e-01,0.000000000000000000e+00,0.000000000000000000e+00,0.000000000000000000e+00,0.000000000000000000e+00,0.000000000000000000e+00,0.000000000000000000e+00,9.906933457422055778e-01,9.537987679671459107e-01,8.239700374531840066e-02,0.000000000000000000e+00,1.000000000000000000e+00,0.000000000000000000e+00,4.999999999999998890e-01,0.000000000000000000e+00,1.000000000000000000e+00,4.999999999999997224e-01,5.896226415094339979e-01,3.636363636363635909e-01,8.614232209737826551e-02,0.000000000000000000e+00,0.000000000000000000e+00,0.000000000000000000e+00,0.000000000000000000e+00,0.000000000000000000e+00,4.285714285714286587e-01,5.518518518518520377e-01,4.629629629629630205e-01,6.052631578947370583e-01,5.000000000000000000e-01,2.586206896551728751e-01,1.000000000000000000e+00,7.500000000000000000e-01,0.000000000000000000e+00,0.000000000000000000e+00,7.500000000000000000e-01,6.033057851239664870e-01,6.666666666666667407e-01,0.000000000000000000e+00,0.000000000000000000e+00,0.000000000000000000e+00,0.000000000000000000e+00,0.000000000000000000e+00
0.000000000000000000e+00,9.923664122137404453e-01,0.000000000000000000e+00,0.000000000000000000e+00,0.000000000000000000e+00,1.363636363636363535e-01,8.888888888888885065e-01,1.329479768786128169e-01,0.000000000000000000e+00,5.000000000000000000e-01,0.000000000000000000e+00,0.000000000000000000e+00,0.000000000000000000e+00,0.000000000000000000e+00,0.000000000000000000e+00,0.000000000000000000e+00,9.906933457422055778e-01,9.537987679671459107e-01,8.239700374531840066e-02,0.000000000000000000e+00,1.000000000000000000e+00,0.000000000000000000e+00,4.999999999999998890e-01,0.000000000000000000e+00,1.000000000000000000e+00,4.999999999999997224e-01,5.896226415094339979e-01,3.636363636363635909e-01,8.614232209737826551e-02,0.000000000000000000e+00,0.000000000000000000e+00,0.000000000000000000e+00,0.000000000000000000e+00,0.000000000000000000e+00,4.285714285714286587e-01,5.518518518518520377e-01,4.629629629629630205e-01,6.052631578947370583e-01,7.500000000000000000e-01,1.724137931034485927e-01,7.142857142857143016e-01,7.500000000000000000e-01,0.000000000000000000e+00,0.000000000000000000e+00,7.500000000000000000e-01,6.033057851239664870e-01,6.666666666666667407e-01,0.000000000000000000e+00,0.000000000000000000e+00,0.000000000000000000e+00,0.000000000000000000e+00,0.000000000000000000e+00
0.000000000000000000e+00,9.961832061068702782e-01,0.000000000000000000e+00,0.000000000000000000e+00,0.000000000000000000e+00,1.363636363636363535e-01,8.888888888888885065e-01,1.329479768786128169e-01,0.000000000000000000e+00,5.000000000000000000e-01,0.000000000000000000e+00,0.000000000000000000e+00,0.000000000000000000e+00,0.000000000000000000e+00,0.000000000000000000e+00,0.000000000000000000e+00,9.906933457422055778e-01,9.537987679671459107e-01,7.865168539325849417e-02,0.000000000000000000e+00,1.000000000000000000e+00,0.000000000000000000e+00,4.999999999999998890e-01,0.000000000000000000e+00,1.000000000000000000e+00,4.999999999999997224e-01,5.896226415094339979e-01,3.636363636363635909e-01,8.614232209737826551e-02,0.000000000000000000e+00,0.000000000000000000e+00,0.000000000000000000e+00,0.000000000000000000e+00,0.000000000000000000e+00,4.285714285714286587e-01,5.518518518518520377e-01,4.629629629629630205e-01,6.052631578947370583e-01,7.500000000000000000e-01,1.379310344827588963e-01,7.142857142857143016e-01,7.500000000000000000e-01,0.000000000000000000e+00,0.000000000000000000e+00,7.500000000000000000e-01,6.033057851239664870e-01,6.666666666666667407e-01,0.000000000000000000e+00,0.000000000000000000e+00,0.000000000000000000e+00,0.000000000000000000e+00,0.000000000000000000e+00
0.000000000000000000e+00,9.923664122137404453e-01,0.000000000000000000e+00,0.000000000000000000e+00,0.000000000000000000e+00,1.363636363636363535e-01,8.888888888888885065e-01,1.329479768786128169e-01,0.000000000000000000e+00,5.000000000000000000e-01,0.000000000000000000e+00,0.000000000000000000e+00,0.000000000000000000e+00,0.000000000000000000e+00,0.000000000000000000e+00,0.000000000000000000e+00,9.906933457422055778e-01,9.517453798767968598e-01,7.490636704119855993e-02,0.000000000000000000e+00,1.000000000000000000e+00,0.000000000000000000e+00,4.999999999999998890e-01,0.000000000000000000e+00,1.000000000000000000e+00,4.999999999999997224e-01,5.896226415094339979e-01,4.545454545454545303e-01,8.614232209737826551e-02,0.000000000000000000e+00,0.000000000000000000e+00,0.000000000000000000e+00,0.000000000000000000e+00,0.000000000000000000e+00,4.285714285714286587e-01,5.518518518518520377e-01,4.629629629629630205e-01,6.052631578947370583e-01,6.249999999999998890e-01,2.586206896551728751e-01,7.142857142857143016e-01,7.500000000000000000e-01,0.000000000000000000e+00,0.000000000000000000e+00,7.500000000000000000e-01,6.033057851239664870e-01,6.666666666666667407e-01,0.000000000000000000e+00,0.000000000000000000e+00,0.000000000000000000e+00,0.000000000000000000e+00,0.000000000000000000e+00
0.000000000000000000e+00,9.923664122137404453e-01,0.000000000000000000e+00,0.000000000000000000e+00,0.000000000000000000e+00,1.363636363636363535e-01,8.888888888888885065e-01,1.329479768786128169e-01,0.000000000000000000e+00,5.000000000000000000e-01,0.000000000000000000e+00,0.000000000000000000e+00,0.000000000000000000e+00,0.000000000000000000e+00,0.000000000000000000e+00,0.000000000000000000e+00,9.860400186133084777e-01,9.517453798767968598e-01,7.490636704119855993e-02,0.000000000000000000e+00,1.000000000000000000e+00,0.000000000000000000e+00,4.999999999999998890e-01,0.000000000000000000e+00,1.000000000000000000e+00,4.999999999999997224e-01,5.896226415094339979e-01,5.454545454545454142e-01,8.801498127340823263e-02,0.000000000000000000e+00,0.000000000000000000e+00,0.000000000000000000e+00,0.000000000000000000e+00,0.000000000000000000e+00,4.285714285714286587e-01,5.555555555555553582e-01,4.629629629629630205e-01,6.052631578947370583e-01,5.000000000000000000e-01,2.586206896551728751e-01,7.142857142857143016e-01,7.500000000000000000e-01,0.000000000000000000e+00,0.000000000000000000e+00,7.500000000000000000e-01,6.033057851239664870e-01,6.666666666666667407e-01,0.000000000000000000e+00,0.000000000000000000e+00,0.000000000000000000e+00,0.000000000000000000e+00,0.000000000000000000e+00
0.000000000000000000e+00,9.961832061068702782e-01,0.000000000000000000e+00,0.000000000000000000e+00,0.000000000000000000e+00,1.363636363636363535e-01,8.888888888888885065e-01,1.329479768786128169e-01,0.000000000000000000e+00,5.000000000000000000e-01,0.000000000000000000e+00,0.000000000000000000e+00,0.000000000000000000e+00,0.000000000000000000e+00,0.000000000000000000e+00,0.000000000000000000e+00,9.860400186133084777e-01,9.517453798767968598e-01,7.116104868913861181e-02,0.000000000000000000e+00,1.000000000000000000e+00,0.000000000000000000e+00,4.999999999999998890e-01,0.000000000000000000e+00,1.000000000000000000e+00,4.999999999999997224e-01,5.896226415094339979e-01,6.363636363636363535e-01,8.801498127340823263e-02,0.000000000000000000e+00,0.000000000000000000e+00,0.000000000000000000e+00,0.000000000000000000e+00,0.000000000000000000e+00,4.285714285714286587e-01,5.888888888888891282e-01,4.629629629629630205e-01,6.052631578947370583e-01,5.000000000000000000e-01,2.586206896551728751e-01,7.142857142857143016e-01,7.500000000000000000e-01,0.000000000000000000e+00,0.000000000000000000e+00,7.500000000000000000e-01,6.033057851239664870e-01,6.666666666666667407e-01,0.000000000000000000e+00,0.000000000000000000e+00,0.000000000000000000e+00,0.000000000000000000e+00,0.000000000000000000e+00
0.000000000000000000e+00,9.961832061068702782e-01,0.000000000000000000e+00,0.000000000000000000e+00,0.000000000000000000e+00,1.363636363636363535e-01,8.888888888888885065e-01,1.329479768786128169e-01,0.000000000000000000e+00,5.000000000000000000e-01,0.000000000000000000e+00,0.000000000000000000e+00,0.000000000000000000e+00,0.000000000000000000e+00,0.000000000000000000e+00,0.000000000000000000e+00,9.837133550488598166e-01,9.517453798767968598e-01,6.741573033707871920e-02,0.000000000000000000e+00,1.000000000000000000e+00,0.000000000000000000e+00,4.999999999999998890e-01,0.000000000000000000e+00,1.000000000000000000e+00,4.999999999999997224e-01,5.896226415094339979e-01,6.363636363636363535e-01,8.801498127340823263e-02,0.000000000000000000e+00,0.000000000000000000e+00,0.000000000000000000e+00,0.000000000000000000e+00,0.000000000000000000e+00,4.285714285714286587e-01,5.888888888888891282e-01,4.629629629629630205e-01,6.052631578947370583e-01,5.000000000000000000e-01,2.241379310344831788e-01,7.142857142857143016e-01,6.666666666666667407e-01,0.000000000000000000e+00,0.000000000000000000e+00,7.500000000000000000e-01,6.033057851239664870e-01,6.666666666666667407e-01,0.000000000000000000e+00,0.000000000000000000e+00,0.000000000000000000e+00,0.000000000000000000e+00,0.000000000000000000e+00
0.000000000000000000e+00,9.923664122137404453e-01,0.000000000000000000e+00,0.000000000000000000e+00,0.000000000000000000e+00,1.363636363636363535e-01,8.888888888888885065e-01,1.329479768786128169e-01,0.000000000000000000e+00,5.000000000000000000e-01,0.000000000000000000e+00,0.000000000000000000e+00,0.000000000000000000e+00,0.000000000000000000e+00,0.000000000000000000e+00,0.000000000000000000e+00,9.837133550488598166e-01,9.517453798767968598e-01,6.741573033707871920e-02,0.000000000000000000e+00,1.000000000000000000e+00,0.000000000000000000e+00,4.999999999999998890e-01,0.000000000000000000e+00,1.000000000000000000e+00,4.999999999999997224e-01,5.896226415094339979e-01,6.363636363636363535e-01,8.801498127340823263e-02,0.000000000000000000e+00,0.000000000000000000e+00,0.000000000000000000e+00,0.000000000000000000e+00,0.000000000000000000e+00,4.285714285714286587e-01,5.888888888888891282e-01,4.629629629629630205e-01,6.052631578947370583e-01,5.000000000000000000e-01,1.724137931034485927e-01,7.142857142857143016e-01,6.666666666666667407e-01,0.000000000000000000e+00,0.000000000000000000e+00,5.000000000000000000e-01,6.033057851239664870e-01,6.666666666666667407e-01,0.000000000000000000e+00,0.000000000000000000e+00,0.000000000000000000e+00,0.000000000000000000e+00,0.000000000000000000e+00
0.000000000000000000e+00,9.923664122137404453e-01,0.000000000000000000e+00,0.000000000000000000e+00,0.000000000000000000e+00,1.363636363636363535e-01,8.888888888888885065e-01,1.329479768786128169e-01,0.000000000000000000e+00,5.000000000000000000e-01,0.000000000000000000e+00,0.000000000000000000e+00,0.000000000000000000e+00,0.000000000000000000e+00,0.000000000000000000e+00,0.000000000000000000e+00,9.860400186133084777e-01,9.527720739219713852e-01,6.367041198501878496e-02,0.000000000000000000e+00,1.000000000000000000e+00,0.000000000000000000e+00,4.999999999999998890e-01,0.000000000000000000e+00,1.000000000000000000e+00,4.999999999999997224e-01,5.896226415094339979e-01,5.454545454545454142e-01,8.801498127340823263e-02,0.000000000000000000e+00,0.000000000000000000e+00,0.000000000000000000e+00,0.000000000000000000e+00,0.000000000000000000e+00,4.285714285714286587e-01,5.888888888888891282e-01,4.629629629629630205e-01,6.052631578947370583e-01,3.750000000000000000e-01,2.068965517241383167e-01,7.142857142857143016e-01,6.666666666666667407e-01,0.000000000000000000e+00,0.000000000000000000e+00,5.000000000000000000e-01,6.033057851239664870e-01,5.000000000000001110e-01,0.000000000000000000e+00,0.000000000000000000e+00,0.000000000000000000e+00,0.000000000000000000e+00,0.000000000000000000e+00
0.000000000000000000e+00,9.923664122137404453e-01,0.000000000000000000e+00,0.000000000000000000e+00,0.000000000000000000e+00,1.363636363636363535e-01,8.888888888888885065e-01,1.329479768786128169e-01,0.000000000000000000e+00,5.000000000000000000e-01,0.000000000000000000e+00,0.000000000000000000e+00,0.000000000000000000e+00,0.000000000000000000e+00,0.000000000000000000e+00,0.000000000000000000e+00,9.883666821777570277e-01,9.537987679671459107e-01,6.367041198501878496e-02,0.000000000000000000e+00,1.000000000000000000e+00,0.000000000000000000e+00,4.999999999999998890e-01,0.000000000000000000e+00,1.000000000000000000e+00,4.999999999999997224e-01,5.896226415094339979e-01,5.454545454545454142e-01,8.801498127340823263e-02,0.000000000000000000e+00,0.000000000000000000e+00,0.000000000000000000e+00,0.000000000000000000e+00,0.000000000000000000e+00,4.285714285714286587e-01,5.888888888888891282e-01,4.629629629629630205e-01,5.833333333333335924e-01,3.750000000000000000e-01,1.379310344827588963e-01,5.714285714285715079e-01,6.666666666666667407e-01,0.000000000000000000e+00,0.000000000000000000e+00,5.000000000000000000e-01,6.033057851239664870e-01,5.000000000000001110e-01,0.000000000000000000e+00,0.000000000000000000e+00,0.000000000000000000e+00,0.000000000000000000e+00,0.000000000000000000e+00
0.000000000000000000e+00,9.923664122137404453e-01,0.000000000000000000e+00,0.000000000000000000e+00,0.000000000000000000e+00,1.363636363636363535e-01,8.888888888888885065e-01,1.329479768786128169e-01,0.000000000000000000e+00,5.000000000000000000e-01,0.000000000000000000e+00,0.000000000000000000e+00,0.000000000000000000e+00,0.000000000000000000e+00,0.000000000000000000e+00,0.000000000000000000e+00,9.906933457422055778e-01,9.537987679671459107e-01,6.367041198501878496e-02,0.000000000000000000e+00,1.000000000000000000e+00,0.000000000000000000e+00,4.999999999999998890e-01,0.000000000000000000e+00,1.000000000000000000e+00,4.999999999999997224e-01,5.896226415094339979e-01,6.363636363636363535e-01,8.988764044943819975e-02,0.000000000000000000e+00,0.000000000000000000e+00,0.000000000000000000e+00,0.000000000000000000e+00,0.000000000000000000e+00,4.285714285714286587e-01,5.888888888888891282e-01,4.629629629629630205e-01,4.254385964912280049e-01,3.750000000000000000e-01,1.379310344827588963e-01,5.714285714285715079e-01,6.666666666666667407e-01,0.000000000000000000e+00,0.000000000000000000e+00,5.000000000000000000e-01,6.033057851239664870e-01,5.000000000000001110e-01,0.000000000000000000e+00,0.000000000000000000e+00,0.000000000000000000e+00,0.000000000000000000e+00,0.000000000000000000e+00
0.000000000000000000e+00,9.923664122137404453e-01,0.000000000000000000e+00,0.000000000000000000e+00,0.000000000000000000e+00,1.363636363636363535e-01,8.888888888888885065e-01,1.329479768786128169e-01,0.000000000000000000e+00,5.000000000000000000e-01,0.000000000000000000e+00,0.000000000000000000e+00,0.000000000000000000e+00,0.000000000000000000e+00,0.000000000000000000e+00,0.000000000000000000e+00,9.906933457422055778e-01,9.548254620123204361e-01,5.992509363295883684e-02,0.000000000000000000e+00,1.000000000000000000e+00,0.000000000000000000e+00,4.999999999999998890e-01,0.000000000000000000e+00,1.000000000000000000e+00,4.999999999999997224e-01,5.896226415094339979e-01,6.363636363636363535e-01,8.988764044943819975e-02,0.000000000000000000e+00,0.000000000000000000e+00,0.000000000000000000e+00,0.000000000000000000e+00,0.000000000000000000e+00,4.285714285714286587e-01,5.888888888888891282e-01,4.629629629629630205e-01,4.254385964912280049e-01,5.000000000000000000e-01,2.068965517241383167e-01,5.714285714285715079e-01,6.666666666666667407e-01,0.000000000000000000e+00,0.000000000000000000e+00,5.000000000000000000e-01,6.033057851239664870e-01,5.000000000000001110e-01,0.000000000000000000e+00,0.000000000000000000e+00,0.000000000000000000e+00,0.000000000000000000e+00,0.000000000000000000e+00
0.000000000000000000e+00,9.961832061068702782e-01,0.000000000000000000e+00,0.000000000000000000e+00,0.000000000000000000e+00,1.363636363636363535e-01,9.166666666666665186e-01,1.329479768786128169e-01,0.000000000000000000e+00,5.000000000000000000e-01,0.000000000000000000e+00,0.000000000000000000e+00,0.000000000000000000e+00,0.000000000000000000e+00,0.000000000000000000e+00,0.000000000000000000e+00,9.906933457422055778e-01,9.548254620123204361e-01,5.617977528089889566e-02,0.000000000000000000e+00,1.000000000000000000e+00,0.000000000000000000e+00,4.999999999999998890e-01,0.000000000000000000e+00,1.000000000000000000e+00,4.999999999999997224e-01,5.896226415094339979e-01,6.363636363636363535e-01,8.801498127340823263e-02,0.000000000000000000e+00,0.000000000000000000e+00,0.000000000000000000e+00,0.000000000000000000e+00,0.000000000000000000e+00,4.285714285714286587e-01,5.888888888888891282e-01,4.629629629629630205e-01,4.254385964912280049e-01,5.000000000000000000e-01,1.896551724137934547e-01,5.714285714285715079e-01,6.666666666666667407e-01,0.000000000000000000e+00,0.000000000000000000e+00,5.000000000000000000e-01,6.033057851239664870e-01,5.000000000000001110e-01,0.000000000000000000e+00,0.000000000000000000e+00,0.000000000000000000e+00,0.000000000000000000e+00,0.000000000000000000e+00
0.000000000000000000e+00,9.961832061068702782e-01,0.000000000000000000e+00,0.000000000000000000e+00,0.000000000000000000e+00,1.363636363636363535e-01,9.166666666666665186e-01,1.329479768786128169e-01,0.000000000000000000e+00,5.000000000000000000e-01,0.000000000000000000e+00,0.000000000000000000e+00,0.000000000000000000e+00,0.000000000000000000e+00,0.000000000000000000e+00,0.000000000000000000e+00,9.906933457422055778e-01,9.548254620123204361e-01,5.243445692883899611e-02,0.000000000000000000e+00,1.000000000000000000e+00,0.000000000000000000e+00,4.999999999999998890e-01,0.000000000000000000e+00,1.000000000000000000e+00,4.999999999999997224e-01,5.896226415094339979e-01,6.363636363636363535e-01,8.801498127340823263e-02,0.000000000000000000e+00,0.000000000000000000e+00,0.000000000000000000e+00,0.000000000000000000e+00,0.000000000000000000e+00,4.285714285714286587e-01,5.888888888888891282e-01,4.490740740740741810e-01,4.254385964912280049e-01,5.000000000000000000e-01,2.413793103448280408e-01,5.714285714285715079e-01,6.666666666666667407e-01,0.000000000000000000e+00,0.000000000000000000e+00,5.000000000000000000e-01,6.033057851239664870e-01,5.000000000000001110e-01,0.000000000000000000e+00,0.000000000000000000e+00,0.000000000000000000e+00,0.000000000000000000e+00,0.000000000000000000e+00
0.000000000000000000e+00,9.961832061068702782e-01,0.000000000000000000e+00,0.000000000000000000e+00,0.000000000000000000e+00,1.363636363636363535e-01,9.166666666666665186e-01,1.329479768786128169e-01,0.000000000000000000e+00,5.000000000000000000e-01,0.000000000000000000e+00,0.000000000000000000e+00,0.000000000000000000e+00,0.000000000000000000e+00,0.000000000000000000e+00,0.000000000000000000e+00,9.906933457422055778e-01,9.548254620123204361e-01,5.243445692883899611e-02,0.000000000000000000e+00,1.000000000000000000e+00,0.000000000000000000e+00,4.999999999999998890e-01,0.000000000000000000e+00,1.000000000000000000e+00,4.999999999999997224e-01,5.896226415094339979e-01,6.363636363636363535e-01,8.801498127340823263e-02,0.000000000000000000e+00,0.000000000000000000e+00,0.000000000000000000e+00,0.000000000000000000e+00,0.000000000000000000e+00,4.285714285714286587e-01,5.888888888888891282e-01,4.490740740740741810e-01,4.254385964912280049e-01,5.000000000000000000e-01,2.586206896551728751e-01,2.857142857142857539e-01,6.666666666666667407e-01,0.000000000000000000e+00,0.000000000000000000e+00,5.000000000000000000e-01,6.033057851239664870e-01,5.000000000000001110e-01,0.000000000000000000e+00,0.000000000000000000e+00,0.000000000000000000e+00,0.000000000000000000e+00,0.000000000000000000e+00
0.000000000000000000e+00,9.961832061068702782e-01,0.000000000000000000e+00,0.000000000000000000e+00,0.000000000000000000e+00,1.363636363636363535e-01,9.444444444444444198e-01,1.329479768786128169e-01,0.000000000000000000e+00,5.000000000000000000e-01,0.000000000000000000e+00,0.000000000000000000e+00,0.000000000000000000e+00,0.000000000000000000e+00,0.000000000000000000e+00,0.000000000000000000e+00,9.906933457422055778e-01,9.548254620123204361e-01,5.243445692883899611e-02,0.000000000000000000e+00,1.000000000000000000e+00,0.000000000000000000e+00,4.999999999999998890e-01,0.000000000000000000e+00,1.000000000000000000e+00,4.999999999999997224e-01,5.896226415094339979e-01,7.272727272727271819e-01,8.614232209737826551e-02,0.000000000000000000e+00,0.000000000000000000e+00,0.000000000000000000e+00,0.000000000000000000e+00,0.000000000000000000e+00,4.285714285714286587e-01,5.888888888888891282e-01,4.490740740740741810e-01,4.254385964912280049e-01,5.000000000000000000e-01,3.793103448275869649e-01,1.428571428571428770e-01,6.666666666666667407e-01,0.000000000000000000e+00,0.000000000000000000e+00,7.500000000000000000e-01,6.033057851239664870e-01,6.666666666666667407e-01,0.000000000000000000e+00,0.000000000000000000e+00,0.000000000000000000e+00,0.000000000000000000e+00,0.000000000000000000e+00
0.000000000000000000e+00,9.961832061068702782e-01,0.000000000000000000e+00,0.000000000000000000e+00,0.000000000000000000e+00,1.363636363636363535e-01,9.444444444444444198e-01,1.329479768786128169e-01,0.000000000000000000e+00,5.000000000000000000e-01,0.000000000000000000e+00,0.000000000000000000e+00,0.000000000000000000e+00,0.000000000000000000e+00,0.000000000000000000e+00,0.000000000000000000e+00,9.906933457422055778e-01,9.548254620123204361e-01,4.868913857677906187e-02,0.000000000000000000e+00,1.000000000000000000e+00,0.000000000000000000e+00,4.999999999999998890e-01,0.000000000000000000e+00,1.000000000000000000e+00,4.999999999999997224e-01,5.896226415094339979e-01,8.181818181818181213e-01,8.614232209737826551e-02,0.000000000000000000e+00,0.000000000000000000e+00,0.000000000000000000e+00,0.000000000000000000e+00,0.000000000000000000e+00,4.285714285714286587e-01,5.888888888888891282e-01,4.490740740740741810e-01,4.254385964912280049e-01,6.249999999999998890e-01,5.689655172413785600e-01,1.428571428571428770e-01,6.666666666666667407e-01,0.000000000000000000e+00,0.000000000000000000e+00,7.500000000000000000e-01,6.033057851239664870e-01,6.666666666666667407e-01,0.000000000000000000e+00,0.000000000000000000e+00,0.000000000000000000e+00,0.000000000000000000e+00,0.000000000000000000e+00
0.000000000000000000e+00,9.961832061068702782e-01,0.000000000000000000e+00,0.000000000000000000e+00,0.000000000000000000e+00,1.363636363636363535e-01,9.444444444444444198e-01,1.329479768786128169e-01,0.000000000000000000e+00,0.000000000000000000e+00,0.000000000000000000e+00,0.000000000000000000e+00,0.000000000000000000e+00,0.000000000000000000e+00,0.000000000000000000e+00,0.000000000000000000e+00,9.930200093066542388e-01,9.548254620123204361e-01,4.494382022471912069e-02,0.000000000000000000e+00,1.000000000000000000e+00,0.000000000000000000e+00,4.999999999999998890e-01,0.000000000000000000e+00,1.000000000000000000e+00,4.999999999999997224e-01,5.896226415094339979e-01,8.181818181818181213e-01,8.614232209737826551e-02,0.000000000000000000e+00,0.000000000000000000e+00,0.000000000000000000e+00,0.000000000000000000e+00,0.000000000000000000e+00,4.285714285714286587e-01,5.888888888888891282e-01,4.490740740740741810e-01,4.254385964912280049e-01,6.249999999999998890e-01,6.206896551724130351e-01,1.428571428571428770e-01,6.666666666666667407e-01,0.000000000000000000e+00,0.000000000000000000e+00,7.500000000000000000e-01,6.033057851239664870e-01,6.666666666666667407e-01,0.000000000000000000e+00,0.000000000000000000e+00,0.000000000000000000e+00,0.000000000000000000e+00,0.000000000000000000e+00
0.000000000000000000e+00,9.961832061068702782e-01,0.000000000000000000e+00,0.000000000000000000e+00,0.000000000000000000e+00,1.363636363636363535e-01,9.444444444444444198e-01,1.329479768786128169e-01,0.000000000000000000e+00,0.000000000000000000e+00,0.000000000000000000e+00,0.000000000000000000e+00,0.000000000000000000e+00,0.000000000000000000e+00,0.000000000000000000e+00,0.000000000000000000e+00,9.930200093066542388e-01,9.548254620123204361e-01,4.119850187265922115e-02,0.000000000000000000e+00,1.000000000000000000e+00,0.000000000000000000e+00,4.999999999999998890e-01,0.000000000000000000e+00,1.000000000000000000e+00,4.999999999999997224e-01,5.896226415094339979e-01,8.181818181818181213e-01,8.801498127340823263e-02,0.000000000000000000e+00,0.000000000000000000e+00,0.000000000000000000e+00,0.000000000000000000e+00,0.000000000000000000e+00,4.285714285714286587e-01,5.888888888888891282e-01,4.490740740740741810e-01,4.254385964912280049e-01,6.249999999999998890e-01,6.206896551724130351e-01,1.428571428571428770e-01,6.666666666666667407e-01,0.000000000000000000e+00,0.000000000000000000e+00,7.500000000000000000e-01,6.033057851239664870e-01,6.666666666666667407e-01,0.000000000000000000e+00,0.000000000000000000e+00,0.000000000000000000e+00,0.000000000000000000e+00,0.000000000000000000e+00
0.000000000000000000e+00,9.961832061068702782e-01,0.000000000000000000e+00,0.000000000000000000e+00,0.000000000000000000e+00,1.363636363636363535e-01,9.444444444444444198e-01,1.329479768786128169e-01,0.000000000000000000e+00,0.000000000000000000e+00,0.000000000000000000e+00,0.000000000000000000e+00,0.000000000000000000e+00,0.000000000000000000e+00,0.000000000000000000e+00,0.000000000000000000e+00,9.930200093066542388e-01,9.548254620123204361e-01,4.119850187265922115e-02,0.000000000000000000e+00,1.000000000000000000e+00,0.000000000000000000e+00,4.999999999999998890e-01,0.000000000000000000e+00,1.000000000000000000e+00,4.999999999999997224e-01,5.896226415094339979e-01,6.363636363636363535e-01,8.801498127340823263e-02,0.000000000000000000e+00,0.000000000000000000e+00,0.000000000000000000e+00,0.000000000000000000e+00,0.000000000000000000e+00,4.285714285714286587e-01,5.888888888888891282e-01,4.490740740740741810e-01,6.052631578947370583e-01,6.249999999999998890e-01,6.034482758620682841e-01,1.428571428571428770e-01,6.666666666666667407e-01,0.000000000000000000e+00,0.000000000000000000e+00,7.500000000000000000e-01,6.033057851239664870e-01,6.666666666666667407e-01,0.000000000000000000e+00,0.000000000000000000e+00,0.000000000000000000e+00,0.000000000000000000e+00,0.000000000000000000e+00
0.000000000000000000e+00,9.961832061068702782e-01,0.000000000000000000e+00,0.000000000000000000e+00,0.000000000000000000e+00,1.363636363636363535e-01,9.722222222222220989e-01,1.329479768786128169e-01,0.000000000000000000e+00,0.000000000000000000e+00,0.000000000000000000e+00,0.000000000000000000e+00,0.000000000000000000e+00,0.000000000000000000e+00,0.000000000000000000e+00,0.000000000000000000e+00,9.906933457422055778e-01,9.548254620123204361e-01,4.119850187265922115e-02,0.000000000000000000e+00,1.000000000000000000e+00,0.000000000000000000e+00,4.999999999999998890e-01,0.000000000000000000e+00,1.000000000000000000e+00,4.999999999999997224e-01,6.179245283018867108e-01,6.363636363636363535e-01,8.988764044943819975e-02,0.000000000000000000e+00,0.000000000000000000e+00,0.000000000000000000e+00,0.000000000000000000e+00,0.000000000000000000e+00,4.285714285714286587e-01,5.888888888888891282e-01,4.490740740740741810e-01,6.052631578947370583e-01,6.249999999999998890e-01,3.448275862068971853e-01,2.857142857142857539e-01,6.666666666666667407e-01,0.000000000000000000e+00,0.000000000000000000e+00,7.500000000000000000e-01,6.033057851239664870e-01,6.666666666666667407e-01,0.000000000000000000e+00,0.000000000000000000e+00,0.000000000000000000e+00,0.000000000000000000e+00,0.000000000000000000e+00
0.000000000000000000e+00,1.000000000000000000e+00,0.000000000000000000e+00,0.000000000000000000e+00,0.000000000000000000e+00,1.363636363636363535e-01,9.722222222222220989e-01,1.329479768786128169e-01,0.000000000000000000e+00,0.000000000000000000e+00,0.000000000000000000e+00,0.000000000000000000e+00,0.000000000000000000e+00,0.000000000000000000e+00,0.000000000000000000e+00,0.000000000000000000e+00,9.906933457422055778e-01,9.548254620123204361e-01,3.745318352059927997e-02,0.000000000000000000e+00,1.000000000000000000e+00,0.000000000000000000e+00,4.999999999999998890e-01,0.000000000000000000e+00,1.000000000000000000e+00,4.999999999999997224e-01,6.179245283018867108e-01,6.363636363636363535e-01,8.988764044943819975e-02,0.000000000000000000e+00,0.000000000000000000e+00,0.000000000000000000e+00,0.000000000000000000e+00,0.000000000000000000e+00,4.285714285714286587e-01,5.888888888888891282e-01,4.490740740740741810e-01,6.052631578947370583e-01,6.249999999999998890e-01,2.586206896551728751e-01,5.714285714285715079e-01,6.666666666666667407e-01,0.000000000000000000e+00,0.000000000000000000e+00,7.500000000000000000e-01,6.033057851239664870e-01,6.666666666666667407e-01,0.000000000000000000e+00,0.000000000000000000e+00,0.000000000000000000e+00,0.000000000000000000e+00,0.000000000000000000e+00
0.000000000000000000e+00,1.000000000000000000e+00,0.000000000000000000e+00,0.000000000000000000e+00,0.000000000000000000e+00,1.363636363636363535e-01,9.722222222222220989e-01,1.329479768786128169e-01,0.000000000000000000e+00,0.000000000000000000e+00,0.000000000000000000e+00,0.000000000000000000e+00,0.000000000000000000e+00,0.000000000000000000e+00,0.000000000000000000e+00,0.000000000000000000e+00,9.906933457422055778e-01,9.548254620123204361e-01,3.745318352059927997e-02,0.000000000000000000e+00,1.000000000000000000e+00,0.000000000000000000e+00,4.999999999999998890e-01,0.000000000000000000e+00,1.000000000000000000e+00,4.999999999999997224e-01,6.179245283018867108e-01,6.363636363636363535e-01,8.988764044943819975e-02,0.000000000000000000e+00,0.000000000000000000e+00,0.000000000000000000e+00,0.000000000000000000e+00,0.000000000000000000e+00,4.285714285714286587e-01,5.888888888888891282e-01,4.490740740740741810e-01,6.052631578947370583e-01,6.249999999999998890e-01,2.586206896551728751e-01,5.714285714285715079e-01,6.666666666666667407e-01,0.000000000000000000e+00,0.000000000000000000e+00,7.500000000000000000e-01,6.033057851239664870e-01,6.666666666666667407e-01,0.000000000000000000e+00,0.000000000000000000e+00,0.000000000000000000e+00,0.000000000000000000e+00,0.000000000000000000e+00
0.000000000000000000e+00,1.000000000000000000e+00,0.000000000000000000e+00,0.000000000000000000e+00,0.000000000000000000e+00,1.363636363636363535e-01,9.722222222222220989e-01,1.329479768786128169e-01,0.000000000000000000e+00,0.000000000000000000e+00,0.000000000000000000e+00,0.000000000000000000e+00,0.000000000000000000e+00,0.000000000000000000e+00,0.000000000000000000e+00,0.000000000000000000e+00,9.906933457422055778e-01,9.548254620123204361e-01,3.745318352059927997e-02,0.000000000000000000e+00,1.000000000000000000e+00,0.000000000000000000e+00,4.999999999999998890e-01,0.000000000000000000e+00,1.000000000000000000e+00,4.999999999999997224e-01,6.179245283018867108e-01,6.363636363636363535e-01,8.988764044943819975e-02,0.000000000000000000e+00,0.000000000000000000e+00,0.000000000000000000e+00,0.000000000000000000e+00,0.000000000000000000e+00,4.285714285714286587e-01,5.888888888888891282e-01,4.490740740740741810e-01,6.052631578947370583e-01,6.249999999999998890e-01,2.586206896551728751e-01,5.714285714285715079e-01,6.666666666666667407e-01,0.000000000000000000e+00,0.000000000000000000e+00,7.500000000000000000e-01,6.033057851239664870e-01,6.666666666666667407e-01,0.000000000000000000e+00,0.000000000000000000e+00,0.000000000000000000e+00,0.000000000000000000e+00,0.000000000000000000e+00
0.000000000000000000e+00,9.961832061068702782e-01,0.000000000000000000e+00,0.000000000000000000e+00,0.000000000000000000e+00,1.363636363636363535e-01,9.722222222222220989e-01,1.329479768786128169e-01,0.000000000000000000e+00,0.000000000000000000e+00,0.000000000000000000e+00,0.000000000000000000e+00,0.000000000000000000e+00,0.000000000000000000e+00,0.000000000000000000e+00,0.000000000000000000e+00,9.906933457422055778e-01,9.548254620123204361e-01,3.370786516853933878e-02,0.000000000000000000e+00,1.000000000000000000e+00,0.000000000000000000e+00,4.999999999999998890e-01,0.000000000000000000e+00,1.000000000000000000e+00,4.999999999999997224e-01,6.179245283018867108e-01,6.363636363636363535e-01,9.176029962546816687e-02,0.000000000000000000e+00,0.000000000000000000e+00,0.000000000000000000e+00,0.000000000000000000e+00,0.000000000000000000e+00,5.714285714285715079e-01,5.888888888888891282e-01,4.490740740740741810e-01,6.052631578947370583e-01,6.249999999999998890e-01,2.586206896551728751e-01,5.714285714285715079e-01,6.666666666666667407e-01,0.000000000000000000e+00,0.000000000000000000e+00,7.500000000000000000e-01,6.033057851239664870e-01,6.666666666666667407e-01,0.000000000000000000e+00,0.000000000000000000e+00,0.000000000000000000e+00,0.000000000000000000e+00,0.000000000000000000e+00
0.000000000000000000e+00,1.000000000000000000e+00,0.000000000000000000e+00,1.000000000000000000e+00,0.000000000000000000e+00,1.363636363636363535e-01,9.722222222222220989e-01,1.329479768786128169e-01,0.000000000000000000e+00,1.000000000000000000e+00,0.000000000000000000e+00,0.000000000000000000e+00,0.000000000000000000e+00,0.000000000000000000e+00,0.000000000000000000e+00,0.000000000000000000e+00,9.930200093066542388e-01,9.548254620123204361e-01,2.996254681647940107e-02,0.000000000000000000e+00,1.000000000000000000e+00,0.000000000000000000e+00,4.999999999999998890e-01,0.000000000000000000e+00,1.000000000000000000e+00,4.999999999999997224e-01,6.179245283018867108e-01,5.454545454545454142e-01,9.363295880149813399e-02,0.000000000000000000e+00,0.000000000000000000e+00,0.000000000000000000e+00,0.000000000000000000e+00,0.000000000000000000e+00,5.714285714285715079e-01,5.888888888888891282e-01,4.490740740740741810e-01,6.052631578947370583e-01,5.000000000000000000e-01,2.931034482758625992e-01,5.714285714285715079e-01,6.666666666666667407e-01,0.000000000000000000e+00,0.000000000000000000e+00,7.500000000000000000e-01,6.033057851239664870e-01,6.666666666666667407e-01,0.000000000000000000e+00,0.000000000000000000e+00,0.000000000000000000e+00,0.000000000000000000e+00,0.000000000000000000e+00
0.000000000000000000e+00,1.000000000000000000e+00,0.000000000000000000e+00,1.000000000000000000e+00,0.000000000000000000e+00,1.363636363636363535e-01,9.722222222222220989e-01,1.329479768786128169e-01,0.000000000000000000e+00,1.000000000000000000e+00,0.000000000000000000e+00,0.000000000000000000e+00,0.000000000000000000e+00,0.000000000000000000e+00,0.000000000000000000e+00,0.000000000000000000e+00,9.930200093066542388e-01,9.537987679671459107e-01,2.621722846441949806e-02,0.000000000000000000e+00,1.000000000000000000e+00,0.000000000000000000e+00,4.999999999999998890e-01,0.000000000000000000e+00,1.000000000000000000e+00,4.999999999999997224e-01,6.179245283018867108e-01,5.454545454545454142e-01,9.363295880149813399e-02,0.000000000000000000e+00,0.000000000000000000e+00,0.000000000000000000e+00,0.000000000000000000e+00,0.000000000000000000e+00,5.714285714285715079e-01,5.888888888888891282e-01,4.490740740740741810e-01,6.052631578947370583e-01,5.000000000000000000e-01,3.448275862068971853e-01,5.714285714285715079e-01,6.666666666666667407e-01,0.000000000000000000e+00,0.000000000000000000e+00,7.500000000000000000e-01,3.305785123966935024e-01,6.666666666666667407e-01,0.000000000000000000e+00,0.000000000000000000e+00,0.000000000000000000e+00,0.000000000000000000e+00,0.000000000000000000e+00
0.000000000000000000e+00,1.000000000000000000e+00,0.000000000000000000e+00,1.000000000000000000e+00,0.000000000000000000e+00,1.363636363636363535e-01,9.722222222222220989e-01,1.329479768786128169e-01,5.346985210466438654e-02,1.000000000000000000e+00,0.000000000000000000e+00,0.000000000000000000e+00,0.000000000000000000e+00,0.000000000000000000e+00,0.000000000000000000e+00,0.000000000000000000e+00,9.930200093066542388e-01,9.527720739219713852e-01,2.996254681647940107e-02,0.000000000000000000e+00,1.000000000000000000e+00,0.000000000000000000e+00,4.999999999999998890e-01,0.000000000000000000e+00,1.000000000000000000e+00,4.999999999999997224e-01,6.179245283018867108e-01,4.545454545454545303e-01,9.737827715355804048e-02,0.000000000000000000e+00,0.000000000000000000e+00,0.000000000000000000e+00,0.000000000000000000e+00,0.000000000000000000e+00,5.714285714285715079e-01,5.888888888888891282e-01,4.490740740740741810e-01,6.052631578947370583e-01,5.000000000000000000e-01,4.827586206896560816e-01,5.714285714285715079e-01,6.666666666666667407e-01,0.000000000000000000e+00,0.000000000000000000e+00,7.500000000000000000e-01,3.305785123966935024e-01,6.666666666666667407e-01,0.000000000000000000e+00,0.000000000000000000e+00,0.000000000000000000e+00,0.000000000000000000e+00,0.000000000000000000e+00
0.000000000000000000e+00,1.000000000000000000e+00,0.000000000000000000e+00,1.000000000000000000e+00,0.000000000000000000e+00,1.363636363636363535e-01,9.722222222222220989e-01,1.329479768786128169e-01,9.522184300341299257e-02,1.000000000000000000e+00,0.000000000000000000e+00,0.000000000000000000e+00,0.000000000000000000e+00,0.000000000000000000e+00,0.000000000000000000e+00,0.000000000000000000e+00,9.930200093066542388e-01,9.527720739219713852e-01,2.621722846441949806e-02,0.000000000000000000e+00,1.000000000000000000e+00,0.000000000000000000e+00,4.999999999999998890e-01,0.000000000000000000e+00,1.000000000000000000e+00,4.999999999999997224e-01,6.179245283018867108e-01,4.545454545454545303e-01,9.737827715355804048e-02,0.000000000000000000e+00,0.000000000000000000e+00,0.000000000000000000e+00,0.000000000000000000e+00,0.000000000000000000e+00,5.714285714285715079e-01,5.888888888888891282e-01,4.490740740740741810e-01,6.052631578947370583e-01,5.000000000000000000e-01,4.827586206896560816e-01,5.714285714285715079e-01,6.666666666666667407e-01,0.000000000000000000e+00,0.000000000000000000e+00,7.500000000000000000e-01,3.305785123966935024e-01,6.666666666666667407e-01,0.000000000000000000e+00,0.000000000000000000e+00,0.000000000000000000e+00,0.000000000000000000e+00,0.000000000000000000e+00
0.000000000000000000e+00,9.961832061068702782e-01,0.000000000000000000e+00,1.000000000000000000e+00,0.000000000000000000e+00,5.000000000000000000e-01,9.722222222222220989e-01,1.329479768786128169e-01,2.275312855517633570e-01,1.000000000000000000e+00,0.000000000000000000e+00,0.000000000000000000e+00,0.000000000000000000e+00,0.000000000000000000e+00,0.000000000000000000e+00,0.000000000000000000e+00,9.930200093066542388e-01,9.517453798767968598e-01,2.247191011235956035e-02,0.000000000000000000e+00,1.000000000000000000e+00,0.000000000000000000e+00,4.999999999999998890e-01,0.000000000000000000e+00,1.000000000000000000e+00,4.999999999999997224e-01,6.179245283018867108e-01,4.545454545454545303e-01,9.925093632958800760e-02,0.000000000000000000e+00,0.000000000000000000e+00,0.000000000000000000e+00,0.000000000000000000e+00,0.000000000000000000e+00,5.000000000000001110e-01,5.888888888888891282e-01,4.490740740740741810e-01,6.052631578947370583e-01,5.000000000000000000e-01,6.034482758620682841e-01,5.714285714285715079e-01,6.666666666666667407e-01,0.000000000000000000e+00,0.000000000000000000e+00,5.000000000000000000e-01,3.305785123966935024e-01,6.666666666666667407e-01,0.000000000000000000e+00,0.000000000000000000e+00,0.000000000000000000e+00,0.000000000000000000e+00,0.000000000000000000e+00
0.000000000000000000e+00,9.961832061068702782e-01,0.000000000000000000e+00,1.000000000000000000e+00,0.000000000000000000e+00,7.272727272727272929e-01,9.722222222222220989e-01,1.329479768786128169e-01,3.492605233219567284e-01,1.000000000000000000e+00,0.000000000000000000e+00,0.000000000000000000e+00,0.000000000000000000e+00,0.000000000000000000e+00,0.000000000000000000e+00,0.000000000000000000e+00,9.930200093066542388e-01,9.517453798767968598e-01,1.872659176029961917e-02,0.000000000000000000e+00,1.000000000000000000e+00,0.000000000000000000e+00,4.999999999999998890e-01,0.000000000000000000e+00,1.000000000000000000e+00,4.999999999999997224e-01,6.179245283018867108e-01,4.545454545454545303e-01,9.925093632958800760e-02,0.000000000000000000e+00,0.000000000000000000e+00,0.000000000000000000e+00,0.000000000000000000e+00,0.000000000000000000e+00,5.000000000000001110e-01,5.888888888888891282e-01,4.490740740740741810e-01,6.052631578947370583e-01,5.000000000000000000e-01,4.827586206896560816e-01,5.714285714285715079e-01,6.666666666666667407e-01,0.000000000000000000e+00,0.000000000000000000e+00,5.000000000000000000e-01,3.305785123966935024e-01,6.666666666666667407e-01,0.000000000000000000e+00,0.000000000000000000e+00,0.000000000000000000e+00,0.000000000000000000e+00,0.000000000000000000e+00
0.000000000000000000e+00,9.961832061068702782e-01,0.000000000000000000e+00,1.000000000000000000e+00,0.000000000000000000e+00,7.727272727272727071e-01,9.722222222222220989e-01,1.734104046242772867e-01,5.324232081911263181e-01,1.000000000000000000e+00,0.000000000000000000e+00,0.000000000000000000e+00,0.000000000000000000e+00,0.000000000000000000e+00,0.000000000000000000e+00,0.000000000000000000e+00,9.906933457422055778e-01,9.517453798767968598e-01,1.872659176029961917e-02,0.000000000000000000e+00,1.000000000000000000e+00,0.000000000000000000e+00,4.999999999999998890e-01,0.000000000000000000e+00,1.000000000000000000e+00,4.999999999999997224e-01,6.179245283018867108e-01,4.545454545454545303e-01,9.925093632958800760e-02,0.000000000000000000e+00,0.000000000000000000e+00,0.000000000000000000e+00,0.000000000000000000e+00,0.000000000000000000e+00,5.000000000000001110e-01,5.888888888888891282e-01,4.444444444444444753e-01,6.052631578947370583e-01,5.000000000000000000e-01,3.448275862068971853e-01,7.142857142857143016e-01,2.499999999999999722e-01,0.000000000000000000e+00,0.000000000000000000e+00,5.000000000000000000e-01,3.305785123966935024e-01,6.666666666666667407e-01,0.000000000000000000e+00,0.000000000000000000e+00,0.000000000000000000e+00,0.000000000000000000e+00,0.000000000000000000e+00
0.000000000000000000e+00,9.961832061068702782e-01,0.000000000000000000e+00,1.000000000000000000e+00,0.000000000000000000e+00,8.636363636363636465e-01,9.722222222222220989e-01,2.023121387283235706e-01,6.860068259385665446e-01,1.000000000000000000e+00,0.000000000000000000e+00,0.000000000000000000e+00,0.000000000000000000e+00,0.000000000000000000e+00,0.000000000000000000e+00,0.000000000000000000e+00,9.906933457422055778e-01,9.517453798767968598e-01,1.872659176029961917e-02,0.000000000000000000e+00,1.000000000000000000e+00,0.000000000000000000e+00,4.999999999999998890e-01,0.000000000000000000e+00,1.000000000000000000e+00,4.999999999999997224e-01,6.179245283018867108e-01,4.545454545454545303e-01,1.011235955056179747e-01,0.000000000000000000e+00,0.000000000000000000e+00,0.000000000000000000e+00,0.000000000000000000e+00,0.000000000000000000e+00,5.000000000000001110e-01,5.888888888888891282e-01,4.444444444444444753e-01,6.052631578947370583e-01,5.000000000000000000e-01,3.448275862068971853e-01,7.142857142857143016e-01,2.499999999999999722e-01,0.000000000000000000e+00,0.000000000000000000e+00,5.000000000000000000e-01,3.305785123966935024e-01,5.000000000000001110e-01,0.000000000000000000e+00,0.000000000000000000e+00,0.000000000000000000e+00,0.000000000000000000e+00,0.000000000000000000e+00
0.000000000000000000e+00,9.961832061068702782e-01,0.000000000000000000e+00,1.000000000000000000e+00,0.000000000000000000e+00,8.636363636363636465e-01,9.722222222222220989e-01,2.485549132947976192e-01,8.100113765642775743e-01,1.000000000000000000e+00,0.000000000000000000e+00,0.000000000000000000e+00,1.000000000000000000e+00,0.000000000000000000e+00,1.000000000000000000e+00,0.000000000000000000e+00,9.883666821777570277e-01,9.517453798767968598e-01,1.498127340823967972e-02,0.000000000000000000e+00,1.000000000000000000e+00,0.000000000000000000e+00,4.999999999999998890e-01,0.000000000000000000e+00,1.000000000000000000e+00,4.999999999999997224e-01,6.179245283018867108e-01,4.545454545454545303e-01,1.011235955056179747e-01,0.000000000000000000e+00,0.000000000000000000e+00,0.000000000000000000e+00,0.000000000000000000e+00,0.000000000000000000e+00,5.000000000000001110e-01,5.888888888888891282e-01,4.444444444444444753e-01,6.052631578947370583e-01,5.000000000000000000e-01,4.655172413793112196e-01,7.142857142857143016e-01,7.500000000000000000e-01,0.000000000000000000e+00,0.000000000000000000e+00,5.000000000000000000e-01,3.305785123966935024e-01,5.000000000000001110e-01,0.000000000000000000e+00,0.000000000000000000e+00,0.000000000000000000e+00,0.000000000000000000e+00,0.000000000000000000e+00
0.000000000000000000e+00,9.961832061068702782e-01,0.000000000000000000e+00,1.000000000000000000e+00,0.000000000000000000e+00,8.636363636363636465e-01,9.444444444444444198e-01,2.947976878612716400e-01,8.828213879408418618e-01,1.000000000000000000e+00,0.000000000000000000e+00,0.000000000000000000e+00,1.000000000000000000e+00,0.000000000000000000e+00,1.000000000000000000e+00,0.000000000000000000e+00,9.883666821777570277e-01,9.517453798767968598e-01,1.498127340823967972e-02,0.000000000000000000e+00,1.000000000000000000e+00,0.000000000000000000e+00,4.999999999999998890e-01,0.000000000000000000e+00,1.000000000000000000e+00,4.999999999999997224e-01,6.179245283018867108e-01,2.727272727272727071e-01,1.011235955056179747e-01,0.000000000000000000e+00,0.000000000000000000e+00,0.000000000000000000e+00,0.000000000000000000e+00,0.000000000000000000e+00,5.000000000000001110e-01,5.888888888888891282e-01,4.444444444444444753e-01,6.052631578947370583e-01,5.000000000000000000e-01,5.172413793103457502e-01,7.142857142857143016e-01,7.500000000000000000e-01,0.000000000000000000e+00,0.000000000000000000e+00,5.000000000000000000e-01,3.305785123966935024e-01,5.000000000000001110e-01,0.000000000000000000e+00,0.000000000000000000e+00,0.000000000000000000e+00,0.000000000000000000e+00,0.000000000000000000e+00
0.000000000000000000e+00,9.923664122137404453e-01,0.000000000000000000e+00,1.000000000000000000e+00,0.000000000000000000e+00,8.636363636363636465e-01,9.166666666666665186e-01,3.526011560693642077e-01,9.351535836177473637e-01,1.000000000000000000e+00,0.000000000000000000e+00,0.000000000000000000e+00,1.000000000000000000e+00,0.000000000000000000e+00,1.000000000000000000e+00,0.000000000000000000e+00,9.883666821777570277e-01,9.527720739219713852e-01,1.498127340823967972e-02,0.000000000000000000e+00,1.000000000000000000e+00,0.000000000000000000e+00,4.999999999999998890e-01,0.000000000000000000e+00,1.000000000000000000e+00,4.999999999999997224e-01,6.179245283018867108e-01,2.727272727272727071e-01,1.011235955056179747e-01,0.000000000000000000e+00,0.000000000000000000e+00,0.000000000000000000e+00,0.000000000000000000e+00,0.000000000000000000e+00,5.000000000000001110e-01,5.888888888888891282e-01,4.444444444444444753e-01,6.052631578947370583e-01,5.000000000000000000e-01,7.586206896551719314e-01,7.142857142857143016e-01,7.500000000000000000e-01,0.000000000000000000e+00,0.000000000000000000e+00,5.000000000000000000e-01,3.305785123966935024e-01,5.000000000000001110e-01,0.000000000000000000e+00,0.000000000000000000e+00,0.000000000000000000e+00,0.000000000000000000e+00,0.000000000000000000e+00
0.000000000000000000e+00,9.923664122137404453e-01,0.000000000000000000e+00,1.000000000000000000e+00,0.000000000000000000e+00,8.636363636363636465e-01,8.333333333333328152e-01,4.046242774566474742e-01,9.624573378839589299e-01,1.000000000000000000e+00,0.000000000000000000e+00,0.000000000000000000e+00,1.000000000000000000e+00,0.000000000000000000e+00,1.000000000000000000e+00,0.000000000000000000e+00,9.883666821777570277e-01,9.527720739219713852e-01,1.498127340823967972e-02,0.000000000000000000e+00,1.000000000000000000e+00,0.000000000000000000e+00,4.999999999999998890e-01,0.000000000000000000e+00,1.000000000000000000e+00,4.999999999999997224e-01,6.273584905660375410e-01,1.818181818181817955e-01,1.011235955056179747e-01,0.000000000000000000e+00,0.000000000000000000e+00,0.000000000000000000e+00,0.000000000000000000e+00,0.000000000000000000e+00,5.000000000000001110e-01,5.555555555555553582e-01,4.444444444444444753e-01,6.052631578947370583e-01,5.000000000000000000e-01,8.620689655172411037e-01,5.714285714285715079e-01,7.500000000000000000e-01,0.000000000000000000e+00,0.000000000000000000e+00,5.000000000000000000e-01,3.305785123966935024e-01,5.000000000000001110e-01,0.000000000000000000e+00,0.000000000000000000e+00,0.000000000000000000e+00,0.000000000000000000e+00,0.000000000000000000e+00
0.000000000000000000e+00,9.885496183206106124e-01,0.000000000000000000e+00,1.000000000000000000e+00,0.000000000000000000e+00,1.000000000000000000e+00,7.500000000000023315e-01,5.144508670520233640e-01,9.829351535836174936e-01,1.000000000000000000e+00,0.000000000000000000e+00,0.000000000000000000e+00,1.000000000000000000e+00,0.000000000000000000e+00,1.000000000000000000e+00,0.000000000000000000e+00,9.883666821777570277e-01,9.537987679671459107e-01,1.498127340823967972e-02,0.000000000000000000e+00,1.000000000000000000e+00,0.000000000000000000e+00,4.999999999999998890e-01,0.000000000000000000e+00,1.000000000000000000e+00,4.999999999999997224e-01,6.320754716981130672e-01,9.090909090909086998e-02,1.011235955056179747e-01,0.000000000000000000e+00,0.000000000000000000e+00,0.000000000000000000e+00,0.000000000000000000e+00,0.000000000000000000e+00,5.000000000000001110e-01,5.555555555555553582e-01,4.444444444444444753e-01,6.052631578947370583e-01,5.000000000000000000e-01,8.620689655172411037e-01,5.714285714285715079e-01,7.500000000000000000e-01,0.000000000000000000e+00,0.000000000000000000e+00,5.000000000000000000e-01,4.628099173553713586e-01,5.000000000000001110e-01,0.000000000000000000e+00,0.000000000000000000e+00,0.000000000000000000e+00,0.000000000000000000e+00,0.000000000000000000e+00
0.000000000000000000e+00,9.885496183206106124e-01,0.000000000000000000e+00,1.000000000000000000e+00,0.000000000000000000e+00,1.000000000000000000e+00,7.500000000000023315e-01,5.433526011560693147e-01,9.886234357224118474e-01,1.000000000000000000e+00,0.000000000000000000e+00,0.000000000000000000e+00,1.000000000000000000e+00,0.000000000000000000e+00,1.000000000000000000e+00,0.000000000000000000e+00,9.906933457422055778e-01,9.537987679671459107e-01,1.123595505617978017e-02,0.000000000000000000e+00,1.000000000000000000e+00,0.000000000000000000e+00,4.999999999999998890e-01,0.000000000000000000e+00,1.000000000000000000e+00,4.999999999999997224e-01,6.509433962264149498e-01,9.090909090909086998e-02,1.011235955056179747e-01,0.000000000000000000e+00,0.000000000000000000e+00,0.000000000000000000e+00,0.000000000000000000e+00,0.000000000000000000e+00,5.000000000000001110e-01,5.555555555555553582e-01,4.444444444444444753e-01,6.052631578947370583e-01,5.000000000000000000e-01,8.620689655172411037e-01,5.714285714285715079e-01,7.500000000000000000e-01,0.000000000000000000e+00,0.000000000000000000e+00,5.000000000000000000e-01,8.677685950413221994e-01,6.666666666666667407e-01,0.000000000000000000e+00,0.000000000000000000e+00,0.000000000000000000e+00,0.000000000000000000e+00,0.000000000000000000e+00
0.000000000000000000e+00,9.847328244274808906e-01,0.000000000000000000e+00,1.000000000000000000e+00,0.000000000000000000e+00,1.000000000000000000e+00,6.388888888888908379e-01,6.127167630057803738e-01,9.965870307167232767e-01,1.000000000000000000e+00,0.000000000000000000e+00,0.000000000000000000e+00,1.000000000000000000e+00,0.000000000000000000e+00,1.000000000000000000e+00,0.000000000000000000e+00,9.906933457422055778e-01,9.537987679671459107e-01,1.123595505617978017e-02,0.000000000000000000e+00,1.000000000000000000e+00,0.000000000000000000e+00,4.999999999999998890e-01,0.000000000000000000e+00,1.000000000000000000e+00,4.999999999999997224e-01,6.509433962264149498e-01,1.818181818181817955e-01,1.011235955056179747e-01,0.000000000000000000e+00,0.000000000000000000e+00,0.000000000000000000e+00,0.000000000000000000e+00,0.000000000000000000e+00,5.000000000000001110e-01,5.555555555555553582e-01,4.444444444444444753e-01,6.052631578947370583e-01,5.000000000000000000e-01,7.068965517241374563e-01,1.428571428571428770e-01,7.500000000000000000e-01,0.000000000000000000e+00,0.000000000000000000e+00,5.000000000000000000e-01,8.677685950413221994e-01,6.666666666666667407e-01,0.000000000000000000e+00,0.000000000000000000e+00,0.000000000000000000e+00,0.000000000000000000e+00,0.000000000000000000e+00
0.000000000000000000e+00,9.885496183206106124e-01,0.000000000000000000e+00,1.000000000000000000e+00,0.000000000000000000e+00,6.818181818181817677e-01,6.111111111111130478e-01,6.820809248554913218e-01,9.977246871444824805e-01,1.000000000000000000e+00,0.000000000000000000e+00,0.000000000000000000e+00,1.000000000000000000e+00,0.000000000000000000e+00,1.000000000000000000e+00,0.000000000000000000e+00,9.906933457422055778e-01,9.537987679671459107e-01,1.123595505617978017e-02,0.000000000000000000e+00,1.000000000000000000e+00,0.000000000000000000e+00,4.999999999999998890e-01,0.000000000000000000e+00,1.000000000000000000e+00,4.999999999999997224e-01,6.509433962264149498e-01,1.818181818181817955e-01,1.029962546816479418e-01,0.000000000000000000e+00,0.000000000000000000e+00,0.000000000000000000e+00,0.000000000000000000e+00,0.000000000000000000e+00,5.000000000000001110e-01,5.555555555555553582e-01,4.444444444444444753e-01,6.052631578947370583e-01,5.000000000000000000e-01,4.310344827586214955e-01,0.000000000000000000e+00,7.500000000000000000e-01,0.000000000000000000e+00,0.000000000000000000e+00,5.000000000000000000e-01,8.677685950413221994e-01,6.666666666666667407e-01,0.000000000000000000e+00,0.000000000000000000e+00,0.000000000000000000e+00,0.000000000000000000e+00,0.000000000000000000e+00
0.000000000000000000e+00,9.847328244274808906e-01,0.000000000000000000e+00,1.000000000000000000e+00,0.000000000000000000e+00,6.363636363636363535e-01,5.277777777777794554e-01,7.398843930635838895e-01,9.988623435722410182e-01,1.000000000000000000e+00,0.000000000000000000e+00,0.000000000000000000e+00,1.000000000000000000e+00,0.000000000000000000e+00,1.000000000000000000e+00,0.000000000000000000e+00,9.906933457422055778e-01,9.537987679671459107e-01,1.123595505617978017e-02,0.000000000000000000e+00,1.000000000000000000e+00,0.000000000000000000e+00,4.999999999999998890e-01,0.000000000000000000e+00,1.000000000000000000e+00,4.999999999999997224e-01,6.509433962264149498e-01,2.727272727272727071e-01,1.011235955056179747e-01,0.000000000000000000e+00,0.000000000000000000e+00,0.000000000000000000e+00,0.000000000000000000e+00,0.000000000000000000e+00,5.000000000000001110e-01,5.555555555555553582e-01,4.444444444444444753e-01,6.052631578947370583e-01,5.000000000000000000e-01,3.448275862068971853e-01,0.000000000000000000e+00,7.500000000000000000e-01,0.000000000000000000e+00,0.000000000000000000e+00,5.000000000000000000e-01,8.677685950413221994e-01,5.000000000000001110e-01,0.000000000000000000e+00,0.000000000000000000e+00,0.000000000000000000e+00,0.000000000000000000e+00,0.000000000000000000e+00
0.000000000000000000e+00,9.847328244274808906e-01,0.000000000000000000e+00,1.000000000000000000e+00,0.000000000000000000e+00,5.000000000000000000e-01,4.722222222222237087e-01,7.861271676300579658e-01,9.988623435722410182e-01,1.000000000000000000e+00,0.000000000000000000e+00,0.000000000000000000e+00,1.000000000000000000e+00,0.000000000000000000e+00,1.000000000000000000e+00,0.000000000000000000e+00,9.906933457422055778e-01,9.537987679671459107e-01,1.123595505617978017e-02,0.000000000000000000e+00,1.000000000000000000e+00,0.000000000000000000e+00,4.999999999999998890e-01,0.000000000000000000e+00,1.000000000000000000e+00,4.999999999999997224e-01,6.509433962264149498e-01,4.545454545454545303e-01,1.011235955056179747e-01,0.000000000000000000e+00,0.000000000000000000e+00,0.000000000000000000e+00,0.000000000000000000e+00,0.000000000000000000e+00,5.000000000000001110e-01,5.555555555555553582e-01,4.444444444444444753e-01,6.052631578947370583e-01,6.249999999999998890e-01,2.413793103448280408e-01,0.000000000000000000e+00,5.833333333333333703e-01,0.000000000000000000e+00,0.000000000000000000e+00,5.000000000000000000e-01,4.628099173553713586e-01,5.000000000000001110e-01,0.000000000000000000e+00,0.000000000000000000e+00,0.000000000000000000e+00,0.000000000000000000e+00,0.000000000000000000e+00
0.000000000000000000e+00,9.809160305343510577e-01,0.000000000000000000e+00,1.000000000000000000e+00,0.000000000000000000e+00,5.000000000000000000e-01,4.444444444444457520e-01,8.265895953757227410e-01,9.988623435722410182e-01,1.000000000000000000e+00,0.000000000000000000e+00,0.000000000000000000e+00,1.000000000000000000e+00,0.000000000000000000e+00,1.000000000000000000e+00,0.000000000000000000e+00,9.906933457422055778e-01,9.527720739219713852e-01,1.123595505617978017e-02,0.000000000000000000e+00,1.000000000000000000e+00,0.000000000000000000e+00,4.999999999999998890e-01,0.000000000000000000e+00,1.000000000000000000e+00,4.999999999999997224e-01,6.179245283018867108e-01,5.454545454545454142e-01,1.011235955056179747e-01,0.000000000000000000e+00,0.000000000000000000e+00,0.000000000000000000e+00,0.000000000000000000e+00,0.000000000000000000e+00,5.000000000000001110e-01,5.555555555555553582e-01,4.444444444444444753e-01,6.052631578947370583e-01,6.249999999999998890e-01,1.724137931034485927e-01,0.000000000000000000e+00,5.833333333333333703e-01,0.000000000000000000e+00,0.000000000000000000e+00,5.000000000000000000e-01,4.628099173553713586e-01,5.000000000000001110e-01,0.000000000000000000e+00,0.000000000000000000e+00,0.000000000000000000e+00,0.000000000000000000e+00,0.000000000000000000e+00
0.000000000000000000e+00,9.770992366412213359e-01,0.000000000000000000e+00,1.000000000000000000e+00,0.000000000000000000e+00,6.818181818181817677e-01,3.888888888888901163e-01,8.670520231213875162e-01,1.000000000000000000e+00,1.000000000000000000e+00,0.000000000000000000e+00,0.000000000000000000e+00,1.000000000000000000e+00,0.000000000000000000e+00,1.000000000000000000e+00,0.000000000000000000e+00,9.883666821777570277e-01,9.527720739219713852e-01,1.123595505617978017e-02,0.000000000000000000e+00,1.000000000000000000e+00,0.000000000000000000e+00,4.999999999999998890e-01,0.000000000000000000e+00,1.000000000000000000e+00,4.999999999999997224e-01,6.179245283018867108e-01,6.363636363636363535e-01,1.011235955056179747e-01,0.000000000000000000e+00,0.000000000000000000e+00,0.000000000000000000e+00,0.000000000000000000e+00,0.000000000000000000e+00,5.000000000000001110e-01,5.555555555555553582e-01,4.444444444444444753e-01,6.052631578947370583e-01,6.249999999999998890e-01,3.448275862068971853e-01,0.000000000000000000e+00,5.833333333333333703e-01,0.000000000000000000e+00,0.000000000000000000e+00,5.000000000000000000e-01,4.628099173553713586e-01,5.000000000000001110e-01,0.000000000000000000e+00,0.000000000000000000e+00,0.000000000000000000e+00,0.000000000000000000e+00,0.000000000000000000e+00
0.000000000000000000e+00,9.732824427480916141e-01,0.000000000000000000e+00,1.000000000000000000e+00,0.000000000000000000e+00,6.818181818181817677e-01,3.333333333333343695e-01,9.017341040462426571e-01,1.000000000000000000e+00,1.000000000000000000e+00,0.000000000000000000e+00,0.000000000000000000e+00,1.000000000000000000e+00,0.000000000000000000e+00,1.000000000000000000e+00,0.000000000000000000e+00,9.883666821777570277e-01,9.517453798767968598e-01,1.498127340823967972e-02,0.000000000000000000e+00,1.000000000000000000e+00,0.000000000000000000e+00,4.999999999999998890e-01,0.000000000000000000e+00,1.000000000000000000e+00,4.999999999999997224e-01,6.179245283018867108e-01,6.363636363636363535e-01,1.011235955056179747e-01,0.000000000000000000e+00,0.000000000000000000e+00,0.000000000000000000e+00,0.000000000000000000e+00,0.000000000000000000e+00,5.000000000000001110e-01,5.555555555555553582e-01,4.444444444444444753e-01,6.052631578947370583e-01,6.249999999999998890e-01,4.655172413793112196e-01,2.857142857142857539e-01,8.333333333333332871e-02,0.000000000000000000e+00,0.000000000000000000e+00,7.500000000000000000e-01,4.628099173553713586e-01,6.666666666666667407e-01,0.000000000000000000e+00,0.000000000000000000e+00,0.000000000000000000e+00,0.000000000000000000e+00,0.000000000000000000e+00
0.000000000000000000e+00,9.694656488549618922e-01,0.000000000000000000e+00,1.000000000000000000e+00,0.000000000000000000e+00,6.818181818181817677e-01,3.055555555555565239e-01,9.132947976878613705e-01,1.000000000000000000e+00,1.000000000000000000e+00,0.000000000000000000e+00,0.000000000000000000e+00,1.000000000000000000e+00,0.000000000000000000e+00,1.000000000000000000e+00,0.000000000000000000e+00,9.883666821777570277e-01,9.517453798767968598e-01,1.123595505617978017e-02,0.000000000000000000e+00,1.000000000000000000e+00,0.000000000000000000e+00,4.999999999999998890e-01,0.000000000000000000e+00,1.000000000000000000e+00,4.999999999999997224e-01,6.179245283018867108e-01,6.363636363636363535e-01,1.011235955056179747e-01,0.000000000000000000e+00,0.000000000000000000e+00,0.000000000000000000e+00,0.000000000000000000e+00,0.000000000000000000e+00,3.571428571428572063e-01,5.555555555555553582e-01,4.398148148148148806e-01,6.052631578947370583e-01,5.000000000000000000e-01,5.689655172413785600e-01,4.285714285714285476e-01,8.333333333333332871e-02,0.000000000000000000e+00,0.000000000000000000e+00,7.500000000000000000e-01,4.628099173553713586e-01,6.666666666666667407e-01,0.000000000000000000e+00,0.000000000000000000e+00,0.000000000000000000e+00,0.000000000000000000e+00,0.000000000000000000e+00
0.000000000000000000e+00,9.656488549618319484e-01,0.000000000000000000e+00,1.000000000000000000e+00,0.000000000000000000e+00,6.818181818181817677e-01,2.500000000000007772e-01,9.421965317919074323e-01,1.000000000000000000e+00,1.000000000000000000e+00,0.000000000000000000e+00,0.000000000000000000e+00,1.000000000000000000e+00,0.000000000000000000e+00,1.000000000000000000e+00,0.000000000000000000e+00,9.906933457422055778e-01,9.517453798767968598e-01,1.123595505617978017e-02,0.000000000000000000e+00,1.000000000000000000e+00,0.000000000000000000e+00,4.999999999999998890e-01,0.000000000000000000e+00,1.000000000000000000e+00,4.999999999999997224e-01,6.179245283018867108e-01,6.363636363636363535e-01,9.925093632958800760e-02,0.000000000000000000e+00,0.000000000000000000e+00,0.000000000000000000e+00,0.000000000000000000e+00,0.000000000000000000e+00,3.571428571428572063e-01,5.555555555555553582e-01,4.305555555555556357e-01,6.052631578947370583e-01,5.000000000000000000e-01,6.896551724137924833e-01,4.285714285714285476e-01,5.000000000000000000e-01,0.000000000000000000e+00,0.000000000000000000e+00,7.500000000000000000e-01,4.628099173553713586e-01,6.666666666666667407e-01,0.000000000000000000e+00,0.000000000000000000e+00,0.000000000000000000e+00,0.000000000000000000e+00,0.000000000000000000e+00
0.000000000000000000e+00,9.656488549618319484e-01,0.000000000000000000e+00,1.000000000000000000e+00,0.000000000000000000e+00,6.818181818181817677e-01,2.222222222222229315e-01,9.479768786127168445e-01,1.000000000000000000e+00,1.000000000000000000e+00,0.000000000000000000e+00,0.000000000000000000e+00,1.000000000000000000e+00,0.000000000000000000e+00,1.000000000000000000e+00,0.000000000000000000e+00,9.930200093066542388e-01,9.527720739219713852e-01,1.123595505617978017e-02,0.000000000000000000e+00,1.000000000000000000e+00,0.000000000000000000e+00,4.999999999999998890e-01,0.000000000000000000e+00,1.000000000000000000e+00,4.999999999999997224e-01,6.179245283018867108e-01,6.363636363636363535e-01,9.925093632958800760e-02,0.000000000000000000e+00,0.000000000000000000e+00,0.000000000000000000e+00,0.000000000000000000e+00,0.000000000000000000e+00,3.571428571428572063e-01,5.555555555555553582e-01,4.305555555555556357e-01,6.052631578947370583e-01,5.000000000000000000e-01,6.034482758620682841e-01,4.285714285714285476e-01,5.000000000000000000e-01,0.000000000000000000e+00,0.000000000000000000e+00,7.500000000000000000e-01,4.628099173553713586e-01,6.666666666666667407e-01,0.000000000000000000e+00,0.000000000000000000e+00,0.000000000000000000e+00,0.000000000000000000e+00,0.000000000000000000e+00
0.000000000000000000e+00,9.656488549618319484e-01,0.000000000000000000e+00,1.000000000000000000e+00,0.000000000000000000e+00,6.818181818181817677e-01,2.222222222222229315e-01,9.479768786127168445e-01,1.000000000000000000e+00,1.000000000000000000e+00,0.000000000000000000e+00,0.000000000000000000e+00,1.000000000000000000e+00,0.000000000000000000e+00,1.000000000000000000e+00,0.000000000000000000e+00,9.930200093066542388e-01,9.527720739219713852e-01,1.123595505617978017e-02,0.000000000000000000e+00,1.000000000000000000e+00,0.000000000000000000e+00,4.999999999999998890e-01,0.000000000000000000e+00,1.000000000000000000e+00,4.999999999999997224e-01,6.179245283018867108e-01,6.363636363636363535e-01,9.925093632958800760e-02,0.000000000000000000e+00,0.000000000000000000e+00,0.000000000000000000e+00,0.000000000000000000e+00,0.000000000000000000e+00,3.571428571428572063e-01,5.555555555555553582e-01,4.305555555555556357e-01,6.052631578947370583e-01,5.000000000000000000e-01,6.034482758620682841e-01,4.285714285714285476e-01,5.000000000000000000e-01,0.000000000000000000e+00,0.000000000000000000e+00,7.500000000000000000e-01,4.628099173553713586e-01,6.666666666666667407e-01,0.000000000000000000e+00,0.000000000000000000e+00,0.000000000000000000e+00,0.000000000000000000e+00,0.000000000000000000e+00
0.000000000000000000e+00,9.618320610687022265e-01,0.000000000000000000e+00,1.000000000000000000e+00,0.000000000000000000e+00,5.909090909090908283e-01,1.944444444444450859e-01,9.653179190751445260e-01,1.000000000000000000e+00,1.000000000000000000e+00,0.000000000000000000e+00,0.000000000000000000e+00,1.000000000000000000e+00,0.000000000000000000e+00,1.000000000000000000e+00,0.000000000000000000e+00,9.930200093066542388e-01,9.527720739219713852e-01,1.123595505617978017e-02,0.000000000000000000e+00,1.000000000000000000e+00,0.000000000000000000e+00,4.999999999999998890e-01,0.000000000000000000e+00,1.000000000000000000e+00,4.999999999999997224e-01,6.320754716981130672e-01,6.363636363636363535e-01,9.925093632958800760e-02,0.000000000000000000e+00,0.000000000000000000e+00,0.000000000000000000e+00,0.000000000000000000e+00,0.000000000000000000e+00,3.571428571428572063e-01,5.555555555555553582e-01,4.259259259259259855e-01,6.052631578947370583e-01,5.000000000000000000e-01,5.172413793103457502e-01,5.714285714285715079e-01,2.499999999999999722e-01,0.000000000000000000e+00,0.000000000000000000e+00,7.500000000000000000e-01,4.628099173553713586e-01,6.666666666666667407e-01,0.000000000000000000e+00,0.000000000000000000e+00,0.000000000000000000e+00,0.000000000000000000e+00,0.000000000000000000e+00
0.000000000000000000e+00,9.580152671755725047e-01,0.000000000000000000e+00,1.000000000000000000e+00,0.000000000000000000e+00,5.454545454545454142e-01,1.666666666666671570e-01,9.826589595375723185e-01,9.988623435722410182e-01,1.000000000000000000e+00,0.000000000000000000e+00,0.000000000000000000e+00,1.000000000000000000e+00,0.000000000000000000e+00,1.000000000000000000e+00,0.000000000000000000e+00,9.930200093066542388e-01,9.527720739219713852e-01,1.123595505617978017e-02,0.000000000000000000e+00,1.000000000000000000e+00,0.000000000000000000e+00,4.999999999999998890e-01,0.000000000000000000e+00,1.000000000000000000e+00,4.999999999999997224e-01,6.650943396226415283e-01,4.545454545454545303e-01,1.011235955056179747e-01,0.000000000000000000e+00,0.000000000000000000e+00,0.000000000000000000e+00,0.000000000000000000e+00,0.000000000000000000e+00,3.571428571428572063e-01,5.555555555555553582e-01,4.212962962962963354e-01,6.052631578947370583e-01,5.000000000000000000e-01,3.448275862068971853e-01,5.714285714285715079e-01,5.833333333333333703e-01,0.000000000000000000e+00,0.000000000000000000e+00,7.500000000000000000e-01,4.628099173553713586e-01,6.666666666666667407e-01,0.000000000000000000e+00,0.000000000000000000e+00,0.000000000000000000e+00,0.000000000000000000e+00,0.000000000000000000e+00
0.000000000000000000e+00,9.541984732824427828e-01,0.000000000000000000e+00,1.000000000000000000e+00,0.000000000000000000e+00,4.090909090909090606e-01,1.388888888888893391e-01,9.826589595375723185e-01,9.988623435722410182e-01,1.000000000000000000e+00,0.000000000000000000e+00,0.000000000000000000e+00,1.000000000000000000e+00,0.000000000000000000e+00,1.000000000000000000e+00,0.000000000000000000e+00,9.930200093066542388e-01,9.527720739219713852e-01,1.123595505617978017e-02,0.000000000000000000e+00,1.000000000000000000e+00,0.000000000000000000e+00,4.999999999999998890e-01,0.000000000000000000e+00,1.000000000000000000e+00,4.999999999999997224e-01,6.650943396226415283e-01,4.545454545454545303e-01,9.925093632958800760e-02,0.000000000000000000e+00,0.000000000000000000e+00,0.000000000000000000e+00,0.000000000000000000e+00,0.000000000000000000e+00,3.571428571428572063e-01,5.555555555555553582e-01,4.212962962962963354e-01,6.052631578947370583e-01,5.000000000000000000e-01,2.413793103448280408e-01,5.714285714285715079e-01,7.500000000000000000e-01,0.000000000000000000e+00,0.000000000000000000e+00,5.000000000000000000e-01,4.628099173553713586e-01,6.666666666666667407e-01,0.000000000000000000e+00,0.000000000000000000e+00,0.000000000000000000e+00,0.000000000000000000e+00,0.000000000000000000e+00
0.000000000000000000e+00,9.503816793893129500e-01,0.000000000000000000e+00,1.000000000000000000e+00,0.000000000000000000e+00,4.090909090909090606e-01,1.111111111111114380e-01,9.826589595375723185e-01,9.977246871444824805e-01,1.000000000000000000e+00,0.000000000000000000e+00,0.000000000000000000e+00,1.000000000000000000e+00,0.000000000000000000e+00,1.000000000000000000e+00,0.000000000000000000e+00,9.930200093066542388e-01,9.527720739219713852e-01,1.123595505617978017e-02,0.000000000000000000e+00,1.000000000000000000e+00,0.000000000000000000e+00,4.999999999999998890e-01,0.000000000000000000e+00,1.000000000000000000e+00,4.999999999999997224e-01,6.650943396226415283e-01,4.545454545454545303e-01,9.925093632958800760e-02,0.000000000000000000e+00,0.000000000000000000e+00,0.000000000000000000e+00,0.000000000000000000e+00,0.000000000000000000e+00,3.571428571428572063e-01,5.555555555555553582e-01,4.212962962962963354e-01,6.052631578947370583e-01,5.000000000000000000e-01,2.413793103448280408e-01,5.714285714285715079e-01,7.500000000000000000e-01,0.000000000000000000e+00,0.000000000000000000e+00,5.000000000000000000e-01,4.628099173553713586e-01,5.000000000000001110e-01,0.000000000000000000e+00,0.000000000000000000e+00,0.000000000000000000e+00,0.000000000000000000e+00,0.000000000000000000e+00
0.000000000000000000e+00,9.465648854961831171e-01,0.000000000000000000e+00,1.000000000000000000e+00,0.000000000000000000e+00,4.090909090909090606e-01,1.111111111111114380e-01,9.884393063583816197e-01,9.977246871444824805e-01,1.000000000000000000e+00,0.000000000000000000e+00,0.000000000000000000e+00,1.000000000000000000e+00,0.000000000000000000e+00,1.000000000000000000e+00,0.000000000000000000e+00,9.953466728711027889e-01,9.527720739219713852e-01,7.490636704119879759e-03,0.000000000000000000e+00,1.000000000000000000e+00,0.000000000000000000e+00,4.999999999999998890e-01,0.000000000000000000e+00,1.000000000000000000e+00,4.999999999999997224e-01,6.509433962264149498e-01,2.727272727272727071e-01,1.011235955056179747e-01,0.000000000000000000e+00,0.000000000000000000e+00,0.000000000000000000e+00,0.000000000000000000e+00,0.000000000000000000e+00,3.571428571428572063e-01,5.555555555555553582e-01,4.212962962962963354e-01,6.052631578947370583e-01,5.000000000000000000e-01,2.931034482758625992e-01,5.714285714285715079e-01,7.500000000000000000e-01,0.000000000000000000e+00,0.000000000000000000e+00,5.000000000000000000e-01,4.628099173553713586e-01,5.000000000000001110e-01,0.000000000000000000e+00,0.000000000000000000e+00,0.000000000000000000e+00,0.000000000000000000e+00,0.000000000000000000e+00
0.000000000000000000e+00,9.427480916030533953e-01,0.000000000000000000e+00,1.000000000000000000e+00,0.000000000000000000e+00,4.090909090909090606e-01,1.111111111111114380e-01,9.942196531791908098e-01,9.977246871444824805e-01,1.000000000000000000e+00,0.000000000000000000e+00,0.000000000000000000e+00,1.000000000000000000e+00,0.000000000000000000e+00,1.000000000000000000e+00,0.000000000000000000e+00,9.953466728711027889e-01,9.527720739219713852e-01,7.490636704119879759e-03,0.000000000000000000e+00,1.000000000000000000e+00,0.000000000000000000e+00,4.999999999999998890e-01,0.000000000000000000e+00,1.000000000000000000e+00,4.999999999999997224e-01,5.990566037735848282e-01,2.727272727272727071e-01,1.011235955056179747e-01,0.000000000000000000e+00,0.000000000000000000e+00,0.000000000000000000e+00,0.000000000000000000e+00,0.000000000000000000e+00,3.571428571428572063e-01,5.555555555555553582e-01,4.212962962962963354e-01,6.052631578947370583e-01,5.000000000000000000e-01,4.655172413793112196e-01,5.714285714285715079e-01,7.500000000000000000e-01,0.000000000000000000e+00,0.000000000000000000e+00,5.000000000000000000e-01,4.628099173553713586e-01,5.000000000000001110e-01,0.000000000000000000e+00,0.000000000000000000e+00,0.000000000000000000e+00,0.000000000000000000e+00,0.000000000000000000e+00
0.000000000000000000e+00,9.389312977099235624e-01,0.000000000000000000e+00,1.000000000000000000e+00,0.000000000000000000e+00,4.090909090909090606e-01,8.333333333333363402e-02,1.000000000000000000e+00,9.977246871444824805e-01,1.000000000000000000e+00,0.000000000000000000e+00,0.000000000000000000e+00,1.000000000000000000e+00,0.000000000000000000e+00,1.000000000000000000e+00,0.000000000000000000e+00,9.930200093066542388e-01,9.527720739219713852e-01,7.490636704119879759e-03,0.000000000000000000e+00,1.000000000000000000e+00,0.000000000000000000e+00,4.999999999999998890e-01,0.000000000000000000e+00,1.000000000000000000e+00,4.999999999999997224e-01,5.990566037735848282e-01,2.727272727272727071e-01,1.011235955056179747e-01,0.000000000000000000e+00,0.000000000000000000e+00,0.000000000000000000e+00,0.000000000000000000e+00,0.000000000000000000e+00,3.571428571428572063e-01,5.703703703703706385e-01,4.212962962962963354e-01,6.052631578947370583e-01,5.000000000000000000e-01,6.034482758620682841e-01,5.714285714285715079e-01,7.500000000000000000e-01,0.000000000000000000e+00,0.000000000000000000e+00,5.000000000000000000e-01,4.628099173553713586e-01,5.000000000000001110e-01,0.000000000000000000e+00,0.000000000000000000e+00,0.000000000000000000e+00,0.000000000000000000e+00,0.000000000000000000e+00
0.000000000000000000e+00,9.351145038167938406e-01,0.000000000000000000e+00,1.000000000000000000e+00,0.000000000000000000e+00,3.636363636363635909e-01,8.333333333333363402e-02,1.000000000000000000e+00,9.965870307167232767e-01,1.000000000000000000e+00,0.000000000000000000e+00,0.000000000000000000e+00,1.000000000000000000e+00,0.000000000000000000e+00,1.000000000000000000e+00,0.000000000000000000e+00,9.883666821777570277e-01,9.527720739219713852e-01,7.490636704119879759e-03,0.000000000000000000e+00,1.000000000000000000e+00,0.000000000000000000e+00,4.999999999999998890e-01,0.000000000000000000e+00,1.000000000000000000e+00,4.999999999999997224e-01,5.990566037735848282e-01,2.727272727272727071e-01,1.029962546816479418e-01,0.000000000000000000e+00,0.000000000000000000e+00,0.000000000000000000e+00,0.000000000000000000e+00,0.000000000000000000e+00,3.571428571428572063e-01,5.851851851851852526e-01,4.212962962962963354e-01,6.052631578947370583e-01,5.000000000000000000e-01,6.034482758620682841e-01,2.857142857142857539e-01,7.500000000000000000e-01,0.000000000000000000e+00,0.000000000000000000e+00,5.000000000000000000e-01,4.628099173553713586e-01,5.000000000000001110e-01,0.000000000000000000e+00,0.000000000000000000e+00,0.000000000000000000e+00,0.000000000000000000e+00,0.000000000000000000e+00
0.000000000000000000e+00,9.351145038167938406e-01,0.000000000000000000e+00,1.000000000000000000e+00,0.000000000000000000e+00,3.636363636363635909e-01,8.333333333333363402e-02,1.000000000000000000e+00,9.965870307167232767e-01,1.000000000000000000e+00,0.000000000000000000e+00,0.000000000000000000e+00,1.000000000000000000e+00,0.000000000000000000e+00,1.000000000000000000e+00,0.000000000000000000e+00,9.860400186133084777e-01,9.517453798767968598e-01,3.745318352059899981e-03,0.000000000000000000e+00,1.000000000000000000e+00,0.000000000000000000e+00,4.999999999999998890e-01,0.000000000000000000e+00,1.000000000000000000e+00,4.999999999999997224e-01,5.990566037735848282e-01,2.727272727272727071e-01,1.011235955056179747e-01,0.000000000000000000e+00,0.000000000000000000e+00,0.000000000000000000e+00,0.000000000000000000e+00,0.000000000000000000e+00,3.571428571428572063e-01,5.851851851851852526e-01,4.120370370370370905e-01,6.052631578947370583e-01,5.000000000000000000e-01,6.206896551724130351e-01,2.857142857142857539e-01,7.500000000000000000e-01,0.000000000000000000e+00,0.000000000000000000e+00,7.500000000000000000e-01,4.628099173553713586e-01,5.000000000000001110e-01,0.000000000000000000e+00,0.000000000000000000e+00,0.000000000000000000e+00,0.000000000000000000e+00,0.000000000000000000e+00
0.000000000000000000e+00,9.312977099236641187e-01,0.000000000000000000e+00,1.000000000000000000e+00,0.000000000000000000e+00,3.636363636363635909e-01,5.555555555555571901e-02,1.000000000000000000e+00,9.977246871444824805e-01,1.000000000000000000e+00,0.000000000000000000e+00,0.000000000000000000e+00,1.000000000000000000e+00,0.000000000000000000e+00,1.000000000000000000e+00,0.000000000000000000e+00,9.860400186133084777e-01,9.507186858316222233e-01,3.745318352059899981e-03,0.000000000000000000e+00,1.000000000000000000e+00,0.000000000000000000e+00,4.999999999999998890e-01,0.000000000000000000e+00,1.000000000000000000e+00,4.999999999999997224e-01,5.990566037735848282e-01,3.636363636363635909e-01,1.029962546816479418e-01,0.000000000000000000e+00,0.000000000000000000e+00,0.000000000000000000e+00,0.000000000000000000e+00,0.000000000000000000e+00,3.571428571428572063e-01,5.851851851851852526e-01,4.120370370370370905e-01,6.052631578947370583e-01,5.000000000000000000e-01,6.206896551724130351e-01,2.857142857142857539e-01,7.500000000000000000e-01,0.000000000000000000e+00,0.000000000000000000e+00,7.500000000000000000e-01,4.628099173553713586e-01,6.666666666666667407e-01,0.000000000000000000e+00,0.000000000000000000e+00,0.000000000000000000e+00,0.000000000000000000e+00,0.000000000000000000e+00
0.000000000000000000e+00,9.274809160305341749e-01,0.000000000000000000e+00,1.000000000000000000e+00,0.000000000000000000e+00,3.636363636363635909e-01,5.555555555555571901e-02,1.000000000000000000e+00,9.988623435722410182e-01,1.000000000000000000e+00,0.000000000000000000e+00,0.000000000000000000e+00,1.000000000000000000e+00,0.000000000000000000e+00,1.000000000000000000e+00,0.000000000000000000e+00,9.860400186133084777e-01,9.507186858316222233e-01,3.745318352059899981e-03,0.000000000000000000e+00,1.000000000000000000e+00,0.000000000000000000e+00,4.999999999999998890e-01,0.000000000000000000e+00,1.000000000000000000e+00,4.999999999999997224e-01,5.990566037735848282e-01,5.454545454545454142e-01,1.029962546816479418e-01,0.000000000000000000e+00,0.000000000000000000e+00,0.000000000000000000e+00,0.000000000000000000e+00,0.000000000000000000e+00,3.571428571428572063e-01,5.851851851851852526e-01,4.120370370370370905e-01,6.052631578947370583e-01,5.000000000000000000e-01,5.172413793103457502e-01,2.857142857142857539e-01,7.500000000000000000e-01,0.000000000000000000e+00,0.000000000000000000e+00,7.500000000000000000e-01,4.628099173553713586e-01,8.333333333333333703e-01,0.000000000000000000e+00,0.000000000000000000e+00,0.000000000000000000e+00,0.000000000000000000e+00,0.000000000000000000e+00
0.000000000000000000e+00,9.236641221374044530e-01,0.000000000000000000e+00,1.000000000000000000e+00,0.000000000000000000e+00,3.636363636363635909e-01,5.555555555555571901e-02,1.000000000000000000e+00,9.988623435722410182e-01,1.000000000000000000e+00,0.000000000000000000e+00,0.000000000000000000e+00,1.000000000000000000e+00,0.000000000000000000e+00,1.000000000000000000e+00,0.000000000000000000e+00,9.860400186133084777e-01,9.496919917864478089e-01,3.745318352059899981e-03,0.000000000000000000e+00,1.000000000000000000e+00,0.000000000000000000e+00,4.999999999999998890e-01,0.000000000000000000e+00,1.000000000000000000e+00,4.999999999999997224e-01,5.990566037735848282e-01,5.454545454545454142e-01,1.048689138576778951e-01,0.000000000000000000e+00,0.000000000000000000e+00,0.000000000000000000e+00,0.000000000000000000e+00,0.000000000000000000e+00,3.571428571428572063e-01,5.851851851851852526e-01,4.120370370370370905e-01,4.254385964912280049e-01,5.000000000000000000e-01,3.448275862068971853e-01,2.857142857142857539e-01,7.500000000000000000e-01,0.000000000000000000e+00,0.000000000000000000e+00,7.500000000000000000e-01,4.628099173553713586e-01,8.333333333333333703e-01,0.000000000000000000e+00,0.000000000000000000e+00,0.000000000000000000e+00,0.000000000000000000e+00,0.000000000000000000e+00
0.000000000000000000e+00,9.236641221374044530e-01,0.000000000000000000e+00,1.000000000000000000e+00,0.000000000000000000e+00,3.636363636363635909e-01,5.555555555555571901e-02,1.000000000000000000e+00,9.988623435722410182e-01,1.000000000000000000e+00,0.000000000000000000e+00,0.000000000000000000e+00,1.000000000000000000e+00,0.000000000000000000e+00,1.000000000000000000e+00,0.000000000000000000e+00,9.860400186133084777e-01,9.496919917864478089e-01,0.000000000000000000e+00,0.000000000000000000e+00,1.000000000000000000e+00,0.000000000000000000e+00,4.999999999999998890e-01,0.000000000000000000e+00,1.000000000000000000e+00,4.999999999999997224e-01,5.990566037735848282e-01,5.454545454545454142e-01,1.048689138576778951e-01,0.000000000000000000e+00,0.000000000000000000e+00,0.000000000000000000e+00,0.000000000000000000e+00,0.000000000000000000e+00,3.571428571428572063e-01,5.851851851851852526e-01,4.120370370370370905e-01,4.254385964912280049e-01,6.249999999999998890e-01,3.448275862068971853e-01,1.428571428571428770e-01,5.000000000000000000e-01,0.000000000000000000e+00,0.000000000000000000e+00,7.500000000000000000e-01,8.677685950413221994e-01,8.333333333333333703e-01,0.000000000000000000e+00,0.000000000000000000e+00,0.000000000000000000e+00,0.000000000000000000e+00,0.000000000000000000e+00
0.000000000000000000e+00,9.198473282442747312e-01,0.000000000000000000e+00,1.000000000000000000e+00,0.000000000000000000e+00,2.272727272727272374e-01,5.555555555555571901e-02,1.000000000000000000e+00,9.988623435722410182e-01,1.000000000000000000e+00,0.000000000000000000e+00,0.000000000000000000e+00,1.000000000000000000e+00,0.000000000000000000e+00,1.000000000000000000e+00,0.000000000000000000e+00,9.883666821777570277e-01,9.496919917864478089e-01,0.000000000000000000e+00,0.000000000000000000e+00,1.000000000000000000e+00,0.000000000000000000e+00,4.999999999999998890e-01,0.000000000000000000e+00,1.000000000000000000e+00,4.999999999999997224e-01,5.990566037735848282e-01,5.454545454545454142e-01,1.048689138576778951e-01,0.000000000000000000e+00,0.000000000000000000e+00,0.000000000000000000e+00,0.000000000000000000e+00,0.000000000000000000e+00,3.571428571428572063e-01,5.851851851851852526e-01,4.120370370370370905e-01,4.254385964912280049e-01,6.249999999999998890e-01,4.310344827586214955e-01,4.285714285714285476e-01,2.499999999999999722e-01,0.000000000000000000e+00,0.000000000000000000e+00,7.500000000000000000e-01,8.677685950413221994e-01,8.333333333333333703e-01,0.000000000000000000e+00,0.000000000000000000e+00,0.000000000000000000e+00,0.000000000000000000e+00,0.000000000000000000e+00
0.000000000000000000e+00,9.160305343511450094e-01,0.000000000000000000e+00,1.000000000000000000e+00,0.000000000000000000e+00,2.272727272727272374e-01,5.555555555555571901e-02,1.000000000000000000e+00,9.988623435722410182e-01,1.000000000000000000e+00,0.000000000000000000e+00,0.000000000000000000e+00,1.000000000000000000e+00,0.000000000000000000e+00,1.000000000000000000e+00,0.000000000000000000e+00,9.883666821777570277e-01,9.496919917864478089e-01,0.000000000000000000e+00,0.000000000000000000e+00,1.000000000000000000e+00,0.000000000000000000e+00,4.999999999999998890e-01,0.000000000000000000e+00,1.000000000000000000e+00,4.999999999999997224e-01,5.990566037735848282e-01,6.363636363636363535e-01,1.048689138576778951e-01,0.000000000000000000e+00,0.000000000000000000e+00,0.000000000000000000e+00,0.000000000000000000e+00,0.000000000000000000e+00,3.571428571428572063e-01,5.851851851851852526e-01,4.120370370370370905e-01,4.254385964912280049e-01,6.249999999999998890e-01,3.448275862068971853e-01,4.285714285714285476e-01,8.333333333333332871e-02,0.000000000000000000e+00,0.000000000000000000e+00,7.500000000000000000e-01,1.983471074380166732e-01,8.333333333333333703e-01,0.000000000000000000e+00,0.000000000000000000e+00,0.000000000000000000e+00,0.000000000000000000e+00,0.000000000000000000e+00
0.000000000000000000e+00,9.122137404580151765e-01,0.000000000000000000e+00,1.000000000000000000e+00,0.000000000000000000e+00,2.272727272727272374e-01,5.555555555555571901e-02,1.000000000000000000e+00,9.988623435722410182e-01,1.000000000000000000e+00,0.000000000000000000e+00,0.000000000000000000e+00,1.000000000000000000e+00,0.000000000000000000e+00,1.000000000000000000e+00,0.000000000000000000e+00,9.883666821777570277e-01,9.507186858316222233e-01,0.000000000000000000e+00,0.000000000000000000e+00,1.000000000000000000e+00,0.000000000000000000e+00,4.999999999999998890e-01,0.000000000000000000e+00,1.000000000000000000e+00,4.999999999999997224e-01,5.990566037735848282e-01,6.363636363636363535e-01,1.048689138576778951e-01,0.000000000000000000e+00,0.000000000000000000e+00,0.000000000000000000e+00,0.000000000000000000e+00,0.000000000000000000e+00,3.571428571428572063e-01,5.851851851851852526e-01,4.120370370370370905e-01,4.254385964912280049e-01,6.249999999999998890e-01,2.586206896551728751e-01,4.285714285714285476e-01,8.333333333333332871e-02,0.000000000000000000e+00,0.000000000000000000e+00,7.500000000000000000e-01,1.983471074380166732e-01,8.333333333333333703e-01,0.000000000000000000e+00,0.000000000000000000e+00,0.000000000000000000e+00,0.000000000000000000e+00,0.000000000000000000e+00
0.000000000000000000e+00,9.122137404580151765e-01,0.000000000000000000e+00,1.000000000000000000e+00,0.000000000000000000e+00,2.272727272727272374e-01,5.555555555555571901e-02,1.000000000000000000e+00,9.988623435722410182e-01,1.000000000000000000e+00,0.000000000000000000e+00,0.000000000000000000e+00,1.000000000000000000e+00,0.000000000000000000e+00,1.000000000000000000e+00,0.000000000000000000e+00,9.883666821777570277e-01,9.517453798767968598e-01,3.745318352059899981e-03,0.000000000000000000e+00,1.000000000000000000e+00,0.000000000000000000e+00,4.999999999999998890e-01,0.000000000000000000e+00,1.000000000000000000e+00,4.999999999999997224e-01,5.990566037735848282e-01,6.363636363636363535e-01,1.067415730337078761e-01,0.000000000000000000e+00,0.000000000000000000e+00,0.000000000000000000e+00,0.000000000000000000e+00,0.000000000000000000e+00,3.571428571428572063e-01,5.851851851851852526e-01,4.120370370370370905e-01,4.254385964912280049e-01,6.249999999999998890e-01,2.586206896551728751e-01,2.857142857142857539e-01,8.333333333333332871e-02,0.000000000000000000e+00,0.000000000000000000e+00,7.500000000000000000e-01,1.983471074380166732e-01,8.333333333333333703e-01,0.000000000000000000e+00,0.000000000000000000e+00,0.000000000000000000e+00,0.000000000000000000e+00,0.000000000000000000e+00
0.000000000000000000e+00,9.083969465648854547e-01,0.000000000000000000e+00,1.000000000000000000e+00,0.000000000000000000e+00,2.272727272727272374e-01,2.777777777777790807e-02,1.000000000000000000e+00,9.988623435722410182e-01,1.000000000000000000e+00,0.000000000000000000e+00,0.000000000000000000e+00,1.000000000000000000e+00,0.000000000000000000e+00,1.000000000000000000e+00,0.000000000000000000e+00,9.883666821777570277e-01,9.517453798767968598e-01,3.745318352059899981e-03,0.000000000000000000e+00,1.000000000000000000e+00,0.000000000000000000e+00,4.999999999999998890e-01,0.000000000000000000e+00,1.000000000000000000e+00,4.999999999999997224e-01,5.990566037735848282e-01,6.363636363636363535e-01,1.067415730337078761e-01,0.000000000000000000e+00,0.000000000000000000e+00,0.000000000000000000e+00,0.000000000000000000e+00,0.000000000000000000e+00,3.571428571428572063e-01,5.851851851851852526e-01,4.120370370370370905e-01,4.254385964912280049e-01,6.249999999999998890e-01,2.586206896551728751e-01,1.428571428571428770e-01,8.333333333333332871e-02,0.000000000000000000e+00,0.000000000000000000e+00,7.500000000000000000e-01,3.305785123966935024e-01,8.333333333333333703e-01,0.000000000000000000e+00,0.000000000000000000e+00,0.000000000000000000e+00,0.000000000000000000e+00,0.000000000000000000e+00
0.000000000000000000e+00,9.083969465648854547e-01,0.000000000000000000e+00,1.000000000000000000e+00,0.000000000000000000e+00,2.272727272727272374e-01,0.000000000000000000e+00,1.000000000000000000e+00,9.977246871444824805e-01,1.000000000000000000e+00,0.000000000000000000e+00,0.000000000000000000e+00,1.000000000000000000e+00,0.000000000000000000e+00,1.000000000000000000e+00,0.000000000000000000e+00,9.883666821777570277e-01,9.517453798767968598e-01,3.745318352059899981e-03,0.000000000000000000e+00,1.000000000000000000e+00,0.000000000000000000e+00,4.999999999999998890e-01,0.000000000000000000e+00,1.000000000000000000e+00,4.999999999999997224e-01,5.990566037735848282e-01,6.363636363636363535e-01,1.067415730337078761e-01,0.000000000000000000e+00,0.000000000000000000e+00,0.000000000000000000e+00,0.000000000000000000e+00,0.000000000000000000e+00,3.571428571428572063e-01,5.851851851851852526e-01,4.120370370370370905e-01,5.438596491228073759e-01,6.249999999999998890e-01,4.310344827586214955e-01,1.428571428571428770e-01,8.333333333333332871e-02,0.000000000000000000e+00,0.000000000000000000e+00,7.500000000000000000e-01,3.305785123966935024e-01,8.333333333333333703e-01,0.000000000000000000e+00,0.000000000000000000e+00,0.000000000000000000e+00,0.000000000000000000e+00,0.000000000000000000e+00
0.000000000000000000e+00,9.045801526717556218e-01,0.000000000000000000e+00,1.000000000000000000e+00,0.000000000000000000e+00,2.272727272727272374e-01,0.000000000000000000e+00,1.000000000000000000e+00,9.977246871444824805e-01,1.000000000000000000e+00,0.000000000000000000e+00,0.000000000000000000e+00,1.000000000000000000e+00,0.000000000000000000e+00,1.000000000000000000e+00,0.000000000000000000e+00,9.883666821777570277e-01,9.517453798767968598e-01,3.745318352059899981e-03,0.000000000000000000e+00,1.000000000000000000e+00,0.000000000000000000e+00,4.999999999999998890e-01,0.000000000000000000e+00,1.000000000000000000e+00,4.999999999999997224e-01,6.273584905660375410e-01,6.363636363636363535e-01,1.048689138576778951e-01,0.000000000000000000e+00,0.000000000000000000e+00,0.000000000000000000e+00,0.000000000000000000e+00,0.000000000000000000e+00,3.571428571428572063e-01,5.851851851851852526e-01,4.120370370370370905e-01,5.438596491228073759e-01,7.500000000000000000e-01,4.827586206896560816e-01,5.714285714285715079e-01,3.333333333333333148e-01,0.000000000000000000e+00,0.000000000000000000e+00,7.500000000000000000e-01,3.305785123966935024e-01,8.333333333333333703e-01,0.000000000000000000e+00,0.000000000000000000e+00,0.000000000000000000e+00,0.000000000000000000e+00,0.000000000000000000e+00
0.000000000000000000e+00,9.007633587786259000e-01,0.000000000000000000e+00,1.000000000000000000e+00,0.000000000000000000e+00,2.272727272727272374e-01,0.000000000000000000e+00,1.000000000000000000e+00,9.977246871444824805e-01,1.000000000000000000e+00,0.000000000000000000e+00,0.000000000000000000e+00,1.000000000000000000e+00,0.000000000000000000e+00,1.000000000000000000e+00,0.000000000000000000e+00,9.906933457422055778e-01,9.527720739219713852e-01,3.745318352059899981e-03,0.000000000000000000e+00,1.000000000000000000e+00,0.000000000000000000e+00,4.999999999999998890e-01,0.000000000000000000e+00,1.000000000000000000e+00,4.999999999999997224e-01,6.273584905660375410e-01,6.363636363636363535e-01,1.048689138576778951e-01,0.000000000000000000e+00,0.000000000000000000e+00,0.000000000000000000e+00,0.000000000000000000e+00,0.000000000000000000e+00,3.571428571428572063e-01,5.851851851851852526e-01,4.120370370370370905e-01,5.438596491228073759e-01,7.500000000000000000e-01,4.827586206896560816e-01,5.714285714285715079e-01,6.666666666666667407e-01,0.000000000000000000e+00,0.000000000000000000e+00,1.000000000000000000e+00,3.305785123966935024e-01,8.333333333333333703e-01,0.000000000000000000e+00,0.000000000000000000e+00,0.000000000000000000e+00,0.000000000000000000e+00,0.000000000000000000e+00
0.000000000000000000e+00,8.969465648854960671e-01,0.000000000000000000e+00,1.000000000000000000e+00,0.000000000000000000e+00,2.272727272727272374e-01,0.000000000000000000e+00,1.000000000000000000e+00,9.977246871444824805e-01,1.000000000000000000e+00,0.000000000000000000e+00,0.000000000000000000e+00,1.000000000000000000e+00,0.000000000000000000e+00,1.000000000000000000e+00,0.000000000000000000e+00,9.906933457422055778e-01,9.527720739219713852e-01,7.490636704119879759e-03,0.000000000000000000e+00,1.000000000000000000e+00,0.000000000000000000e+00,4.999999999999998890e-01,0.000000000000000000e+00,1.000000000000000000e+00,4.999999999999997224e-01,6.273584905660375410e-01,6.363636363636363535e-01,1.048689138576778951e-01,0.000000000000000000e+00,0.000000000000000000e+00,0.000000000000000000e+00,0.000000000000000000e+00,0.000000000000000000e+00,3.571428571428572063e-01,5.851851851851852526e-01,3.981481481481481954e-01,5.438596491228073759e-01,7.500000000000000000e-01,4.827586206896560816e-01,2.857142857142857539e-01,6.666666666666667407e-01,0.000000000000000000e+00,0.000000000000000000e+00,1.000000000000000000e+00,3.305785123966935024e-01,8.333333333333333703e-01,0.000000000000000000e+00,0.000000000000000000e+00,0.000000000000000000e+00,0.000000000000000000e+00,0.000000000000000000e+00
0.000000000000000000e+00,8.931297709923663453e-01,0.000000000000000000e+00,1.000000000000000000e+00,0.000000000000000000e+00,2.272727272727272374e-01,5.555555555555571901e-02,9.884393063583816197e-01,9.988623435722410182e-01,1.000000000000000000e+00,0.000000000000000000e+00,0.000000000000000000e+00,1.000000000000000000e+00,0.000000000000000000e+00,1.000000000000000000e+00,0.000000000000000000e+00,9.906933457422055778e-01,9.527720739219713852e-01,7.490636704119879759e-03,0.000000000000000000e+00,1.000000000000000000e+00,0.000000000000000000e+00,4.999999999999998890e-01,0.000000000000000000e+00,1.000000000000000000e+00,4.999999999999997224e-01,6.273584905660375410e-01,9.090909090909090606e-01,1.048689138576778951e-01,0.000000000000000000e+00,0.000000000000000000e+00,0.000000000000000000e+00,0.000000000000000000e+00,0.000000000000000000e+00,3.571428571428572063e-01,5.851851851851852526e-01,3.981481481481481954e-01,5.438596491228073759e-01,7.500000000000000000e-01,4.827586206896560816e-01,0.000000000000000000e+00,6.666666666666667407e-01,0.000000000000000000e+00,0.000000000000000000e+00,1.000000000000000000e+00,3.305785123966935024e-01,8.333333333333333703e-01,0.000000000000000000e+00,0.000000000000000000e+00,0.000000000000000000e+00,0.000000000000000000e+00,0.000000000000000000e+00
0.000000000000000000e+00,8.931297709923663453e-01,0.000000000000000000e+00,1.000000000000000000e+00,0.000000000000000000e+00,2.272727272727272374e-01,5.555555555555571901e-02,9.884393063583816197e-01,9.988623435722410182e-01,1.000000000000000000e+00,0.000000000000000000e+00,0.000000000000000000e+00,1.000000000000000000e+00,0.000000000000000000e+00,1.000000000000000000e+00,0.000000000000000000e+00,9.906933457422055778e-01,9.527720739219713852e-01,7.490636704119879759e-03,0.000000000000000000e+00,1.000000000000000000e+00,0.000000000000000000e+00,4.999999999999998890e-01,0.000000000000000000e+00,1.000000000000000000e+00,4.999999999999997224e-01,6.273584905660375410e-01,1.000000000000000000e+00,1.048689138576778951e-01,0.000000000000000000e+00,0.000000000000000000e+00,0.000000000000000000e+00,0.000000000000000000e+00,0.000000000000000000e+00,3.571428571428572063e-01,5.851851851851852526e-01,3.935185185185186008e-01,5.438596491228073759e-01,8.749999999999998890e-01,4.827586206896560816e-01,0.000000000000000000e+00,6.666666666666667407e-01,0.000000000000000000e+00,0.000000000000000000e+00,1.000000000000000000e+00,3.305785123966935024e-01,8.333333333333333703e-01,0.000000000000000000e+00,0.000000000000000000e+00,0.000000000000000000e+00,0.000000000000000000e+00,0.000000000000000000e+00
0.000000000000000000e+00,8.893129770992366234e-01,0.000000000000000000e+00,1.000000000000000000e+00,0.000000000000000000e+00,2.272727272727272374e-01,5.555555555555571901e-02,9.884393063583816197e-01,9.988623435722410182e-01,1.000000000000000000e+00,0.000000000000000000e+00,0.000000000000000000e+00,1.000000000000000000e+00,0.000000000000000000e+00,1.000000000000000000e+00,0.000000000000000000e+00,9.906933457422055778e-01,9.537987679671459107e-01,7.490636704119879759e-03,0.000000000000000000e+00,1.000000000000000000e+00,0.000000000000000000e+00,4.999999999999998890e-01,0.000000000000000000e+00,1.000000000000000000e+00,4.999999999999997224e-01,6.273584905660375410e-01,1.000000000000000000e+00,1.048689138576778951e-01,0.000000000000000000e+00,0.000000000000000000e+00,0.000000000000000000e+00,0.000000000000000000e+00,0.000000000000000000e+00,3.571428571428572063e-01,5.851851851851852526e-01,3.935185185185186008e-01,5.438596491228073759e-01,8.749999999999998890e-01,4.827586206896560816e-01,4.285714285714285476e-01,6.666666666666667407e-01,0.000000000000000000e+00,0.000000000000000000e+00,1.000000000000000000e+00,3.305785123966935024e-01,8.333333333333333703e-01,0.000000000000000000e+00,0.000000000000000000e+00,0.000000000000000000e+00,0.000000000000000000e+00,0.000000000000000000e+00
0.000000000000000000e+00,8.893129770992366234e-01,0.000000000000000000e+00,1.000000000000000000e+00,0.000000000000000000e+00,2.272727272727272374e-01,5.555555555555571901e-02,9.884393063583816197e-01,9.988623435722410182e-01,1.000000000000000000e+00,0.000000000000000000e+00,0.000000000000000000e+00,1.000000000000000000e+00,0.000000000000000000e+00,1.000000000000000000e+00,0.000000000000000000e+00,9.906933457422055778e-01,9.537987679671459107e-01,1.123595505617978017e-02,0.000000000000000000e+00,1.000000000000000000e+00,0.000000000000000000e+00,4.999999999999998890e-01,0.000000000000000000e+00,1.000000000000000000e+00,4.999999999999997224e-01,6.273584905660375410e-01,9.090909090909090606e-01,1.048689138576778951e-01,0.000000000000000000e+00,0.000000000000000000e+00,0.000000000000000000e+00,0.000000000000000000e+00,0.000000000000000000e+00,3.571428571428572063e-01,6.222222222222223431e-01,3.935185185185186008e-01,5.438596491228073759e-01,7.500000000000000000e-01,4.827586206896560816e-01,7.142857142857143016e-01,6.666666666666667407e-01,0.000000000000000000e+00,0.000000000000000000e+00,1.000000000000000000e+00,3.305785123966935024e-01,8.333333333333333703e-01,0.000000000000000000e+00,0.000000000000000000e+00,0.000000000000000000e+00,0.000000000000000000e+00,0.000000000000000000e+00
0.000000000000000000e+00,8.854961832061066795e-01,0.000000000000000000e+00,1.000000000000000000e+00,0.000000000000000000e+00,2.272727272727272374e-01,5.555555555555571901e-02,9.884393063583816197e-01,9.988623435722410182e-01,1.000000000000000000e+00,0.000000000000000000e+00,0.000000000000000000e+00,1.000000000000000000e+00,0.000000000000000000e+00,1.000000000000000000e+00,0.000000000000000000e+00,9.906933457422055778e-01,9.537987679671459107e-01,1.123595505617978017e-02,0.000000000000000000e+00,1.000000000000000000e+00,0.000000000000000000e+00,4.999999999999998890e-01,0.000000000000000000e+00,1.000000000000000000e+00,4.999999999999997224e-01,6.273584905660375410e-01,8.181818181818181213e-01,1.029962546816479418e-01,0.000000000000000000e+00,0.000000000000000000e+00,0.000000000000000000e+00,0.000000000000000000e+00,0.000000000000000000e+00,3.571428571428572063e-01,6.222222222222223431e-01,3.935185185185186008e-01,5.438596491228073759e-01,7.500000000000000000e-01,4.827586206896560816e-01,7.142857142857143016e-01,6.666666666666667407e-01,0.000000000000000000e+00,0.000000000000000000e+00,1.000000000000000000e+00,3.305785123966935024e-01,8.333333333333333703e-01,0.000000000000000000e+00,0.000000000000000000e+00,0.000000000000000000e+00,0.000000000000000000e+00,0.000000000000000000e+00
0.000000000000000000e+00,8.816793893129769577e-01,0.000000000000000000e+00,1.000000000000000000e+00,0.000000000000000000e+00,2.272727272727272374e-01,5.555555555555571901e-02,9.884393063583816197e-01,9.988623435722410182e-01,1.000000000000000000e+00,0.000000000000000000e+00,0.000000000000000000e+00,1.000000000000000000e+00,0.000000000000000000e+00,1.000000000000000000e+00,0.000000000000000000e+00,9.883666821777570277e-01,9.537987679671459107e-01,1.123595505617978017e-02,0.000000000000000000e+00,1.000000000000000000e+00,0.000000000000000000e+00,4.999999999999998890e-01,0.000000000000000000e+00,1.000000000000000000e+00,4.999999999999997224e-01,6.320754716981130672e-01,8.181818181818181213e-01,1.048689138576778951e-01,0.000000000000000000e+00,0.000000000000000000e+00,0.000000000000000000e+00,0.000000000000000000e+00,0.000000000000000000e+00,3.571428571428572063e-01,6.222222222222223431e-01,3.703703703703703498e-01,5.438596491228073759e-01,7.500000000000000000e-01,4.827586206896560816e-01,4.285714285714285476e-01,6.666666666666667407e-01,0.000000000000000000e+00,0.000000000000000000e+00,7.500000000000000000e-01,3.305785123966935024e-01,8.333333333333333703e-01,0.000000000000000000e+00,0.000000000000000000e+00,0.000000000000000000e+00,0.000000000000000000e+00,0.000000000000000000e+00
0.000000000000000000e+00,8.816793893129769577e-01,0.000000000000000000e+00,1.000000000000000000e+00,0.000000000000000000e+00,2.272727272727272374e-01,5.555555555555571901e-02,9.884393063583816197e-01,9.988623435722410182e-01,1.000000000000000000e+00,0.000000000000000000e+00,0.000000000000000000e+00,1.000000000000000000e+00,0.000000000000000000e+00,1.000000000000000000e+00,0.000000000000000000e+00,9.906933457422055778e-01,9.537987679671459107e-01,1.498127340823967972e-02,0.000000000000000000e+00,1.000000000000000000e+00,0.000000000000000000e+00,4.999999999999998890e-01,0.000000000000000000e+00,1.000000000000000000e+00,4.999999999999997224e-01,6.320754716981130672e-01,8.181818181818181213e-01,1.048689138576778951e-01,0.000000000000000000e+00,0.000000000000000000e+00,0.000000000000000000e+00,0.000000000000000000e+00,0.000000000000000000e+00,3.571428571428572063e-01,6.222222222222223431e-01,3.703703703703703498e-01,5.438596491228073759e-01,7.500000000000000000e-01,4.827586206896560816e-01,2.857142857142857539e-01,6.666666666666667407e-01,0.000000000000000000e+00,0.000000000000000000e+00,7.500000000000000000e-01,3.305785123966935024e-01,8.333333333333333703e-01,0.000000000000000000e+00,0.000000000000000000e+00,0.000000000000000000e+00,0.000000000000000000e+00,0.000000000000000000e+00
0.000000000000000000e+00,8.816793893129769577e-01,0.000000000000000000e+00,1.000000000000000000e+00,0.000000000000000000e+00,2.272727272727272374e-01,8.333333333333363402e-02,9.884393063583816197e-01,9.988623435722410182e-01,1.000000000000000000e+00,0.000000000000000000e+00,0.000000000000000000e+00,1.000000000000000000e+00,0.000000000000000000e+00,1.000000000000000000e+00,0.000000000000000000e+00,9.906933457422055778e-01,9.537987679671459107e-01,1.498127340823967972e-02,0.000000000000000000e+00,1.000000000000000000e+00,0.000000000000000000e+00,4.999999999999998890e-01,0.000000000000000000e+00,1.000000000000000000e+00,4.999999999999997224e-01,6.933962264150944632e-01,8.181818181818181213e-01,1.048689138576778951e-01,0.000000000000000000e+00,0.000000000000000000e+00,0.000000000000000000e+00,0.000000000000000000e+00,0.000000000000000000e+00,3.571428571428572063e-01,6.222222222222223431e-01,3.703703703703703498e-01,5.438596491228073759e-01,7.500000000000000000e-01,3.620689655172420474e-01,2.857142857142857539e-01,7.500000000000000000e-01,0.000000000000000000e+00,0.000000000000000000e+00,7.500000000000000000e-01,3.305785123966935024e-01,8.333333333333333703e-01,0.000000000000000000e+00,0.000000000000000000e+00,0.000000000000000000e+00,0.000000000000000000e+00,0.000000000000000000e+00
0.000000000000000000e+00,8.778625954198472359e-01,0.000000000000000000e+00,1.000000000000000000e+00,0.000000000000000000e+00,1.363636363636363535e-01,8.333333333333363402e-02,9.884393063583816197e-01,9.988623435722410182e-01,1.000000000000000000e+00,0.000000000000000000e+00,0.000000000000000000e+00,1.000000000000000000e+00,0.000000000000000000e+00,1.000000000000000000e+00,0.000000000000000000e+00,9.906933457422055778e-01,9.527720739219713852e-01,1.498127340823967972e-02,0.000000000000000000e+00,1.000000000000000000e+00,0.000000000000000000e+00,4.999999999999998890e-01,0.000000000000000000e+00,1.000000000000000000e+00,4.999999999999997224e-01,6.933962264150944632e-01,8.181818181818181213e-01,1.048689138576778951e-01,0.000000000000000000e+00,0.000000000000000000e+00,0.000000000000000000e+00,0.000000000000000000e+00,0.000000000000000000e+00,3.571428571428572063e-01,6.222222222222223431e-01,3.703703703703703498e-01,5.438596491228073759e-01,7.500000000000000000e-01,2.758620689655177372e-01,7.142857142857143016e-01,7.500000000000000000e-01,0.000000000000000000e+00,0.000000000000000000e+00,7.500000000000000000e-01,3.305785123966935024e-01,8.333333333333333703e-01,0.000000000000000000e+00,0.000000000000000000e+00,0.000000000000000000e+00,0.000000000000000000e+00,0.000000000000000000e+00
0.000000000000000000e+00,8.740458015267174030e-01,0.000000000000000000e+00,1.000000000000000000e+00,0.000000000000000000e+00,1.363636363636363535e-01,8.333333333333363402e-02,9.884393063583816197e-01,9.988623435722410182e-01,1.000000000000000000e+00,0.000000000000000000e+00,0.000000000000000000e+00,1.000000000000000000e+00,0.000000000000000000e+00,1.000000000000000000e+00,0.000000000000000000e+00,9.906933457422055778e-01,9.517453798767968598e-01,1.498127340823967972e-02,0.000000000000000000e+00,1.000000000000000000e+00,0.000000000000000000e+00,4.999999999999998890e-01,0.000000000000000000e+00,1.000000000000000000e+00,4.999999999999997224e-01,6.933962264150944632e-01,8.181818181818181213e-01,1.048689138576778951e-01,0.000000000000000000e+00,0.000000000000000000e+00,0.000000000000000000e+00,0.000000000000000000e+00,0.000000000000000000e+00,3.571428571428572063e-01,6.222222222222223431e-01,3.703703703703703498e-01,6.929824561403512551e-01,7.500000000000000000e-01,2.586206896551728751e-01,7.142857142857143016e-01,7.500000000000000000e-01,0.000000000000000000e+00,0.000000000000000000e+00,7.500000000000000000e-01,4.628099173553713586e-01,8.333333333333333703e-01,0.000000000000000000e+00,0.000000000000000000e+00,0.000000000000000000e+00,0.000000000000000000e+00,0.000000000000000000e+00
0.000000000000000000e+00,8.702290076335876812e-01,0.000000000000000000e+00,1.000000000000000000e+00,0.000000000000000000e+00,1.363636363636363535e-01,8.333333333333363402e-02,9.826589595375723185e-01,9.988623435722410182e-01,1.000000000000000000e+00,0.000000000000000000e+00,0.000000000000000000e+00,1.000000000000000000e+00,0.000000000000000000e+00,1.000000000000000000e+00,0.000000000000000000e+00,9.906933457422055778e-01,9.517453798767968598e-01,1.498127340823967972e-02,0.000000000000000000e+00,1.000000000000000000e+00,0.000000000000000000e+00,4.999999999999998890e-01,0.000000000000000000e+00,1.000000000000000000e+00,4.999999999999997224e-01,6.933962264150944632e-01,8.181818181818181213e-01,1.067415730337078761e-01,0.000000000000000000e+00,0.000000000000000000e+00,0.000000000000000000e+00,0.000000000000000000e+00,0.000000000000000000e+00,3.571428571428572063e-01,6.222222222222223431e-01,3.703703703703703498e-01,7.807017543859647857e-01,7.500000000000000000e-01,1.724137931034485927e-01,7.142857142857143016e-01,7.500000000000000000e-01,0.000000000000000000e+00,0.000000000000000000e+00,1.000000000000000000e+00,4.628099173553713586e-01,8.333333333333333703e-01,0.000000000000000000e+00,0.000000000000000000e+00,0.000000000000000000e+00,0.000000000000000000e+00,0.000000000000000000e+00
0.000000000000000000e+00,8.702290076335876812e-01,0.000000000000000000e+00,1.000000000000000000e+00,0.000000000000000000e+00,1.363636363636363535e-01,8.333333333333363402e-02,9.826589595375723185e-01,9.988623435722410182e-01,1.000000000000000000e+00,0.000000000000000000e+00,0.000000000000000000e+00,1.000000000000000000e+00,0.000000000000000000e+00,1.000000000000000000e+00,0.000000000000000000e+00,9.906933457422055778e-01,9.517453798767968598e-01,1.498127340823967972e-02,0.000000000000000000e+00,1.000000000000000000e+00,0.000000000000000000e+00,4.999999999999998890e-01,0.000000000000000000e+00,1.000000000000000000e+00,4.999999999999997224e-01,6.556603773584904760e-01,9.090909090909090606e-01,1.067415730337078761e-01,0.000000000000000000e+00,0.000000000000000000e+00,0.000000000000000000e+00,0.000000000000000000e+00,0.000000000000000000e+00,3.571428571428572063e-01,6.222222222222223431e-01,3.703703703703703498e-01,7.807017543859647857e-01,6.249999999999998890e-01,1.379310344827588963e-01,7.142857142857143016e-01,7.500000000000000000e-01,0.000000000000000000e+00,0.000000000000000000e+00,1.000000000000000000e+00,4.628099173553713586e-01,8.333333333333333703e-01,0.000000000000000000e+00,0.000000000000000000e+00,0.000000000000000000e+00,0.000000000000000000e+00,0.000000000000000000e+00
0.000000000000000000e+00,8.664122137404579593e-01,0.000000000000000000e+00,1.000000000000000000e+00,0.000000000000000000e+00,1.363636363636363535e-01,8.333333333333363402e-02,9.826589595375723185e-01,9.988623435722410182e-01,1.000000000000000000e+00,0.000000000000000000e+00,0.000000000000000000e+00,1.000000000000000000e+00,0.000000000000000000e+00,1.000000000000000000e+00,0.000000000000000000e+00,9.883666821777570277e-01,9.517453798767968598e-01,1.498127340823967972e-02,0.000000000000000000e+00,1.000000000000000000e+00,0.000000000000000000e+00,4.999999999999998890e-01,0.000000000000000000e+00,1.000000000000000000e+00,4.999999999999997224e-01,6.556603773584904760e-01,9.090909090909090606e-01,1.067415730337078761e-01,0.000000000000000000e+00,0.000000000000000000e+00,0.000000000000000000e+00,0.000000000000000000e+00,0.000000000000000000e+00,3.571428571428572063e-01,6.222222222222223431e-01,3.703703703703703498e-01,7.807017543859647857e-01,5.000000000000000000e-01,1.206896551724140343e-01,1.428571428571428770e-01,7.500000000000000000e-01,0.000000000000000000e+00,0.000000000000000000e+00,1.000000000000000000e+00,8.677685950413221994e-01,8.333333333333333703e-01,0.000000000000000000e+00,0.000000000000000000e+00,0.000000000000000000e+00,0.000000000000000000e+00,0.000000000000000000e+00
0.000000000000000000e+00,8.664122137404579593e-01,0.000000000000000000e+00,1.000000000000000000e+00,0.000000000000000000e+00,1.363636363636363535e-01,8.333333333333363402e-02,9.826589595375723185e-01,9.988623435722410182e-01,1.000000000000000000e+00,0.000000000000000000e+00,0.000000000000000000e+00,1.000000000000000000e+00,0.000000000000000000e+00,1.000000000000000000e+00,0.000000000000000000e+00,9.883666821777570277e-01,9.517453798767968598e-01,1.498127340823967972e-02,0.000000000000000000e+00,1.000000000000000000e+00,0.000000000000000000e+00,4.999999999999998890e-01,0.000000000000000000e+00,1.000000000000000000e+00,4.999999999999997224e-01,6.556603773584904760e-01,9.090909090909090606e-01,1.067415730337078761e-01,0.000000000000000000e+00,0.000000000000000000e+00,0.000000000000000000e+00,0.000000000000000000e+00,0.000000000000000000e+00,3.571428571428572063e-01,6.222222222222223431e-01,3.703703703703703498e-01,7.807017543859647857e-01,5.000000000000000000e-01,3.103448275862074612e-01,1.428571428571428770e-01,7.500000000000000000e-01,0.000000000000000000e+00,0.000000000000000000e+00,5.000000000000000000e-01,8.677685950413221994e-01,6.666666666666667407e-01,0.000000000000000000e+00,0.000000000000000000e+00,0.000000000000000000e+00,0.000000000000000000e+00,0.000000000000000000e+00
0.000000000000000000e+00,8.625954198473281265e-01,0.000000000000000000e+00,1.000000000000000000e+00,0.000000000000000000e+00,1.363636363636363535e-01,8.333333333333363402e-02,9.768786127167631284e-01,9.988623435722410182e-01,1.000000000000000000e+00,0.000000000000000000e+00,0.000000000000000000e+00,1.000000000000000000e+00,0.000000000000000000e+00,1.000000000000000000e+00,0.000000000000000000e+00,9.883666821777570277e-01,9.517453798767968598e-01,1.498127340823967972e-02,0.000000000000000000e+00,1.000000000000000000e+00,0.000000000000000000e+00,4.999999999999998890e-01,0.000000000000000000e+00,1.000000000000000000e+00,4.999999999999997224e-01,6.556603773584904760e-01,8.181818181818181213e-01,1.086142322097378293e-01,0.000000000000000000e+00,0.000000000000000000e+00,0.000000000000000000e+00,0.000000000000000000e+00,0.000000000000000000e+00,3.571428571428572063e-01,6.222222222222223431e-01,3.703703703703703498e-01,6.052631578947370583e-01,5.000000000000000000e-01,3.620689655172420474e-01,1.428571428571428770e-01,7.500000000000000000e-01,0.000000000000000000e+00,0.000000000000000000e+00,5.000000000000000000e-01,8.677685950413221994e-01,5.000000000000001110e-01,0.000000000000000000e+00,0.000000000000000000e+00,0.000000000000000000e+00,0.000000000000000000e+00,0.000000000000000000e+00
0.000000000000000000e+00,8.587786259541987377e-01,0.000000000000000000e+00,1.000000000000000000e+00,0.000000000000000000e+00,1.363636363636363535e-01,8.333333333333363402e-02,9.710982658959539382e-01,9.988623435722410182e-01,1.000000000000000000e+00,0.000000000000000000e+00,0.000000000000000000e+00,1.000000000000000000e+00,0.000000000000000000e+00,1.000000000000000000e+00,0.000000000000000000e+00,9.883666821777570277e-01,9.517453798767968598e-01,1.498127340823967972e-02,0.000000000000000000e+00,1.000000000000000000e+00,0.000000000000000000e+00,4.999999999999998890e-01,0.000000000000000000e+00,1.000000000000000000e+00,4.999999999999997224e-01,6.556603773584904760e-01,6.363636363636363535e-01,1.086142322097378293e-01,0.000000000000000000e+00,0.000000000000000000e+00,0.000000000000000000e+00,0.000000000000000000e+00,0.000000000000000000e+00,3.571428571428572063e-01,6.222222222222223431e-01,3.703703703703703498e-01,6.052631578947370583e-01,5.000000000000000000e-01,3.620689655172420474e-01,1.428571428571428770e-01,7.500000000000000000e-01,0.000000000000000000e+00,0.000000000000000000e+00,5.000000000000000000e-01,5.371900826446276422e-01,5.000000000000001110e-01,0.000000000000000000e+00,0.000000000000000000e+00,0.000000000000000000e+00,0.000000000000000000e+00,0.000000000000000000e+00
0.000000000000000000e+00,8.549618320610690159e-01,0.000000000000000000e+00,1.000000000000000000e+00,0.000000000000000000e+00,1.363636363636363535e-01,8.333333333333363402e-02,9.710982658959539382e-01,9.988623435722410182e-01,1.000000000000000000e+00,0.000000000000000000e+00,0.000000000000000000e+00,1.000000000000000000e+00,0.000000000000000000e+00,1.000000000000000000e+00,0.000000000000000000e+00,9.860400186133084777e-01,9.527720739219713852e-01,1.872659176029961917e-02,0.000000000000000000e+00,1.000000000000000000e+00,0.000000000000000000e+00,4.999999999999998890e-01,0.000000000000000000e+00,1.000000000000000000e+00,4.999999999999997224e-01,6.556603773584904760e-01,6.363636363636363535e-01,1.086142322097378293e-01,0.000000000000000000e+00,0.000000000000000000e+00,0.000000000000000000e+00,0.000000000000000000e+00,0.000000000000000000e+00,3.571428571428572063e-01,6.222222222222223431e-01,3.703703703703703498e-01,4.254385964912280049e-01,5.000000000000000000e-01,3.620689655172420474e-01,1.428571428571428770e-01,6.666666666666667407e-01,0.000000000000000000e+00,0.000000000000000000e+00,5.000000000000000000e-01,5.371900826446276422e-01,5.000000000000001110e-01,0.000000000000000000e+00,0.000000000000000000e+00,0.000000000000000000e+00,0.000000000000000000e+00,0.000000000000000000e+00
0.000000000000000000e+00,8.511450381679392940e-01,0.000000000000000000e+00,1.000000000000000000e+00,0.000000000000000000e+00,1.363636363636363535e-01,8.333333333333363402e-02,9.710982658959539382e-01,9.988623435722410182e-01,1.000000000000000000e+00,0.000000000000000000e+00,0.000000000000000000e+00,1.000000000000000000e+00,0.000000000000000000e+00,1.000000000000000000e+00,0.000000000000000000e+00,9.860400186133084777e-01,9.527720739219713852e-01,1.498127340823967972e-02,0.000000000000000000e+00,1.000000000000000000e+00,0.000000000000000000e+00,4.999999999999998890e-01,0.000000000000000000e+00,1.000000000000000000e+00,4.999999999999997224e-01,6.556603773584904760e-01,5.454545454545454142e-01,1.067415730337078761e-01,0.000000000000000000e+00,0.000000000000000000e+00,0.000000000000000000e+00,0.000000000000000000e+00,0.000000000000000000e+00,3.571428571428572063e-01,6.222222222222223431e-01,3.703703703703703498e-01,4.254385964912280049e-01,5.000000000000000000e-01,1.724137931034485927e-01,1.428571428571428770e-01,6.666666666666667407e-01,0.000000000000000000e+00,0.000000000000000000e+00,5.000000000000000000e-01,5.371900826446276422e-01,5.000000000000001110e-01,0.000000000000000000e+00,0.000000000000000000e+00,0.000000000000000000e+00,0.000000000000000000e+00,0.000000000000000000e+00
0.000000000000000000e+00,8.473282442748094612e-01,0.000000000000000000e+00,1.000000000000000000e+00,0.000000000000000000e+00,1.363636363636363535e-01,8.333333333333363402e-02,9.710982658959539382e-01,9.988623435722410182e-01,1.000000000000000000e+00,0.000000000000000000e+00,0.000000000000000000e+00,1.000000000000000000e+00,0.000000000000000000e+00,1.000000000000000000e+00,0.000000000000000000e+00,9.883666821777570277e-01,9.527720739219713852e-01,1.498127340823967972e-02,0.000000000000000000e+00,1.000000000000000000e+00,0.000000000000000000e+00,4.999999999999998890e-01,0.000000000000000000e+00,1.000000000000000000e+00,4.999999999999997224e-01,6.556603773584904760e-01,4.545454545454545303e-01,1.086142322097378293e-01,0.000000000000000000e+00,0.000000000000000000e+00,0.000000000000000000e+00,0.000000000000000000e+00,0.000000000000000000e+00,3.571428571428572063e-01,6.222222222222223431e-01,3.703703703703703498e-01,4.254385964912280049e-01,5.000000000000000000e-01,1.379310344827588963e-01,5.714285714285715079e-01,6.666666666666667407e-01,0.000000000000000000e+00,0.000000000000000000e+00,5.000000000000000000e-01,5.371900826446276422e-01,5.000000000000001110e-01,0.000000000000000000e+00,0.000000000000000000e+00,0.000000000000000000e+00,0.000000000000000000e+00,0.000000000000000000e+00
0.000000000000000000e+00,8.511450381679392940e-01,0.000000000000000000e+00,1.000000000000000000e+00,0.000000000000000000e+00,1.363636363636363535e-01,8.333333333333363402e-02,9.710982658959539382e-01,9.977246871444824805e-01,1.000000000000000000e+00,0.000000000000000000e+00,0.000000000000000000e+00,1.000000000000000000e+00,0.000000000000000000e+00,1.000000000000000000e+00,0.000000000000000000e+00,9.883666821777570277e-01,9.527720739219713852e-01,1.872659176029961917e-02,0.000000000000000000e+00,1.000000000000000000e+00,0.000000000000000000e+00,4.999999999999998890e-01,0.000000000000000000e+00,1.000000000000000000e+00,4.999999999999997224e-01,6.556603773584904760e-01,4.545454545454545303e-01,1.086142322097378293e-01,0.000000000000000000e+00,0.000000000000000000e+00,0.000000000000000000e+00,0.000000000000000000e+00,0.000000000000000000e+00,3.571428571428572063e-01,6.222222222222223431e-01,3.703703703703703498e-01,4.254385964912280049e-01,3.750000000000000000e-01,3.275862068965523233e-01,2.857142857142857539e-01,6.666666666666667407e-01,0.000000000000000000e+00,0.000000000000000000e+00,5.000000000000000000e-01,5.371900826446276422e-01,5.000000000000001110e-01,0.000000000000000000e+00,0.000000000000000000e+00,0.000000000000000000e+00,0.000000000000000000e+00,0.000000000000000000e+00
0.000000000000000000e+00,8.473282442748094612e-01,0.000000000000000000e+00,1.000000000000000000e+00,0.000000000000000000e+00,1.363636363636363535e-01,8.333333333333363402e-02,9.710982658959539382e-01,9.977246871444824805e-01,1.000000000000000000e+00,0.000000000000000000e+00,0.000000000000000000e+00,1.000000000000000000e+00,0.000000000000000000e+00,1.000000000000000000e+00,0.000000000000000000e+00,9.860400186133084777e-01,9.527720739219713852e-01,1.872659176029961917e-02,0.000000000000000000e+00,1.000000000000000000e+00,0.000000000000000000e+00,4.999999999999998890e-01,0.000000000000000000e+00,1.000000000000000000e+00,4.999999999999997224e-01,6.556603773584904760e-01,5.454545454545454142e-01,1.086142322097378293e-01,0.000000000000000000e+00,0.000000000000000000e+00,0.000000000000000000e+00,0.000000000000000000e+00,0.000000000000000000e+00,3.571428571428572063e-01,6.222222222222223431e-01,3.703703703703703498e-01,4.254385964912280049e-01,3.750000000000000000e-01,4.655172413793112196e-01,1.428571428571428770e-01,6.666666666666667407e-01,0.000000000000000000e+00,0.000000000000000000e+00,5.000000000000000000e-01,5.371900826446276422e-01,5.000000000000001110e-01,0.000000000000000000e+00,0.000000000000000000e+00,0.000000000000000000e+00,0.000000000000000000e+00,0.000000000000000000e+00
0.000000000000000000e+00,8.435114503816796283e-01,0.000000000000000000e+00,1.000000000000000000e+00,0.000000000000000000e+00,1.363636363636363535e-01,8.333333333333363402e-02,9.710982658959539382e-01,9.977246871444824805e-01,1.000000000000000000e+00,0.000000000000000000e+00,0.000000000000000000e+00,1.000000000000000000e+00,0.000000000000000000e+00,1.000000000000000000e+00,0.000000000000000000e+00,9.837133550488598166e-01,9.527720739219713852e-01,1.872659176029961917e-02,0.000000000000000000e+00,1.000000000000000000e+00,0.000000000000000000e+00,4.999999999999998890e-01,0.000000000000000000e+00,1.000000000000000000e+00,4.999999999999997224e-01,6.556603773584904760e-01,8.181818181818181213e-01,1.104868913857678103e-01,0.000000000000000000e+00,0.000000000000000000e+00,0.000000000000000000e+00,0.000000000000000000e+00,0.000000000000000000e+00,3.571428571428572063e-01,6.222222222222223431e-01,3.333333333333333148e-01,4.254385964912280049e-01,3.750000000000000000e-01,4.655172413793112196e-01,1.428571428571428770e-01,6.666666666666667407e-01,0.000000000000000000e+00,0.000000000000000000e+00,5.000000000000000000e-01,5.371900826446276422e-01,5.000000000000001110e-01,0.000000000000000000e+00,0.000000000000000000e+00,0.000000000000000000e+00,0.000000000000000000e+00,0.000000000000000000e+00
0.000000000000000000e+00,8.396946564885499065e-01,0.000000000000000000e+00,1.000000000000000000e+00,0.000000000000000000e+00,1.363636363636363535e-01,2.777777777777790807e-02,9.710982658959539382e-01,9.977246871444824805e-01,1.000000000000000000e+00,0.000000000000000000e+00,0.000000000000000000e+00,1.000000000000000000e+00,0.000000000000000000e+00,1.000000000000000000e+00,0.000000000000000000e+00,9.813866914844112666e-01,9.527720739219713852e-01,2.247191011235956035e-02,0.000000000000000000e+00,1.000000000000000000e+00,0.000000000000000000e+00,4.999999999999998890e-01,0.000000000000000000e+00,1.000000000000000000e+00,4.999999999999997224e-01,6.556603773584904760e-01,8.181818181818181213e-01,1.104868913857678103e-01,0.000000000000000000e+00,0.000000000000000000e+00,0.000000000000000000e+00,0.000000000000000000e+00,0.000000000000000000e+00,3.571428571428572063e-01,6.296296296296295392e-01,3.333333333333333148e-01,4.254385964912280049e-01,3.750000000000000000e-01,5.862068965517233110e-01,1.428571428571428770e-01,6.666666666666667407e-01,0.000000000000000000e+00,0.000000000000000000e+00,5.000000000000000000e-01,5.371900826446276422e-01,5.000000000000001110e-01,0.000000000000000000e+00,0.000000000000000000e+00,0.000000000000000000e+00,0.000000000000000000e+00,0.000000000000000000e+00
0.000000000000000000e+00,8.358778625954201846e-01,0.000000000000000000e+00,1.000000000000000000e+00,0.000000000000000000e+00,1.363636363636363535e-01,2.777777777777790807e-02,9.710982658959539382e-01,9.977246871444824805e-01,1.000000000000000000e+00,0.000000000000000000e+00,0.000000000000000000e+00,1.000000000000000000e+00,0.000000000000000000e+00,1.000000000000000000e+00,0.000000000000000000e+00,9.790600279199626055e-01,9.527720739219713852e-01,2.247191011235956035e-02,0.000000000000000000e+00,1.000000000000000000e+00,0.000000000000000000e+00,4.999999999999998890e-01,0.000000000000000000e+00,1.000000000000000000e+00,4.999999999999997224e-01,6.556603773584904760e-01,8.181818181818181213e-01,1.086142322097378293e-01,0.000000000000000000e+00,0.000000000000000000e+00,0.000000000000000000e+00,0.000000000000000000e+00,0.000000000000000000e+00,3.571428571428572063e-01,6.296296296296295392e-01,3.657407407407406996e-01,4.254385964912280049e-01,3.750000000000000000e-01,6.034482758620682841e-01,1.428571428571428770e-01,6.666666666666667407e-01,0.000000000000000000e+00,0.000000000000000000e+00,5.000000000000000000e-01,5.371900826446276422e-01,5.000000000000001110e-01,0.000000000000000000e+00,0.000000000000000000e+00,0.000000000000000000e+00,0.000000000000000000e+00,0.000000000000000000e+00
0.000000000000000000e+00,8.358778625954201846e-01,0.000000000000000000e+00,1.000000000000000000e+00,0.000000000000000000e+00,1.363636363636363535e-01,2.777777777777790807e-02,9.710982658959539382e-01,9.977246871444824805e-01,1.000000000000000000e+00,0.000000000000000000e+00,0.000000000000000000e+00,1.000000000000000000e+00,0.000000000000000000e+00,1.000000000000000000e+00,0.000000000000000000e+00,9.790600279199626055e-01,9.527720739219713852e-01,2.247191011235956035e-02,0.000000000000000000e+00,1.000000000000000000e+00,0.000000000000000000e+00,4.999999999999998890e-01,0.000000000000000000e+00,1.000000000000000000e+00,4.999999999999997224e-01,6.839622641509431888e-01,8.181818181818181213e-01,1.104868913857678103e-01,0.000000000000000000e+00,0.000000000000000000e+00,0.000000000000000000e+00,0.000000000000000000e+00,0.000000000000000000e+00,3.571428571428572063e-01,6.296296296296295392e-01,3.657407407407406996e-01,4.254385964912280049e-01,5.000000000000000000e-01,3.620689655172420474e-01,1.428571428571428770e-01,6.666666666666667407e-01,0.000000000000000000e+00,0.000000000000000000e+00,5.000000000000000000e-01,5.371900826446276422e-01,5.000000000000001110e-01,0.000000000000000000e+00,0.000000000000000000e+00,0.000000000000000000e+00,0.000000000000000000e+00,0.000000000000000000e+00
0.000000000000000000e+00,8.282442748091605189e-01,0.000000000000000000e+00,1.000000000000000000e+00,0.000000000000000000e+00,1.363636363636363535e-01,2.777777777777790807e-02,9.710982658959539382e-01,9.977246871444824805e-01,1.000000000000000000e+00,0.000000000000000000e+00,0.000000000000000000e+00,1.000000000000000000e+00,0.000000000000000000e+00,1.000000000000000000e+00,0.000000000000000000e+00,9.813866914844112666e-01,9.527720739219713852e-01,2.247191011235956035e-02,0.000000000000000000e+00,1.000000000000000000e+00,0.000000000000000000e+00,4.999999999999998890e-01,0.000000000000000000e+00,1.000000000000000000e+00,4.999999999999997224e-01,7.075471698113205976e-01,8.181818181818181213e-01,1.104868913857678103e-01,0.000000000000000000e+00,0.000000000000000000e+00,0.000000000000000000e+00,0.000000000000000000e+00,0.000000000000000000e+00,3.571428571428572063e-01,6.296296296296295392e-01,3.657407407407406996e-01,4.254385964912280049e-01,5.000000000000000000e-01,1.551724137931037584e-01,1.428571428571428770e-01,6.666666666666667407e-01,0.000000000000000000e+00,0.000000000000000000e+00,5.000000000000000000e-01,5.371900826446276422e-01,5.000000000000001110e-01,0.000000000000000000e+00,0.000000000000000000e+00,0.000000000000000000e+00,0.000000000000000000e+00,0.000000000000000000e+00
0.000000000000000000e+00,8.282442748091605189e-01,0.000000000000000000e+00,1.000000000000000000e+00,0.000000000000000000e+00,1.363636363636363535e-01,2.777777777777790807e-02,9.710982658959539382e-01,9.965870307167232767e-01,1.000000000000000000e+00,0.000000000000000000e+00,0.000000000000000000e+00,1.000000000000000000e+00,0.000000000000000000e+00,1.000000000000000000e+00,0.000000000000000000e+00,9.837133550488598166e-01,9.517453798767968598e-01,2.621722846441949806e-02,0.000000000000000000e+00,1.000000000000000000e+00,0.000000000000000000e+00,4.999999999999998890e-01,0.000000000000000000e+00,1.000000000000000000e+00,4.999999999999997224e-01,7.075471698113205976e-01,9.090909090909090606e-01,1.104868913857678103e-01,0.000000000000000000e+00,0.000000000000000000e+00,0.000000000000000000e+00,0.000000000000000000e+00,0.000000000000000000e+00,3.571428571428572063e-01,6.296296296296295392e-01,3.657407407407406996e-01,4.254385964912280049e-01,5.000000000000000000e-01,1.379310344827588963e-01,4.285714285714285476e-01,6.666666666666667407e-01,0.000000000000000000e+00,0.000000000000000000e+00,7.500000000000000000e-01,5.371900826446276422e-01,6.666666666666667407e-01,0.000000000000000000e+00,0.000000000000000000e+00,0.000000000000000000e+00,0.000000000000000000e+00,0.000000000000000000e+00
0.000000000000000000e+00,8.282442748091605189e-01,0.000000000000000000e+00,1.000000000000000000e+00,0.000000000000000000e+00,1.363636363636363535e-01,2.777777777777790807e-02,9.710982658959539382e-01,9.965870307167232767e-01,1.000000000000000000e+00,0.000000000000000000e+00,0.000000000000000000e+00,1.000000000000000000e+00,0.000000000000000000e+00,1.000000000000000000e+00,0.000000000000000000e+00,9.860400186133084777e-01,9.517453798767968598e-01,2.621722846441949806e-02,0.000000000000000000e+00,1.000000000000000000e+00,0.000000000000000000e+00,4.999999999999998890e-01,0.000000000000000000e+00,1.000000000000000000e+00,4.999999999999997224e-01,7.075471698113205976e-01,9.090909090909090606e-01,1.104868913857678103e-01,0.000000000000000000e+00,0.000000000000000000e+00,0.000000000000000000e+00,0.000000000000000000e+00,0.000000000000000000e+00,3.571428571428572063e-01,6.296296296296295392e-01,3.564814814814815103e-01,4.254385964912280049e-01,6.249999999999998890e-01,1.551724137931037584e-01,7.142857142857143016e-01,6.666666666666667407e-01,0.000000000000000000e+00,0.000000000000000000e+00,7.500000000000000000e-01,5.371900826446276422e-01,6.666666666666667407e-01,0.000000000000000000e+00,0.000000000000000000e+00,0.000000000000000000e+00,0.000000000000000000e+00,0.000000000000000000e+00
0.000000000000000000e+00,8.244274809160307971e-01,0.000000000000000000e+00,1.000000000000000000e+00,0.000000000000000000e+00,1.363636363636363535e-01,2.777777777777790807e-02,9.710982658959539382e-01,9.965870307167232767e-01,1.000000000000000000e+00,0.000000000000000000e+00,0.000000000000000000e+00,1.000000000000000000e+00,0.000000000000000000e+00,1.000000000000000000e+00,0.000000000000000000e+00,9.860400186133084777e-01,9.517453798767968598e-01,2.621722846441949806e-02,0.000000000000000000e+00,1.000000000000000000e+00,0.000000000000000000e+00,4.999999999999998890e-01,0.000000000000000000e+00,1.000000000000000000e+00,4.999999999999997224e-01,7.075471698113205976e-01,7.272727272727271819e-01,1.104868913857678103e-01,0.000000000000000000e+00,0.000000000000000000e+00,0.000000000000000000e+00,0.000000000000000000e+00,0.000000000000000000e+00,3.571428571428572063e-01,6.296296296296295392e-01,3.518518518518518601e-01,4.254385964912280049e-01,6.249999999999998890e-01,4.137931034482766335e-01,7.142857142857143016e-01,6.666666666666667407e-01,0.000000000000000000e+00,0.000000000000000000e+00,7.500000000000000000e-01,5.371900826446276422e-01,6.666666666666667407e-01,0.000000000000000000e+00,0.000000000000000000e+00,0.000000000000000000e+00,0.000000000000000000e+00,0.000000000000000000e+00
0.000000000000000000e+00,8.206106870229010752e-01,0.000000000000000000e+00,1.000000000000000000e+00,0.000000000000000000e+00,1.363636363636363535e-01,2.777777777777790807e-02,9.653179190751445260e-01,9.965870307167232767e-01,1.000000000000000000e+00,0.000000000000000000e+00,0.000000000000000000e+00,1.000000000000000000e+00,0.000000000000000000e+00,1.000000000000000000e+00,0.000000000000000000e+00,9.883666821777570277e-01,9.527720739219713852e-01,2.996254681647940107e-02,0.000000000000000000e+00,1.000000000000000000e+00,0.000000000000000000e+00,4.999999999999998890e-01,0.000000000000000000e+00,1.000000000000000000e+00,4.999999999999997224e-01,7.075471698113205976e-01,5.454545454545454142e-01,1.104868913857678103e-01,0.000000000000000000e+00,0.000000000000000000e+00,0.000000000000000000e+00,0.000000000000000000e+00,0.000000000000000000e+00,3.571428571428572063e-01,6.296296296296295392e-01,3.518518518518518601e-01,4.254385964912280049e-01,7.500000000000000000e-01,5.862068965517233110e-01,7.142857142857143016e-01,6.666666666666667407e-01,0.000000000000000000e+00,0.000000000000000000e+00,7.500000000000000000e-01,5.371900826446276422e-01,8.333333333333333703e-01,0.000000000000000000e+00,0.000000000000000000e+00,0.000000000000000000e+00,0.000000000000000000e+00,0.000000000000000000e+00
0.000000000000000000e+00,8.206106870229010752e-01,0.000000000000000000e+00,1.000000000000000000e+00,0.000000000000000000e+00,1.363636363636363535e-01,2.777777777777790807e-02,9.595375722543352248e-01,9.977246871444824805e-01,1.000000000000000000e+00,0.000000000000000000e+00,0.000000000000000000e+00,1.000000000000000000e+00,0.000000000000000000e+00,1.000000000000000000e+00,0.000000000000000000e+00,9.883666821777570277e-01,9.527720739219713852e-01,2.996254681647940107e-02,0.000000000000000000e+00,1.000000000000000000e+00,0.000000000000000000e+00,4.999999999999998890e-01,0.000000000000000000e+00,1.000000000000000000e+00,4.999999999999997224e-01,7.075471698113205976e-01,5.454545454545454142e-01,1.123595505617977636e-01,0.000000000000000000e+00,0.000000000000000000e+00,0.000000000000000000e+00,0.000000000000000000e+00,0.000000000000000000e+00,3.571428571428572063e-01,6.296296296296295392e-01,3.518518518518518601e-01,4.254385964912280049e-01,8.749999999999998890e-01,7.241379310344822073e-01,7.142857142857143016e-01,6.666666666666667407e-01,0.000000000000000000e+00,0.000000000000000000e+00,7.500000000000000000e-01,5.371900826446276422e-01,8.333333333333333703e-01,0.000000000000000000e+00,0.000000000000000000e+00,0.000000000000000000e+00,0.000000000000000000e+00,0.000000000000000000e+00
0.000000000000000000e+00,8.167938931297712424e-01,0.000000000000000000e+00,1.000000000000000000e+00,0.000000000000000000e+00,1.363636363636363535e-01,2.777777777777790807e-02,9.595375722543352248e-01,9.977246871444824805e-01,1.000000000000000000e+00,0.000000000000000000e+00,0.000000000000000000e+00,1.000000000000000000e+00,0.000000000000000000e+00,1.000000000000000000e+00,0.000000000000000000e+00,9.883666821777570277e-01,9.527720739219713852e-01,2.996254681647940107e-02,0.000000000000000000e+00,1.000000000000000000e+00,0.000000000000000000e+00,4.999999999999998890e-01,0.000000000000000000e+00,1.000000000000000000e+00,4.999999999999997224e-01,7.075471698113205976e-01,5.454545454545454142e-01,1.123595505617977636e-01,0.000000000000000000e+00,0.000000000000000000e+00,0.000000000000000000e+00,0.000000000000000000e+00,0.000000000000000000e+00,3.571428571428572063e-01,6.296296296296295392e-01,3.518518518518518601e-01,4.254385964912280049e-01,8.749999999999998890e-01,7.241379310344822073e-01,7.142857142857143016e-01,6.666666666666667407e-01,0.000000000000000000e+00,0.000000000000000000e+00,7.500000000000000000e-01,5.371900826446276422e-01,8.333333333333333703e-01,0.000000000000000000e+00,0.000000000000000000e+00,0.000000000000000000e+00,0.000000000000000000e+00,0.000000000000000000e+00
0.000000000000000000e+00,8.129770992366415205e-01,0.000000000000000000e+00,1.000000000000000000e+00,0.000000000000000000e+00,1.363636363636363535e-01,2.777777777777790807e-02,9.595375722543352248e-01,9.977246871444824805e-01,1.000000000000000000e+00,0.000000000000000000e+00,0.000000000000000000e+00,1.000000000000000000e+00,0.000000000000000000e+00,1.000000000000000000e+00,0.000000000000000000e+00,9.883666821777570277e-01,9.527720739219713852e-01,2.996254681647940107e-02,0.000000000000000000e+00,1.000000000000000000e+00,0.000000000000000000e+00,4.999999999999998890e-01,0.000000000000000000e+00,1.000000000000000000e+00,4.999999999999997224e-01,7.075471698113205976e-01,5.454545454545454142e-01,1.123595505617977636e-01,0.000000000000000000e+00,0.000000000000000000e+00,0.000000000000000000e+00,0.000000000000000000e+00,0.000000000000000000e+00,3.571428571428572063e-01,6.296296296296295392e-01,3.518518518518518601e-01,4.254385964912280049e-01,8.749999999999998890e-01,6.034482758620682841e-01,5.714285714285715079e-01,6.666666666666667407e-01,0.000000000000000000e+00,0.000000000000000000e+00,7.500000000000000000e-01,5.371900826446276422e-01,8.333333333333333703e-01,0.000000000000000000e+00,0.000000000000000000e+00,0.000000000000000000e+00,0.000000000000000000e+00,0.000000000000000000e+00
0.000000000000000000e+00,8.129770992366415205e-01,0.000000000000000000e+00,1.000000000000000000e+00,0.000000000000000000e+00,1.363636363636363535e-01,2.777777777777790807e-02,9.595375722543352248e-01,9.977246871444824805e-01,1.000000000000000000e+00,0.000000000000000000e+00,0.000000000000000000e+00,1.000000000000000000e+00,0.000000000000000000e+00,1.000000000000000000e+00,0.000000000000000000e+00,9.883666821777570277e-01,9.527720739219713852e-01,2.996254681647940107e-02,0.000000000000000000e+00,1.000000000000000000e+00,0.000000000000000000e+00,4.999999999999998890e-01,0.000000000000000000e+00,1.000000000000000000e+00,4.999999999999997224e-01,7.075471698113205976e-01,5.454545454545454142e-01,1.123595505617977636e-01,0.000000000000000000e+00,0.000000000000000000e+00,0.000000000000000000e+00,0.000000000000000000e+00,0.000000000000000000e+00,3.571428571428572063e-01,6.296296296296295392e-01,3.518518518518518601e-01,4.254385964912280049e-01,8.749999999999998890e-01,6.034482758620682841e-01,5.714285714285715079e-01,6.666666666666667407e-01,0.000000000000000000e+00,0.000000000000000000e+00,7.500000000000000000e-01,5.371900826446276422e-01,8.333333333333333703e-01,0.000000000000000000e+00,0.000000000000000000e+00,0.000000000000000000e+00,0.000000000000000000e+00,0.000000000000000000e+00
0.000000000000000000e+00,8.091603053435117987e-01,0.000000000000000000e+00,1.000000000000000000e+00,0.000000000000000000e+00,1.363636363636363535e-01,2.777777777777790807e-02,9.595375722543352248e-01,9.977246871444824805e-01,1.000000000000000000e+00,0.000000000000000000e+00,0.000000000000000000e+00,1.000000000000000000e+00,0.000000000000000000e+00,1.000000000000000000e+00,0.000000000000000000e+00,9.883666821777570277e-01,9.527720739219713852e-01,2.996254681647940107e-02,0.000000000000000000e+00,1.000000000000000000e+00,0.000000000000000000e+00,4.999999999999998890e-01,0.000000000000000000e+00,1.000000000000000000e+00,4.999999999999997224e-01,7.075471698113205976e-01,5.454545454545454142e-01,1.123595505617977636e-01,0.000000000000000000e+00,0.000000000000000000e+00,0.000000000000000000e+00,0.000000000000000000e+00,0.000000000000000000e+00,3.571428571428572063e-01,6.296296296296295392e-01,3.518518518518518601e-01,4.254385964912280049e-01,7.500000000000000000e-01,5.000000000000008882e-01,5.714285714285715079e-01,6.666666666666667407e-01,0.000000000000000000e+00,0.000000000000000000e+00,7.500000000000000000e-01,5.371900826446276422e-01,8.333333333333333703e-01,0.000000000000000000e+00,0.000000000000000000e+00,0.000000000000000000e+00,0.000000000000000000e+00,0.000000000000000000e+00
0.000000000000000000e+00,8.053435114503818548e-01,0.000000000000000000e+00,1.000000000000000000e+00,0.000000000000000000e+00,1.363636363636363535e-01,2.777777777777790807e-02,9.595375722543352248e-01,9.977246871444824805e-01,1.000000000000000000e+00,0.000000000000000000e+00,0.000000000000000000e+00,1.000000000000000000e+00,0.000000000000000000e+00,1.000000000000000000e+00,0.000000000000000000e+00,9.883666821777570277e-01,9.527720739219713852e-01,2.996254681647940107e-02,0.000000000000000000e+00,1.000000000000000000e+00,0.000000000000000000e+00,4.999999999999998890e-01,0.000000000000000000e+00,1.000000000000000000e+00,4.999999999999997224e-01,7.075471698113205976e-01,5.454545454545454142e-01,1.123595505617977636e-01,0.000000000000000000e+00,0.000000000000000000e+00,0.000000000000000000e+00,0.000000000000000000e+00,0.000000000000000000e+00,3.571428571428572063e-01,6.555555555555555580e-01,3.518518518518518601e-01,4.254385964912280049e-01,7.500000000000000000e-01,3.448275862068971853e-01,5.714285714285715079e-01,6.666666666666667407e-01,0.000000000000000000e+00,0.000000000000000000e+00,7.500000000000000000e-01,5.371900826446276422e-01,8.333333333333333703e-01,0.000000000000000000e+00,0.000000000000000000e+00,0.000000000000000000e+00,0.000000000000000000e+00,0.000000000000000000e+00
0.000000000000000000e+00,8.053435114503818548e-01,0.000000000000000000e+00,1.000000000000000000e+00,0.000000000000000000e+00,1.363636363636363535e-01,2.777777777777790807e-02,9.595375722543352248e-01,9.977246871444824805e-01,1.000000000000000000e+00,0.000000000000000000e+00,0.000000000000000000e+00,1.000000000000000000e+00,0.000000000000000000e+00,1.000000000000000000e+00,0.000000000000000000e+00,9.883666821777570277e-01,9.527720739219713852e-01,2.996254681647940107e-02,0.000000000000000000e+00,1.000000000000000000e+00,0.000000000000000000e+00,4.999999999999998890e-01,0.000000000000000000e+00,1.000000000000000000e+00,4.999999999999997224e-01,7.075471698113205976e-01,5.454545454545454142e-01,1.123595505617977636e-01,0.000000000000000000e+00,0.000000000000000000e+00,0.000000000000000000e+00,0.000000000000000000e+00,0.000000000000000000e+00,3.571428571428572063e-01,6.555555555555555580e-01,3.518518518518518601e-01,4.254385964912280049e-01,7.500000000000000000e-01,3.448275862068971853e-01,5.714285714285715079e-01,6.666666666666667407e-01,0.000000000000000000e+00,0.000000000000000000e+00,7.500000000000000000e-01,5.371900826446276422e-01,8.333333333333333703e-01,0.000000000000000000e+00,0.000000000000000000e+00,0.000000000000000000e+00,0.000000000000000000e+00,0.000000000000000000e+00
0.000000000000000000e+00,8.053435114503818548e-01,0.000000000000000000e+00,1.000000000000000000e+00,0.000000000000000000e+00,1.363636363636363535e-01,2.777777777777790807e-02,9.595375722543352248e-01,9.977246871444824805e-01,1.000000000000000000e+00,0.000000000000000000e+00,0.000000000000000000e+00,1.000000000000000000e+00,0.000000000000000000e+00,1.000000000000000000e+00,0.000000000000000000e+00,9.883666821777570277e-01,9.517453798767968598e-01,3.370786516853933878e-02,0.000000000000000000e+00,1.000000000000000000e+00,0.000000000000000000e+00,4.999999999999998890e-01,0.000000000000000000e+00,1.000000000000000000e+00,4.999999999999997224e-01,7.075471698113205976e-01,5.454545454545454142e-01,1.123595505617977636e-01,0.000000000000000000e+00,0.000000000000000000e+00,0.000000000000000000e+00,0.000000000000000000e+00,0.000000000000000000e+00,3.571428571428572063e-01,6.888888888888888840e-01,3.518518518518518601e-01,4.254385964912280049e-01,6.249999999999998890e-01,3.448275862068971853e-01,5.714285714285715079e-01,6.666666666666667407e-01,0.000000000000000000e+00,0.000000000000000000e+00,7.500000000000000000e-01,5.371900826446276422e-01,8.333333333333333703e-01,0.000000000000000000e+00,0.000000000000000000e+00,0.000000000000000000e+00,0.000000000000000000e+00,0.000000000000000000e+00
0.000000000000000000e+00,8.015267175572521330e-01,0.000000000000000000e+00,1.000000000000000000e+00,0.000000000000000000e+00,1.363636363636363535e-01,2.777777777777790807e-02,9.595375722543352248e-01,9.977246871444824805e-01,1.000000000000000000e+00,0.000000000000000000e+00,0.000000000000000000e+00,1.000000000000000000e+00,0.000000000000000000e+00,1.000000000000000000e+00,0.000000000000000000e+00,9.883666821777570277e-01,9.517453798767968598e-01,3.370786516853933878e-02,0.000000000000000000e+00,1.000000000000000000e+00,0.000000000000000000e+00,4.999999999999998890e-01,0.000000000000000000e+00,1.000000000000000000e+00,4.999999999999997224e-01,7.075471698113205976e-01,5.454545454545454142e-01,1.123595505617977636e-01,0.000000000000000000e+00,0.000000000000000000e+00,0.000000000000000000e+00,0.000000000000000000e+00,0.000000000000000000e+00,3.571428571428572063e-01,6.888888888888888840e-01,3.518518518518518601e-01,4.254385964912280049e-01,6.249999999999998890e-01,3.793103448275869649e-01,5.714285714285715079e-01,6.666666666666667407e-01,0.000000000000000000e+00,0.000000000000000000e+00,7.500000000000000000e-01,5.371900826446276422e-01,8.333333333333333703e-01,0.000000000000000000e+00,0.000000000000000000e+00,0.000000000000000000e+00,0.000000000000000000e+00,0.000000000000000000e+00
0.000000000000000000e+00,7.977099236641224111e-01,0.000000000000000000e+00,1.000000000000000000e+00,0.000000000000000000e+00,1.363636363636363535e-01,2.777777777777790807e-02,9.595375722543352248e-01,9.977246871444824805e-01,1.000000000000000000e+00,0.000000000000000000e+00,0.000000000000000000e+00,1.000000000000000000e+00,0.000000000000000000e+00,1.000000000000000000e+00,0.000000000000000000e+00,9.883666821777570277e-01,9.517453798767968598e-01,3.370786516853933878e-02,0.000000000000000000e+00,1.000000000000000000e+00,0.000000000000000000e+00,4.999999999999998890e-01,0.000000000000000000e+00,1.000000000000000000e+00,4.999999999999997224e-01,7.075471698113205976e-01,4.545454545454545303e-01,1.123595505617977636e-01,0.000000000000000000e+00,0.000000000000000000e+00,0.000000000000000000e+00,0.000000000000000000e+00,0.000000000000000000e+00,3.571428571428572063e-01,6.037037037037038534e-01,3.518518518518518601e-01,4.254385964912280049e-01,6.249999999999998890e-01,5.862068965517233110e-01,5.714285714285715079e-01,6.666666666666667407e-01,0.000000000000000000e+00,0.000000000000000000e+00,7.500000000000000000e-01,5.371900826446276422e-01,8.333333333333333703e-01,0.000000000000000000e+00,0.000000000000000000e+00,0.000000000000000000e+00,0.000000000000000000e+00,0.000000000000000000e+00
0.000000000000000000e+00,7.977099236641224111e-01,0.000000000000000000e+00,1.000000000000000000e+00,0.000000000000000000e+00,1.363636363636363535e-01,2.777777777777790807e-02,9.595375722543352248e-01,9.977246871444824805e-01,1.000000000000000000e+00,0.000000000000000000e+00,0.000000000000000000e+00,1.000000000000000000e+00,0.000000000000000000e+00,1.000000000000000000e+00,0.000000000000000000e+00,9.883666821777570277e-01,9.517453798767968598e-01,2.996254681647940107e-02,0.000000000000000000e+00,1.000000000000000000e+00,0.000000000000000000e+00,4.999999999999998890e-01,0.000000000000000000e+00,1.000000000000000000e+00,4.999999999999997224e-01,7.075471698113205976e-01,4.545454545454545303e-01,1.123595505617977636e-01,0.000000000000000000e+00,0.000000000000000000e+00,0.000000000000000000e+00,0.000000000000000000e+00,0.000000000000000000e+00,3.571428571428572063e-01,6.037037037037038534e-01,3.518518518518518601e-01,4.254385964912280049e-01,6.249999999999998890e-01,7.241379310344822073e-01,5.714285714285715079e-01,6.666666666666667407e-01,0.000000000000000000e+00,0.000000000000000000e+00,7.500000000000000000e-01,5.371900826446276422e-01,6.666666666666667407e-01,0.000000000000000000e+00,0.000000000000000000e+00,0.000000000000000000e+00,0.000000000000000000e+00,0.000000000000000000e+00
0.000000000000000000e+00,7.900763358778627454e-01,0.000000000000000000e+00,1.000000000000000000e+00,0.000000000000000000e+00,1.363636363636363535e-01,2.777777777777790807e-02,9.595375722543352248e-01,9.977246871444824805e-01,1.000000000000000000e+00,0.000000000000000000e+00,0.000000000000000000e+00,1.000000000000000000e+00,0.000000000000000000e+00,1.000000000000000000e+00,0.000000000000000000e+00,9.883666821777570277e-01,9.537987679671459107e-01,3.370786516853933878e-02,0.000000000000000000e+00,1.000000000000000000e+00,0.000000000000000000e+00,4.999999999999998890e-01,0.000000000000000000e+00,1.000000000000000000e+00,4.999999999999997224e-01,7.075471698113205976e-01,5.454545454545454142e-01,1.123595505617977636e-01,0.000000000000000000e+00,0.000000000000000000e+00,0.000000000000000000e+00,0.000000000000000000e+00,0.000000000000000000e+00,3.571428571428572063e-01,6.370370370370371793e-01,3.518518518518518601e-01,4.254385964912280049e-01,6.249999999999998890e-01,8.448275862068963526e-01,5.714285714285715079e-01,6.666666666666667407e-01,0.000000000000000000e+00,0.000000000000000000e+00,5.000000000000000000e-01,5.371900826446276422e-01,6.666666666666667407e-01,0.000000000000000000e+00,0.000000000000000000e+00,0.000000000000000000e+00,0.000000000000000000e+00,0.000000000000000000e+00
0.000000000000000000e+00,7.900763358778627454e-01,0.000000000000000000e+00,1.000000000000000000e+00,0.000000000000000000e+00,1.363636363636363535e-01,2.777777777777790807e-02,9.595375722543352248e-01,9.977246871444824805e-01,1.000000000000000000e+00,0.000000000000000000e+00,0.000000000000000000e+00,1.000000000000000000e+00,0.000000000000000000e+00,1.000000000000000000e+00,0.000000000000000000e+00,9.883666821777570277e-01,9.537987679671459107e-01,3.370786516853933878e-02,0.000000000000000000e+00,1.000000000000000000e+00,0.000000000000000000e+00,4.999999999999998890e-01,0.000000000000000000e+00,1.000000000000000000e+00,4.999999999999997224e-01,7.075471698113205976e-01,7.272727272727271819e-01,1.104868913857678103e-01,0.000000000000000000e+00,0.000000000000000000e+00,0.000000000000000000e+00,0.000000000000000000e+00,0.000000000000000000e+00,3.571428571428572063e-01,6.703703703703702832e-01,3.287037037037036646e-01,4.254385964912280049e-01,6.249999999999998890e-01,7.931034482758616555e-01,5.714285714285715079e-01,6.666666666666667407e-01,0.000000000000000000e+00,0.000000000000000000e+00,5.000000000000000000e-01,5.371900826446276422e-01,6.666666666666667407e-01,0.000000000000000000e+00,0.000000000000000000e+00,0.000000000000000000e+00,0.000000000000000000e+00,0.000000000000000000e+00
0.000000000000000000e+00,7.862595419847330236e-01,0.000000000000000000e+00,1.000000000000000000e+00,0.000000000000000000e+00,1.363636363636363535e-01,2.777777777777790807e-02,9.595375722543352248e-01,9.977246871444824805e-01,1.000000000000000000e+00,0.000000000000000000e+00,0.000000000000000000e+00,1.000000000000000000e+00,0.000000000000000000e+00,1.000000000000000000e+00,0.000000000000000000e+00,9.860400186133084777e-01,9.537987679671459107e-01,3.370786516853933878e-02,0.000000000000000000e+00,1.000000000000000000e+00,0.000000000000000000e+00,4.999999999999998890e-01,0.000000000000000000e+00,1.000000000000000000e+00,4.999999999999997224e-01,7.075471698113205976e-01,7.272727272727271819e-01,1.123595505617977636e-01,0.000000000000000000e+00,0.000000000000000000e+00,0.000000000000000000e+00,0.000000000000000000e+00,0.000000000000000000e+00,3.571428571428572063e-01,6.703703703703702832e-01,3.287037037037036646e-01,4.254385964912280049e-01,5.000000000000000000e-01,6.206896551724130351e-01,5.714285714285715079e-01,6.666666666666667407e-01,0.000000000000000000e+00,0.000000000000000000e+00,5.000000000000000000e-01,5.371900826446276422e-01,6.666666666666667407e-01,0.000000000000000000e+00,0.000000000000000000e+00,0.000000000000000000e+00,0.000000000000000000e+00,0.000000000000000000e+00
0.000000000000000000e+00,7.862595419847330236e-01,0.000000000000000000e+00,1.000000000000000000e+00,0.000000000000000000e+00,1.363636363636363535e-01,2.777777777777790807e-02,9.595375722543352248e-01,9.977246871444824805e-01,1.000000000000000000e+00,0.000000000000000000e+00,0.000000000000000000e+00,1.000000000000000000e+00,0.000000000000000000e+00,1.000000000000000000e+00,0.000000000000000000e+00,9.860400186133084777e-01,9.537987679671459107e-01,3.370786516853933878e-02,0.000000000000000000e+00,1.000000000000000000e+00,0.000000000000000000e+00,4.999999999999998890e-01,0.000000000000000000e+00,1.000000000000000000e+00,4.999999999999997224e-01,7.122641509433961238e-01,7.272727272727271819e-01,1.123595505617977636e-01,0.000000000000000000e+00,0.000000000000000000e+00,0.000000000000000000e+00,0.000000000000000000e+00,0.000000000000000000e+00,3.571428571428572063e-01,6.703703703703702832e-01,3.287037037037036646e-01,4.254385964912280049e-01,5.000000000000000000e-01,6.206896551724130351e-01,8.571428571428570953e-01,6.666666666666667407e-01,0.000000000000000000e+00,0.000000000000000000e+00,5.000000000000000000e-01,5.371900826446276422e-01,6.666666666666667407e-01,0.000000000000000000e+00,0.000000000000000000e+00,0.000000000000000000e+00,0.000000000000000000e+00,0.000000000000000000e+00
0.000000000000000000e+00,7.824427480916033018e-01,0.000000000000000000e+00,1.000000000000000000e+00,0.000000000000000000e+00,1.363636363636363535e-01,2.777777777777790807e-02,9.537572254335260347e-01,9.977246871444824805e-01,1.000000000000000000e+00,0.000000000000000000e+00,0.000000000000000000e+00,1.000000000000000000e+00,0.000000000000000000e+00,1.000000000000000000e+00,0.000000000000000000e+00,9.837133550488598166e-01,9.537987679671459107e-01,3.370786516853933878e-02,0.000000000000000000e+00,1.000000000000000000e+00,0.000000000000000000e+00,4.999999999999998890e-01,0.000000000000000000e+00,1.000000000000000000e+00,4.999999999999997224e-01,7.405660377358490587e-01,9.090909090909090606e-01,1.123595505617977636e-01,0.000000000000000000e+00,0.000000000000000000e+00,0.000000000000000000e+00,0.000000000000000000e+00,0.000000000000000000e+00,3.571428571428572063e-01,6.703703703703702832e-01,3.287037037037036646e-01,4.254385964912280049e-01,5.000000000000000000e-01,4.827586206896560816e-01,8.571428571428570953e-01,5.833333333333333703e-01,0.000000000000000000e+00,0.000000000000000000e+00,5.000000000000000000e-01,5.371900826446276422e-01,6.666666666666667407e-01,0.000000000000000000e+00,0.000000000000000000e+00,0.000000000000000000e+00,0.000000000000000000e+00,0.000000000000000000e+00
0.000000000000000000e+00,7.824427480916033018e-01,0.000000000000000000e+00,1.000000000000000000e+00,0.000000000000000000e+00,1.363636363636363535e-01,2.777777777777790807e-02,9.537572254335260347e-01,9.977246871444824805e-01,1.000000000000000000e+00,0.000000000000000000e+00,0.000000000000000000e+00,1.000000000000000000e+00,0.000000000000000000e+00,1.000000000000000000e+00,0.000000000000000000e+00,9.837133550488598166e-01,9.527720739219713852e-01,3.370786516853933878e-02,0.000000000000000000e+00,1.000000000000000000e+00,0.000000000000000000e+00,4.999999999999998890e-01,0.000000000000000000e+00,1.000000000000000000e+00,4.999999999999997224e-01,7.405660377358490587e-01,9.090909090909090606e-01,1.142322097378277307e-01,0.000000000000000000e+00,0.000000000000000000e+00,0.000000000000000000e+00,0.000000000000000000e+00,0.000000000000000000e+00,3.571428571428572063e-01,6.703703703703702832e-01,3.287037037037036646e-01,4.254385964912280049e-01,5.000000000000000000e-01,4.827586206896560816e-01,8.571428571428570953e-01,1.666666666666666574e-01,0.000000000000000000e+00,0.000000000000000000e+00,5.000000000000000000e-01,5.371900826446276422e-01,6.666666666666667407e-01,0.000000000000000000e+00,0.000000000000000000e+00,0.000000000000000000e+00,0.000000000000000000e+00,0.000000000000000000e+00
0.000000000000000000e+00,7.786259541984734689e-01,0.000000000000000000e+00,1.000000000000000000e+00,0.000000000000000000e+00,1.363636363636363535e-01,2.777777777777790807e-02,9.421965317919074323e-01,9.965870307167232767e-01,1.000000000000000000e+00,0.000000000000000000e+00,0.000000000000000000e+00,1.000000000000000000e+00,0.000000000000000000e+00,1.000000000000000000e+00,0.000000000000000000e+00,9.860400186133084777e-01,9.527720739219713852e-01,3.370786516853933878e-02,0.000000000000000000e+00,1.000000000000000000e+00,0.000000000000000000e+00,4.999999999999998890e-01,0.000000000000000000e+00,1.000000000000000000e+00,4.999999999999997224e-01,7.405660377358490587e-01,9.090909090909090606e-01,1.142322097378277307e-01,0.000000000000000000e+00,0.000000000000000000e+00,0.000000000000000000e+00,0.000000000000000000e+00,0.000000000000000000e+00,3.571428571428572063e-01,6.703703703703702832e-01,3.287037037037036646e-01,4.254385964912280049e-01,6.249999999999998890e-01,3.620689655172420474e-01,8.571428571428570953e-01,8.333333333333332871e-02,0.000000000000000000e+00,0.000000000000000000e+00,5.000000000000000000e-01,5.371900826446276422e-01,6.666666666666667407e-01,0.000000000000000000e+00,0.000000000000000000e+00,0.000000000000000000e+00,0.000000000000000000e+00,0.000000000000000000e+00
0.000000000000000000e+00,7.786259541984734689e-01,0.000000000000000000e+00,1.000000000000000000e+00,0.000000000000000000e+00,1.363636363636363535e-01,2.777777777777790807e-02,9.421965317919074323e-01,9.965870307167232767e-01,1.000000000000000000e+00,0.000000000000000000e+00,0.000000000000000000e+00,1.000000000000000000e+00,0.000000000000000000e+00,1.000000000000000000e+00,0.000000000000000000e+00,9.883666821777570277e-01,9.527720739219713852e-01,3.370786516853933878e-02,0.000000000000000000e+00,1.000000000000000000e+00,0.000000000000000000e+00,4.999999999999998890e-01,0.000000000000000000e+00,1.000000000000000000e+00,4.999999999999997224e-01,7.405660377358490587e-01,9.090909090909090606e-01,1.142322097378277307e-01,0.000000000000000000e+00,0.000000000000000000e+00,0.000000000000000000e+00,0.000000000000000000e+00,0.000000000000000000e+00,3.571428571428572063e-01,6.703703703703702832e-01,3.287037037037036646e-01,4.254385964912280049e-01,6.249999999999998890e-01,3.620689655172420474e-01,5.714285714285715079e-01,8.333333333333332871e-02,0.000000000000000000e+00,0.000000000000000000e+00,5.000000000000000000e-01,5.371900826446276422e-01,6.666666666666667407e-01,0.000000000000000000e+00,0.000000000000000000e+00,0.000000000000000000e+00,0.000000000000000000e+00,0.000000000000000000e+00
0.000000000000000000e+00,7.748091603053437471e-01,0.000000000000000000e+00,1.000000000000000000e+00,0.000000000000000000e+00,1.363636363636363535e-01,2.777777777777790807e-02,9.421965317919074323e-01,9.965870307167232767e-01,1.000000000000000000e+00,0.000000000000000000e+00,0.000000000000000000e+00,1.000000000000000000e+00,0.000000000000000000e+00,1.000000000000000000e+00,0.000000000000000000e+00,9.906933457422055778e-01,9.527720739219713852e-01,3.370786516853933878e-02,0.000000000000000000e+00,1.000000000000000000e+00,0.000000000000000000e+00,4.999999999999998890e-01,0.000000000000000000e+00,1.000000000000000000e+00,4.999999999999997224e-01,7.405660377358490587e-01,9.090909090909090606e-01,1.161048689138576978e-01,0.000000000000000000e+00,0.000000000000000000e+00,0.000000000000000000e+00,0.000000000000000000e+00,0.000000000000000000e+00,3.571428571428572063e-01,6.703703703703702832e-01,3.287037037037036646e-01,4.254385964912280049e-01,6.249999999999998890e-01,2.586206896551728751e-01,5.714285714285715079e-01,3.333333333333333148e-01,0.000000000000000000e+00,0.000000000000000000e+00,5.000000000000000000e-01,5.371900826446276422e-01,6.666666666666667407e-01,0.000000000000000000e+00,0.000000000000000000e+00,0.000000000000000000e+00,0.000000000000000000e+00,0.000000000000000000e+00
0.000000000000000000e+00,7.709923664122140252e-01,0.000000000000000000e+00,1.000000000000000000e+00,0.000000000000000000e+00,1.363636363636363535e-01,2.777777777777790807e-02,9.421965317919074323e-01,9.965870307167232767e-01,1.000000000000000000e+00,0.000000000000000000e+00,0.000000000000000000e+00,1.000000000000000000e+00,0.000000000000000000e+00,1.000000000000000000e+00,0.000000000000000000e+00,9.906933457422055778e-01,9.517453798767968598e-01,3.370786516853933878e-02,0.000000000000000000e+00,1.000000000000000000e+00,0.000000000000000000e+00,4.999999999999998890e-01,0.000000000000000000e+00,1.000000000000000000e+00,4.999999999999997224e-01,7.405660377358490587e-01,7.272727272727271819e-01,1.161048689138576978e-01,0.000000000000000000e+00,0.000000000000000000e+00,0.000000000000000000e+00,0.000000000000000000e+00,0.000000000000000000e+00,3.571428571428572063e-01,6.703703703703702832e-01,3.287037037037036646e-01,4.254385964912280049e-01,6.249999999999998890e-01,1.379310344827588963e-01,5.714285714285715079e-01,3.333333333333333148e-01,0.000000000000000000e+00,0.000000000000000000e+00,5.000000000000000000e-01,5.371900826446276422e-01,6.666666666666667407e-01,0.000000000000000000e+00,0.000000000000000000e+00,0.000000000000000000e+00,0.000000000000000000e+00,0.000000000000000000e+00
0.000000000000000000e+00,7.671755725190843034e-01,0.000000000000000000e+00,1.000000000000000000e+00,0.000000000000000000e+00,1.363636363636363535e-01,2.777777777777790807e-02,9.421965317919074323e-01,9.965870307167232767e-01,1.000000000000000000e+00,0.000000000000000000e+00,0.000000000000000000e+00,1.000000000000000000e+00,0.000000000000000000e+00,1.000000000000000000e+00,0.000000000000000000e+00,9.906933457422055778e-01,9.517453798767968598e-01,3.745318352059927997e-02,0.000000000000000000e+00,1.000000000000000000e+00,0.000000000000000000e+00,4.999999999999998890e-01,0.000000000000000000e+00,1.000000000000000000e+00,4.999999999999997224e-01,7.405660377358490587e-01,6.363636363636363535e-01,1.161048689138576978e-01,0.000000000000000000e+00,0.000000000000000000e+00,0.000000000000000000e+00,0.000000000000000000e+00,0.000000000000000000e+00,3.571428571428572063e-01,6.703703703703702832e-01,3.287037037037036646e-01,4.254385964912280049e-01,7.500000000000000000e-01,1.206896551724140343e-01,5.714285714285715079e-01,2.499999999999999722e-01,0.000000000000000000e+00,0.000000000000000000e+00,5.000000000000000000e-01,5.371900826446276422e-01,6.666666666666667407e-01,0.000000000000000000e+00,0.000000000000000000e+00,0.000000000000000000e+00,0.000000000000000000e+00,0.000000000000000000e+00
0.000000000000000000e+00,7.671755725190843034e-01,0.000000000000000000e+00,1.000000000000000000e+00,0.000000000000000000e+00,1.363636363636363535e-01,2.777777777777790807e-02,9.421965317919074323e-01,9.977246871444824805e-01,1.000000000000000000e+00,0.000000000000000000e+00,0.000000000000000000e+00,1.000000000000000000e+00,0.000000000000000000e+00,1.000000000000000000e+00,0.000000000000000000e+00,9.883666821777570277e-01,9.517453798767968598e-01,3.745318352059927997e-02,0.000000000000000000e+00,1.000000000000000000e+00,0.000000000000000000e+00,4.999999999999998890e-01,0.000000000000000000e+00,1.000000000000000000e+00,4.999999999999997224e-01,7.405660377358490587e-01,6.363636363636363535e-01,1.161048689138576978e-01,0.000000000000000000e+00,0.000000000000000000e+00,0.000000000000000000e+00,0.000000000000000000e+00,0.000000000000000000e+00,3.571428571428572063e-01,6.703703703703702832e-01,3.287037037037036646e-01,4.254385964912280049e-01,7.500000000000000000e-01,1.206896551724140343e-01,5.714285714285715079e-01,8.333333333333332871e-02,0.000000000000000000e+00,0.000000000000000000e+00,5.000000000000000000e-01,5.371900826446276422e-01,6.666666666666667407e-01,0.000000000000000000e+00,0.000000000000000000e+00,0.000000000000000000e+00,0.000000000000000000e+00,0.000000000000000000e+00
0.000000000000000000e+00,7.671755725190843034e-01,0.000000000000000000e+00,1.000000000000000000e+00,0.000000000000000000e+00,0.000000000000000000e+00,2.777777777777790807e-02,9.421965317919074323e-01,9.977246871444824805e-01,1.000000000000000000e+00,0.000000000000000000e+00,0.000000000000000000e+00,1.000000000000000000e+00,0.000000000000000000e+00,1.000000000000000000e+00,0.000000000000000000e+00,9.883666821777570277e-01,9.517453798767968598e-01,3.370786516853933878e-02,0.000000000000000000e+00,1.000000000000000000e+00,0.000000000000000000e+00,4.999999999999998890e-01,0.000000000000000000e+00,1.000000000000000000e+00,4.999999999999997224e-01,7.405660377358490587e-01,6.363636363636363535e-01,1.161048689138576978e-01,0.000000000000000000e+00,0.000000000000000000e+00,0.000000000000000000e+00,0.000000000000000000e+00,0.000000000000000000e+00,3.571428571428572063e-01,6.703703703703702832e-01,3.287037037037036646e-01,4.254385964912280049e-01,7.500000000000000000e-01,2.586206896551728751e-01,5.714285714285715079e-01,8.333333333333332871e-02,0.000000000000000000e+00,0.000000000000000000e+00,5.000000000000000000e-01,5.371900826446276422e-01,6.666666666666667407e-01,0.000000000000000000e+00,0.000000000000000000e+00,0.000000000000000000e+00,0.000000000000000000e+00,0.000000000000000000e+00
0.000000000000000000e+00,7.633587786259543595e-01,0.000000000000000000e+00,1.000000000000000000e+00,0.000000000000000000e+00,0.000000000000000000e+00,2.777777777777790807e-02,9.421965317919074323e-01,9.977246871444824805e-01,1.000000000000000000e+00,0.000000000000000000e+00,0.000000000000000000e+00,1.000000000000000000e+00,0.000000000000000000e+00,1.000000000000000000e+00,0.000000000000000000e+00,9.883666821777570277e-01,9.527720739219713852e-01,3.370786516853933878e-02,0.000000000000000000e+00,1.000000000000000000e+00,0.000000000000000000e+00,4.999999999999998890e-01,0.000000000000000000e+00,1.000000000000000000e+00,4.999999999999997224e-01,7.405660377358490587e-01,5.454545454545454142e-01,1.161048689138576978e-01,0.000000000000000000e+00,0.000000000000000000e+00,0.000000000000000000e+00,0.000000000000000000e+00,0.000000000000000000e+00,3.571428571428572063e-01,6.555555555555555580e-01,3.287037037037036646e-01,4.254385964912280049e-01,7.500000000000000000e-01,4.827586206896560816e-01,5.714285714285715079e-01,8.333333333333332871e-02,0.000000000000000000e+00,0.000000000000000000e+00,5.000000000000000000e-01,5.371900826446276422e-01,6.666666666666667407e-01,0.000000000000000000e+00,0.000000000000000000e+00,0.000000000000000000e+00,0.000000000000000000e+00,0.000000000000000000e+00
0.000000000000000000e+00,7.595419847328246377e-01,0.000000000000000000e+00,1.000000000000000000e+00,0.000000000000000000e+00,0.000000000000000000e+00,2.777777777777790807e-02,9.421965317919074323e-01,9.977246871444824805e-01,1.000000000000000000e+00,0.000000000000000000e+00,0.000000000000000000e+00,1.000000000000000000e+00,0.000000000000000000e+00,1.000000000000000000e+00,0.000000000000000000e+00,9.860400186133084777e-01,9.527720739219713852e-01,3.370786516853933878e-02,0.000000000000000000e+00,1.000000000000000000e+00,0.000000000000000000e+00,4.999999999999998890e-01,0.000000000000000000e+00,1.000000000000000000e+00,4.999999999999997224e-01,7.405660377358490587e-01,4.545454545454545303e-01,1.161048689138576978e-01,0.000000000000000000e+00,0.000000000000000000e+00,0.000000000000000000e+00,0.000000000000000000e+00,0.000000000000000000e+00,3.571428571428572063e-01,6.370370370370371793e-01,3.287037037037036646e-01,4.254385964912280049e-01,7.500000000000000000e-01,5.000000000000008882e-01,5.714285714285715079e-01,6.666666666666667407e-01,0.000000000000000000e+00,0.000000000000000000e+00,5.000000000000000000e-01,5.371900826446276422e-01,6.666666666666667407e-01,0.000000000000000000e+00,0.000000000000000000e+00,0.000000000000000000e+00,0.000000000000000000e+00,0.000000000000000000e+00
0.000000000000000000e+00,7.595419847328246377e-01,0.000000000000000000e+00,1.000000000000000000e+00,0.000000000000000000e+00,9.090909090909089774e-02,5.555555555555571901e-02,9.364161849710982422e-01,9.977246871444824805e-01,1.000000000000000000e+00,0.000000000000000000e+00,0.000000000000000000e+00,1.000000000000000000e+00,0.000000000000000000e+00,1.000000000000000000e+00,0.000000000000000000e+00,9.860400186133084777e-01,9.527720739219713852e-01,3.370786516853933878e-02,0.000000000000000000e+00,1.000000000000000000e+00,0.000000000000000000e+00,4.999999999999998890e-01,0.000000000000000000e+00,1.000000000000000000e+00,4.999999999999997224e-01,7.405660377358490587e-01,4.545454545454545303e-01,1.179775280898876511e-01,0.000000000000000000e+00,0.000000000000000000e+00,0.000000000000000000e+00,0.000000000000000000e+00,0.000000000000000000e+00,3.571428571428572063e-01,6.370370370370371793e-01,3.194444444444444198e-01,4.254385964912280049e-01,7.500000000000000000e-01,6.206896551724130351e-01,5.714285714285715079e-01,6.666666666666667407e-01,0.000000000000000000e+00,0.000000000000000000e+00,5.000000000000000000e-01,5.371900826446276422e-01,6.666666666666667407e-01,0.000000000000000000e+00,0.000000000000000000e+00,0.000000000000000000e+00,0.000000000000000000e+00,0.000000000000000000e+00
0.000000000000000000e+00,7.595419847328246377e-01,0.000000000000000000e+00,1.000000000000000000e+00,0.000000000000000000e+00,9.090909090909089774e-02,5.555555555555571901e-02,9.364161849710982422e-01,9.977246871444824805e-01,1.000000000000000000e+00,0.000000000000000000e+00,0.000000000000000000e+00,1.000000000000000000e+00,0.000000000000000000e+00,1.000000000000000000e+00,0.000000000000000000e+00,9.860400186133084777e-01,9.517453798767968598e-01,3.370786516853933878e-02,0.000000000000000000e+00,1.000000000000000000e+00,0.000000000000000000e+00,4.999999999999998890e-01,0.000000000000000000e+00,1.000000000000000000e+00,4.999999999999997224e-01,7.405660377358490587e-01,4.545454545454545303e-01,1.179775280898876511e-01,0.000000000000000000e+00,0.000000000000000000e+00,0.000000000000000000e+00,0.000000000000000000e+00,0.000000000000000000e+00,3.571428571428572063e-01,6.370370370370371793e-01,3.194444444444444198e-01,4.254385964912280049e-01,7.500000000000000000e-01,6.206896551724130351e-01,8.571428571428570953e-01,6.666666666666667407e-01,0.000000000000000000e+00,0.000000000000000000e+00,5.000000000000000000e-01,5.371900826446276422e-01,6.666666666666667407e-01,0.000000000000000000e+00,0.000000000000000000e+00,0.000000000000000000e+00,0.000000000000000000e+00,0.000000000000000000e+00
0.000000000000000000e+00,7.557251908396949158e-01,0.000000000000000000e+00,1.000000000000000000e+00,0.000000000000000000e+00,9.090909090909089774e-02,5.555555555555571901e-02,9.364161849710982422e-01,9.977246871444824805e-01,1.000000000000000000e+00,0.000000000000000000e+00,0.000000000000000000e+00,1.000000000000000000e+00,0.000000000000000000e+00,1.000000000000000000e+00,0.000000000000000000e+00,9.883666821777570277e-01,9.517453798767968598e-01,3.370786516853933878e-02,0.000000000000000000e+00,1.000000000000000000e+00,0.000000000000000000e+00,4.999999999999998890e-01,0.000000000000000000e+00,1.000000000000000000e+00,4.999999999999997224e-01,7.405660377358490587e-01,3.636363636363635909e-01,1.179775280898876511e-01,0.000000000000000000e+00,0.000000000000000000e+00,0.000000000000000000e+00,0.000000000000000000e+00,0.000000000000000000e+00,2.857142857142857539e-01,6.370370370370371793e-01,3.194444444444444198e-01,4.254385964912280049e-01,5.000000000000000000e-01,4.827586206896560816e-01,8.571428571428570953e-01,6.666666666666667407e-01,0.000000000000000000e+00,0.000000000000000000e+00,5.000000000000000000e-01,5.371900826446276422e-01,5.000000000000001110e-01,0.000000000000000000e+00,0.000000000000000000e+00,0.000000000000000000e+00,0.000000000000000000e+00,0.000000000000000000e+00
0.000000000000000000e+00,7.519083969465650830e-01,0.000000000000000000e+00,1.000000000000000000e+00,0.000000000000000000e+00,9.090909090909089774e-02,5.555555555555571901e-02,9.364161849710982422e-01,9.977246871444824805e-01,1.000000000000000000e+00,0.000000000000000000e+00,0.000000000000000000e+00,1.000000000000000000e+00,0.000000000000000000e+00,1.000000000000000000e+00,0.000000000000000000e+00,9.883666821777570277e-01,9.517453798767968598e-01,3.370786516853933878e-02,0.000000000000000000e+00,1.000000000000000000e+00,0.000000000000000000e+00,4.999999999999998890e-01,0.000000000000000000e+00,1.000000000000000000e+00,4.999999999999997224e-01,7.405660377358490587e-01,3.636363636363635909e-01,1.179775280898876511e-01,0.000000000000000000e+00,0.000000000000000000e+00,0.000000000000000000e+00,0.000000000000000000e+00,0.000000000000000000e+00,2.857142857142857539e-01,6.370370370370371793e-01,3.194444444444444198e-01,4.254385964912280049e-01,5.000000000000000000e-01,4.827586206896560816e-01,8.571428571428570953e-01,6.666666666666667407e-01,0.000000000000000000e+00,0.000000000000000000e+00,5.000000000000000000e-01,5.371900826446276422e-01,5.000000000000001110e-01,0.000000000000000000e+00,0.000000000000000000e+00,0.000000000000000000e+00,0.000000000000000000e+00,0.000000000000000000e+00
0.000000000000000000e+00,7.519083969465650830e-01,0.000000000000000000e+00,1.000000000000000000e+00,0.000000000000000000e+00,9.090909090909089774e-02,8.333333333333363402e-02,9.364161849710982422e-01,9.965870307167232767e-01,1.000000000000000000e+00,0.000000000000000000e+00,0.000000000000000000e+00,1.000000000000000000e+00,0.000000000000000000e+00,1.000000000000000000e+00,0.000000000000000000e+00,9.883666821777570277e-01,9.517453798767968598e-01,3.370786516853933878e-02,0.000000000000000000e+00,1.000000000000000000e+00,0.000000000000000000e+00,4.999999999999998890e-01,0.000000000000000000e+00,1.000000000000000000e+00,4.999999999999997224e-01,7.405660377358490587e-01,3.636363636363635909e-01,1.179775280898876511e-01,0.000000000000000000e+00,0.000000000000000000e+00,0.000000000000000000e+00,0.000000000000000000e+00,0.000000000000000000e+00,2.857142857142857539e-01,6.370370370370371793e-01,3.194444444444444198e-01,4.254385964912280049e-01,5.000000000000000000e-01,4.827586206896560816e-01,8.571428571428570953e-01,6.666666666666667407e-01,0.000000000000000000e+00,0.000000000000000000e+00,5.000000000000000000e-01,5.371900826446276422e-01,5.000000000000001110e-01,0.000000000000000000e+00,0.000000000000000000e+00,0.000000000000000000e+00,0.000000000000000000e+00,0.000000000000000000e+00
0.000000000000000000e+00,7.480916030534352501e-01,0.000000000000000000e+00,1.000000000000000000e+00,0.000000000000000000e+00,9.090909090909089774e-02,8.333333333333363402e-02,9.364161849710982422e-01,9.965870307167232767e-01,1.000000000000000000e+00,0.000000000000000000e+00,0.000000000000000000e+00,1.000000000000000000e+00,0.000000000000000000e+00,1.000000000000000000e+00,0.000000000000000000e+00,9.883666821777570277e-01,9.527720739219713852e-01,3.370786516853933878e-02,0.000000000000000000e+00,1.000000000000000000e+00,0.000000000000000000e+00,4.999999999999998890e-01,0.000000000000000000e+00,1.000000000000000000e+00,4.999999999999997224e-01,7.405660377358490587e-01,4.545454545454545303e-01,1.179775280898876511e-01,0.000000000000000000e+00,0.000000000000000000e+00,0.000000000000000000e+00,0.000000000000000000e+00,0.000000000000000000e+00,2.857142857142857539e-01,6.370370370370371793e-01,3.194444444444444198e-01,4.254385964912280049e-01,5.000000000000000000e-01,4.827586206896560816e-01,7.142857142857143016e-01,6.666666666666667407e-01,0.000000000000000000e+00,0.000000000000000000e+00,5.000000000000000000e-01,5.371900826446276422e-01,5.000000000000001110e-01,0.000000000000000000e+00,0.000000000000000000e+00,0.000000000000000000e+00,0.000000000000000000e+00,0.000000000000000000e+00
0.000000000000000000e+00,7.442748091603055283e-01,0.000000000000000000e+00,1.000000000000000000e+00,0.000000000000000000e+00,9.090909090909089774e-02,8.333333333333363402e-02,9.364161849710982422e-01,9.965870307167232767e-01,1.000000000000000000e+00,0.000000000000000000e+00,0.000000000000000000e+00,1.000000000000000000e+00,0.000000000000000000e+00,1.000000000000000000e+00,0.000000000000000000e+00,9.883666821777570277e-01,9.537987679671459107e-01,3.370786516853933878e-02,0.000000000000000000e+00,1.000000000000000000e+00,0.000000000000000000e+00,4.999999999999998890e-01,0.000000000000000000e+00,1.000000000000000000e+00,4.999999999999997224e-01,7.500000000000001110e-01,4.545454545454545303e-01,1.198501872659176321e-01,0.000000000000000000e+00,0.000000000000000000e+00,0.000000000000000000e+00,0.000000000000000000e+00,0.000000000000000000e+00,2.857142857142857539e-01,6.888888888888888840e-01,3.194444444444444198e-01,4.254385964912280049e-01,5.000000000000000000e-01,4.827586206896560816e-01,5.714285714285715079e-01,6.666666666666667407e-01,0.000000000000000000e+00,0.000000000000000000e+00,5.000000000000000000e-01,5.371900826446276422e-01,5.000000000000001110e-01,0.000000000000000000e+00,0.000000000000000000e+00,0.000000000000000000e+00,0.000000000000000000e+00,0.000000000000000000e+00
0.000000000000000000e+00,7.404580152671756954e-01,0.000000000000000000e+00,1.000000000000000000e+00,0.000000000000000000e+00,9.090909090909089774e-02,8.333333333333363402e-02,9.364161849710982422e-01,9.977246871444824805e-01,1.000000000000000000e+00,0.000000000000000000e+00,0.000000000000000000e+00,1.000000000000000000e+00,0.000000000000000000e+00,1.000000000000000000e+00,0.000000000000000000e+00,9.883666821777570277e-01,9.537987679671459107e-01,2.996254681647940107e-02,0.000000000000000000e+00,1.000000000000000000e+00,0.000000000000000000e+00,4.999999999999998890e-01,0.000000000000000000e+00,1.000000000000000000e+00,4.999999999999997224e-01,7.500000000000001110e-01,4.545454545454545303e-01,1.198501872659176321e-01,0.000000000000000000e+00,0.000000000000000000e+00,0.000000000000000000e+00,0.000000000000000000e+00,0.000000000000000000e+00,2.857142857142857539e-01,6.962962962962964131e-01,3.194444444444444198e-01,4.254385964912280049e-01,5.000000000000000000e-01,4.827586206896560816e-01,5.714285714285715079e-01,6.666666666666667407e-01,0.000000000000000000e+00,0.000000000000000000e+00,5.000000000000000000e-01,5.371900826446276422e-01,5.000000000000001110e-01,0.000000000000000000e+00,0.000000000000000000e+00,0.000000000000000000e+00,0.000000000000000000e+00,0.000000000000000000e+00
0.000000000000000000e+00,7.404580152671756954e-01,0.000000000000000000e+00,1.000000000000000000e+00,0.000000000000000000e+00,9.090909090909089774e-02,8.333333333333363402e-02,9.364161849710982422e-01,9.977246871444824805e-01,1.000000000000000000e+00,0.000000000000000000e+00,0.000000000000000000e+00,1.000000000000000000e+00,0.000000000000000000e+00,1.000000000000000000e+00,0.000000000000000000e+00,9.883666821777570277e-01,9.537987679671459107e-01,2.996254681647940107e-02,0.000000000000000000e+00,1.000000000000000000e+00,0.000000000000000000e+00,4.999999999999998890e-01,0.000000000000000000e+00,1.000000000000000000e+00,4.999999999999997224e-01,7.500000000000001110e-01,3.636363636363635909e-01,1.198501872659176321e-01,0.000000000000000000e+00,0.000000000000000000e+00,0.000000000000000000e+00,0.000000000000000000e+00,0.000000000000000000e+00,2.857142857142857539e-01,6.962962962962964131e-01,3.194444444444444198e-01,4.254385964912280049e-01,5.000000000000000000e-01,3.620689655172420474e-01,5.714285714285715079e-01,6.666666666666667407e-01,0.000000000000000000e+00,0.000000000000000000e+00,5.000000000000000000e-01,5.371900826446276422e-01,5.000000000000001110e-01,0.000000000000000000e+00,0.000000000000000000e+00,0.000000000000000000e+00,0.000000000000000000e+00,0.000000000000000000e+00
0.000000000000000000e+00,7.366412213740459736e-01,0.000000000000000000e+00,1.000000000000000000e+00,0.000000000000000000e+00,9.090909090909089774e-02,8.333333333333363402e-02,9.364161849710982422e-01,9.965870307167232767e-01,1.000000000000000000e+00,0.000000000000000000e+00,0.000000000000000000e+00,1.000000000000000000e+00,0.000000000000000000e+00,1.000000000000000000e+00,0.000000000000000000e+00,9.883666821777570277e-01,9.537987679671459107e-01,3.370786516853933878e-02,0.000000000000000000e+00,1.000000000000000000e+00,0.000000000000000000e+00,4.999999999999998890e-01,0.000000000000000000e+00,1.000000000000000000e+00,4.999999999999997224e-01,7.500000000000001110e-01,1.818181818181817955e-01,1.198501872659176321e-01,0.000000000000000000e+00,0.000000000000000000e+00,0.000000000000000000e+00,0.000000000000000000e+00,0.000000000000000000e+00,2.857142857142857539e-01,6.962962962962964131e-01,3.194444444444444198e-01,4.254385964912280049e-01,5.000000000000000000e-01,3.620689655172420474e-01,5.714285714285715079e-01,6.666666666666667407e-01,0.000000000000000000e+00,0.000000000000000000e+00,5.000000000000000000e-01,5.371900826446276422e-01,5.000000000000001110e-01,0.000000000000000000e+00,0.000000000000000000e+00,0.000000000000000000e+00,0.000000000000000000e+00,0.000000000000000000e+00
0.000000000000000000e+00,7.328244274809162517e-01,0.000000000000000000e+00,1.000000000000000000e+00,0.000000000000000000e+00,9.090909090909089774e-02,8.333333333333363402e-02,9.364161849710982422e-01,9.965870307167232767e-01,1.000000000000000000e+00,0.000000000000000000e+00,0.000000000000000000e+00,1.000000000000000000e+00,0.000000000000000000e+00,1.000000000000000000e+00,0.000000000000000000e+00,9.883666821777570277e-01,9.537987679671459107e-01,3.370786516853933878e-02,0.000000000000000000e+00,1.000000000000000000e+00,0.000000000000000000e+00,4.999999999999998890e-01,0.000000000000000000e+00,1.000000000000000000e+00,4.999999999999997224e-01,7.500000000000001110e-01,1.818181818181817955e-01,1.198501872659176321e-01,0.000000000000000000e+00,0.000000000000000000e+00,0.000000000000000000e+00,0.000000000000000000e+00,0.000000000000000000e+00,2.857142857142857539e-01,6.962962962962964131e-01,3.194444444444444198e-01,4.254385964912280049e-01,5.000000000000000000e-01,3.448275862068971853e-01,5.714285714285715079e-01,6.666666666666667407e-01,0.000000000000000000e+00,0.000000000000000000e+00,5.000000000000000000e-01,5.371900826446276422e-01,5.000000000000001110e-01,0.000000000000000000e+00,0.000000000000000000e+00,0.000000000000000000e+00,0.000000000000000000e+00,0.000000000000000000e+00
0.000000000000000000e+00,7.328244274809162517e-01,0.000000000000000000e+00,1.000000000000000000e+00,0.000000000000000000e+00,9.090909090909089774e-02,1.111111111111114380e-01,9.364161849710982422e-01,9.965870307167232767e-01,1.000000000000000000e+00,0.000000000000000000e+00,0.000000000000000000e+00,1.000000000000000000e+00,0.000000000000000000e+00,1.000000000000000000e+00,0.000000000000000000e+00,9.883666821777570277e-01,9.537987679671459107e-01,2.996254681647940107e-02,0.000000000000000000e+00,1.000000000000000000e+00,0.000000000000000000e+00,4.999999999999998890e-01,0.000000000000000000e+00,1.000000000000000000e+00,4.999999999999997224e-01,7.500000000000001110e-01,1.818181818181817955e-01,1.198501872659176321e-01,0.000000000000000000e+00,0.000000000000000000e+00,0.000000000000000000e+00,0.000000000000000000e+00,0.000000000000000000e+00,3.571428571428572063e-01,6.962962962962964131e-01,3.194444444444444198e-01,4.254385964912280049e-01,5.000000000000000000e-01,3.448275862068971853e-01,5.714285714285715079e-01,6.666666666666667407e-01,0.000000000000000000e+00,0.000000000000000000e+00,5.000000000000000000e-01,5.371900826446276422e-01,5.000000000000001110e-01,0.000000000000000000e+00,0.000000000000000000e+00,0.000000000000000000e+00,0.000000000000000000e+00,0.000000000000000000e+00
0.000000000000000000e+00,7.290076335877865299e-01,0.000000000000000000e+00,1.000000000000000000e+00,0.000000000000000000e+00,9.090909090909089774e-02,1.111111111111114380e-01,9.364161849710982422e-01,9.965870307167232767e-01,1.000000000000000000e+00,0.000000000000000000e+00,0.000000000000000000e+00,1.000000000000000000e+00,0.000000000000000000e+00,1.000000000000000000e+00,0.000000000000000000e+00,9.883666821777570277e-01,9.527720739219713852e-01,3.370786516853933878e-02,0.000000000000000000e+00,1.000000000000000000e+00,0.000000000000000000e+00,4.999999999999998890e-01,0.000000000000000000e+00,1.000000000000000000e+00,4.999999999999997224e-01,7.500000000000001110e-01,1.818181818181817955e-01,1.217228464419475853e-01,0.000000000000000000e+00,0.000000000000000000e+00,0.000000000000000000e+00,0.000000000000000000e+00,0.000000000000000000e+00,3.571428571428572063e-01,6.962962962962964131e-01,3.194444444444444198e-01,4.254385964912280049e-01,5.000000000000000000e-01,2.586206896551728751e-01,5.714285714285715079e-01,6.666666666666667407e-01,0.000000000000000000e+00,0.000000000000000000e+00,5.000000000000000000e-01,5.371900826446276422e-01,5.000000000000001110e-01,0.000000000000000000e+00,0.000000000000000000e+00,0.000000000000000000e+00,0.000000000000000000e+00,0.000000000000000000e+00
0.000000000000000000e+00,7.213740458015268642e-01,0.000000000000000000e+00,1.000000000000000000e+00,0.000000000000000000e+00,9.090909090909089774e-02,1.111111111111114380e-01,9.364161849710982422e-01,9.965870307167232767e-01,1.000000000000000000e+00,0.000000000000000000e+00,0.000000000000000000e+00,1.000000000000000000e+00,0.000000000000000000e+00,1.000000000000000000e+00,0.000000000000000000e+00,9.883666821777570277e-01,9.527720739219713852e-01,2.996254681647940107e-02,0.000000000000000000e+00,1.000000000000000000e+00,0.000000000000000000e+00,4.999999999999998890e-01,0.000000000000000000e+00,1.000000000000000000e+00,4.999999999999997224e-01,7.500000000000001110e-01,2.727272727272727071e-01,1.217228464419475853e-01,0.000000000000000000e+00,0.000000000000000000e+00,0.000000000000000000e+00,0.000000000000000000e+00,0.000000000000000000e+00,3.571428571428572063e-01,6.962962962962964131e-01,3.194444444444444198e-01,4.254385964912280049e-01,5.000000000000000000e-01,2.586206896551728751e-01,5.714285714285715079e-01,6.666666666666667407e-01,0.000000000000000000e+00,0.000000000000000000e+00,5.000000000000000000e-01,5.371900826446276422e-01,5.000000000000001110e-01,0.000000000000000000e+00,0.000000000000000000e+00,0.000000000000000000e+00,0.000000000000000000e+00,0.000000000000000000e+00
0.000000000000000000e+00,7.213740458015268642e-01,0.000000000000000000e+00,1.000000000000000000e+00,0.000000000000000000e+00,9.090909090909089774e-02,1.111111111111114380e-01,9.364161849710982422e-01,9.965870307167232767e-01,1.000000000000000000e+00,0.000000000000000000e+00,0.000000000000000000e+00,1.000000000000000000e+00,0.000000000000000000e+00,1.000000000000000000e+00,0.000000000000000000e+00,9.883666821777570277e-01,9.527720739219713852e-01,2.996254681647940107e-02,0.000000000000000000e+00,1.000000000000000000e+00,0.000000000000000000e+00,4.999999999999998890e-01,0.000000000000000000e+00,1.000000000000000000e+00,4.999999999999997224e-01,7.500000000000001110e-01,3.636363636363635909e-01,1.217228464419475853e-01,0.000000000000000000e+00,0.000000000000000000e+00,0.000000000000000000e+00,0.000000000000000000e+00,0.000000000000000000e+00,3.571428571428572063e-01,6.962962962962964131e-01,3.194444444444444198e-01,4.254385964912280049e-01,5.000000000000000000e-01,3.448275862068971853e-01,5.714285714285715079e-01,6.666666666666667407e-01,0.000000000000000000e+00,0.000000000000000000e+00,5.000000000000000000e-01,5.371900826446276422e-01,5.000000000000001110e-01,0.000000000000000000e+00,0.000000000000000000e+00,0.000000000000000000e+00,0.000000000000000000e+00,0.000000000000000000e+00
0.000000000000000000e+00,7.175572519083971423e-01,0.000000000000000000e+00,1.000000000000000000e+00,0.000000000000000000e+00,9.090909090909089774e-02,1.111111111111114380e-01,9.364161849710982422e-01,9.965870307167232767e-01,1.000000000000000000e+00,0.000000000000000000e+00,0.000000000000000000e+00,1.000000000000000000e+00,0.000000000000000000e+00,1.000000000000000000e+00,0.000000000000000000e+00,9.883666821777570277e-01,9.527720739219713852e-01,3.370786516853933878e-02,0.000000000000000000e+00,1.000000000000000000e+00,0.000000000000000000e+00,4.999999999999998890e-01,0.000000000000000000e+00,1.000000000000000000e+00,4.999999999999997224e-01,7.405660377358490587e-01,4.545454545454545303e-01,1.217228464419475853e-01,0.000000000000000000e+00,0.000000000000000000e+00,0.000000000000000000e+00,0.000000000000000000e+00,0.000000000000000000e+00,3.571428571428572063e-01,6.962962962962964131e-01,3.194444444444444198e-01,4.254385964912280049e-01,5.000000000000000000e-01,4.482758620689663576e-01,5.714285714285715079e-01,6.666666666666667407e-01,0.000000000000000000e+00,0.000000000000000000e+00,5.000000000000000000e-01,5.371900826446276422e-01,5.000000000000001110e-01,0.000000000000000000e+00,0.000000000000000000e+00,0.000000000000000000e+00,0.000000000000000000e+00,0.000000000000000000e+00
0.000000000000000000e+00,7.175572519083971423e-01,0.000000000000000000e+00,1.000000000000000000e+00,0.000000000000000000e+00,9.090909090909089774e-02,1.111111111111114380e-01,9.364161849710982422e-01,9.977246871444824805e-01,1.000000000000000000e+00,0.000000000000000000e+00,0.000000000000000000e+00,1.000000000000000000e+00,0.000000000000000000e+00,1.000000000000000000e+00,0.000000000000000000e+00,9.860400186133084777e-01,9.527720739219713852e-01,2.996254681647940107e-02,0.000000000000000000e+00,1.000000000000000000e+00,0.000000000000000000e+00,4.999999999999998890e-01,0.000000000000000000e+00,1.000000000000000000e+00,4.999999999999997224e-01,7.405660377358490587e-01,5.454545454545454142e-01,1.217228464419475853e-01,0.000000000000000000e+00,0.000000000000000000e+00,0.000000000000000000e+00,0.000000000000000000e+00,0.000000000000000000e+00,3.571428571428572063e-01,6.962962962962964131e-01,3.194444444444444198e-01,4.254385964912280049e-01,5.000000000000000000e-01,6.896551724137924833e-01,5.714285714285715079e-01,6.666666666666667407e-01,0.000000000000000000e+00,0.000000000000000000e+00,5.000000000000000000e-01,5.371900826446276422e-01,5.000000000000001110e-01,0.000000000000000000e+00,0.000000000000000000e+00,0.000000000000000000e+00,0.000000000000000000e+00,0.000000000000000000e+00
0.000000000000000000e+00,7.137404580152674205e-01,0.000000000000000000e+00,1.000000000000000000e+00,0.000000000000000000e+00,9.090909090909089774e-02,1.111111111111114380e-01,9.306358381502890520e-01,9.977246871444824805e-01,1.000000000000000000e+00,0.000000000000000000e+00,0.000000000000000000e+00,1.000000000000000000e+00,0.000000000000000000e+00,1.000000000000000000e+00,0.000000000000000000e+00,9.860400186133084777e-01,9.527720739219713852e-01,3.370786516853933878e-02,0.000000000000000000e+00,1.000000000000000000e+00,0.000000000000000000e+00,4.999999999999998890e-01,0.000000000000000000e+00,1.000000000000000000e+00,4.999999999999997224e-01,7.405660377358490587e-01,6.363636363636363535e-01,1.235955056179775663e-01,0.000000000000000000e+00,0.000000000000000000e+00,0.000000000000000000e+00,0.000000000000000000e+00,0.000000000000000000e+00,3.571428571428572063e-01,6.962962962962964131e-01,3.194444444444444198e-01,4.254385964912280049e-01,5.000000000000000000e-01,7.241379310344822073e-01,5.714285714285715079e-01,6.666666666666667407e-01,0.000000000000000000e+00,0.000000000000000000e+00,5.000000000000000000e-01,5.371900826446276422e-01,5.000000000000001110e-01,0.000000000000000000e+00,0.000000000000000000e+00,0.000000000000000000e+00,0.000000000000000000e+00,0.000000000000000000e+00
0.000000000000000000e+00,7.137404580152674205e-01,0.000000000000000000e+00,1.000000000000000000e+00,0.000000000000000000e+00,9.090909090909089774e-02,1.111111111111114380e-01,9.248554913294797508e-01,9.977246871444824805e-01,1.000000000000000000e+00,0.000000000000000000e+00,0.000000000000000000e+00,1.000000000000000000e+00,0.000000000000000000e+00,1.000000000000000000e+00,0.000000000000000000e+00,9.860400186133084777e-01,9.537987679671459107e-01,3.370786516853933878e-02,0.000000000000000000e+00,1.000000000000000000e+00,0.000000000000000000e+00,4.999999999999998890e-01,0.000000000000000000e+00,1.000000000000000000e+00,4.999999999999997224e-01,7.405660377358490587e-01,6.363636363636363535e-01,1.235955056179775663e-01,0.000000000000000000e+00,0.000000000000000000e+00,0.000000000000000000e+00,0.000000000000000000e+00,0.000000000000000000e+00,3.571428571428572063e-01,7.037037037037036091e-01,3.194444444444444198e-01,4.254385964912280049e-01,5.000000000000000000e-01,6.379310344827580082e-01,5.714285714285715079e-01,6.666666666666667407e-01,0.000000000000000000e+00,0.000000000000000000e+00,5.000000000000000000e-01,5.371900826446276422e-01,5.000000000000001110e-01,0.000000000000000000e+00,0.000000000000000000e+00,0.000000000000000000e+00,0.000000000000000000e+00,0.000000000000000000e+00
0.000000000000000000e+00,7.099236641221375876e-01,0.000000000000000000e+00,1.000000000000000000e+00,0.000000000000000000e+00,9.090909090909089774e-02,1.111111111111114380e-01,9.248554913294797508e-01,9.965870307167232767e-01,1.000000000000000000e+00,0.000000000000000000e+00,0.000000000000000000e+00,1.000000000000000000e+00,0.000000000000000000e+00,1.000000000000000000e+00,0.000000000000000000e+00,9.906933457422055778e-01,9.537987679671459107e-01,3.370786516853933878e-02,0.000000000000000000e+00,1.000000000000000000e+00,0.000000000000000000e+00,4.999999999999998890e-01,0.000000000000000000e+00,1.000000000000000000e+00,4.999999999999997224e-01,6.886792452830187150e-01,6.363636363636363535e-01,1.235955056179775663e-01,0.000000000000000000e+00,0.000000000000000000e+00,0.000000000000000000e+00,0.000000000000000000e+00,0.000000000000000000e+00,3.571428571428572063e-01,7.222222222222222099e-01,3.194444444444444198e-01,4.254385964912280049e-01,5.000000000000000000e-01,6.724137931034477322e-01,5.714285714285715079e-01,6.666666666666667407e-01,0.000000000000000000e+00,0.000000000000000000e+00,5.000000000000000000e-01,5.371900826446276422e-01,5.000000000000001110e-01,0.000000000000000000e+00,0.000000000000000000e+00,0.000000000000000000e+00,0.000000000000000000e+00,0.000000000000000000e+00
0.000000000000000000e+00,7.061068702290077548e-01,0.000000000000000000e+00,1.000000000000000000e+00,0.000000000000000000e+00,9.090909090909089774e-02,1.111111111111114380e-01,9.248554913294797508e-01,9.965870307167232767e-01,1.000000000000000000e+00,0.000000000000000000e+00,0.000000000000000000e+00,1.000000000000000000e+00,0.000000000000000000e+00,1.000000000000000000e+00,0.000000000000000000e+00,9.930200093066542388e-01,9.537987679671459107e-01,3.370786516853933878e-02,0.000000000000000000e+00,1.000000000000000000e+00,0.000000000000000000e+00,4.999999999999998890e-01,0.000000000000000000e+00,1.000000000000000000e+00,4.999999999999997224e-01,6.886792452830187150e-01,6.363636363636363535e-01,1.254681647940075195e-01,0.000000000000000000e+00,0.000000000000000000e+00,0.000000000000000000e+00,0.000000000000000000e+00,0.000000000000000000e+00,3.571428571428572063e-01,7.222222222222222099e-01,2.962962962962962243e-01,4.254385964912280049e-01,5.000000000000000000e-01,6.206896551724130351e-01,5.714285714285715079e-01,6.666666666666667407e-01,0.000000000000000000e+00,0.000000000000000000e+00,5.000000000000000000e-01,5.371900826446276422e-01,5.000000000000001110e-01,0.000000000000000000e+00,0.000000000000000000e+00,0.000000000000000000e+00,0.000000000000000000e+00,0.000000000000000000e+00
0.000000000000000000e+00,7.022900763358780329e-01,0.000000000000000000e+00,1.000000000000000000e+00,0.000000000000000000e+00,9.090909090909089774e-02,1.111111111111114380e-01,9.248554913294797508e-01,9.954493742889647390e-01,1.000000000000000000e+00,0.000000000000000000e+00,0.000000000000000000e+00,1.000000000000000000e+00,0.000000000000000000e+00,1.000000000000000000e+00,0.000000000000000000e+00,9.930200093066542388e-01,9.537987679671459107e-01,3.370786516853933878e-02,0.000000000000000000e+00,1.000000000000000000e+00,0.000000000000000000e+00,4.999999999999998890e-01,0.000000000000000000e+00,1.000000000000000000e+00,4.999999999999997224e-01,6.886792452830187150e-01,6.363636363636363535e-01,1.254681647940075195e-01,0.000000000000000000e+00,0.000000000000000000e+00,0.000000000000000000e+00,0.000000000000000000e+00,0.000000000000000000e+00,3.571428571428572063e-01,7.222222222222222099e-01,2.962962962962962243e-01,4.254385964912280049e-01,5.000000000000000000e-01,6.206896551724130351e-01,5.714285714285715079e-01,6.666666666666667407e-01,0.000000000000000000e+00,0.000000000000000000e+00,5.000000000000000000e-01,5.371900826446276422e-01,5.000000000000001110e-01,0.000000000000000000e+00,0.000000000000000000e+00,0.000000000000000000e+00,0.000000000000000000e+00,0.000000000000000000e+00
0.000000000000000000e+00,7.022900763358780329e-01,0.000000000000000000e+00,1.000000000000000000e+00,0.000000000000000000e+00,9.090909090909089774e-02,1.111111111111114380e-01,9.248554913294797508e-01,9.954493742889647390e-01,1.000000000000000000e+00,0.000000000000000000e+00,0.000000000000000000e+00,1.000000000000000000e+00,0.000000000000000000e+00,1.000000000000000000e+00,0.000000000000000000e+00,9.930200093066542388e-01,9.537987679671459107e-01,3.745318352059927997e-02,0.000000000000000000e+00,1.000000000000000000e+00,0.000000000000000000e+00,4.999999999999998890e-01,0.000000000000000000e+00,1.000000000000000000e+00,4.999999999999997224e-01,6.886792452830187150e-01,4.545454545454545303e-01,1.254681647940075195e-01,0.000000000000000000e+00,0.000000000000000000e+00,0.000000000000000000e+00,0.000000000000000000e+00,0.000000000000000000e+00,3.571428571428572063e-01,7.222222222222222099e-01,2.962962962962962243e-01,4.254385964912280049e-01,5.000000000000000000e-01,6.896551724137924833e-01,5.714285714285715079e-01,6.666666666666667407e-01,0.000000000000000000e+00,0.000000000000000000e+00,5.000000000000000000e-01,5.371900826446276422e-01,5.000000000000001110e-01,0.000000000000000000e+00,0.000000000000000000e+00,0.000000000000000000e+00,0.000000000000000000e+00,0.000000000000000000e+00
0.000000000000000000e+00,6.984732824427482001e-01,0.000000000000000000e+00,1.000000000000000000e+00,0.000000000000000000e+00,9.090909090909089774e-02,1.111111111111114380e-01,9.248554913294797508e-01,9.943117178612057572e-01,1.000000000000000000e+00,0.000000000000000000e+00,0.000000000000000000e+00,1.000000000000000000e+00,0.000000000000000000e+00,1.000000000000000000e+00,0.000000000000000000e+00,9.953466728711027889e-01,9.537987679671459107e-01,3.745318352059927997e-02,0.000000000000000000e+00,1.000000000000000000e+00,0.000000000000000000e+00,4.999999999999998890e-01,0.000000000000000000e+00,1.000000000000000000e+00,4.999999999999997224e-01,6.886792452830187150e-01,3.636363636363635909e-01,1.254681647940075195e-01,0.000000000000000000e+00,0.000000000000000000e+00,0.000000000000000000e+00,0.000000000000000000e+00,0.000000000000000000e+00,3.571428571428572063e-01,7.222222222222222099e-01,2.962962962962962243e-01,4.254385964912280049e-01,5.000000000000000000e-01,5.862068965517233110e-01,5.714285714285715079e-01,6.666666666666667407e-01,0.000000000000000000e+00,0.000000000000000000e+00,5.000000000000000000e-01,5.371900826446276422e-01,5.000000000000001110e-01,0.000000000000000000e+00,0.000000000000000000e+00,0.000000000000000000e+00,0.000000000000000000e+00,0.000000000000000000e+00
0.000000000000000000e+00,6.946564885496184782e-01,0.000000000000000000e+00,1.000000000000000000e+00,0.000000000000000000e+00,9.090909090909089774e-02,1.111111111111114380e-01,9.132947976878613705e-01,9.943117178612057572e-01,1.000000000000000000e+00,0.000000000000000000e+00,0.000000000000000000e+00,1.000000000000000000e+00,0.000000000000000000e+00,1.000000000000000000e+00,0.000000000000000000e+00,9.953466728711027889e-01,9.527720739219713852e-01,3.745318352059927997e-02,0.000000000000000000e+00,1.000000000000000000e+00,0.000000000000000000e+00,4.999999999999998890e-01,0.000000000000000000e+00,1.000000000000000000e+00,4.999999999999997224e-01,6.886792452830187150e-01,3.636363636363635909e-01,1.254681647940075195e-01,0.000000000000000000e+00,0.000000000000000000e+00,0.000000000000000000e+00,0.000000000000000000e+00,0.000000000000000000e+00,3.571428571428572063e-01,7.222222222222222099e-01,2.962962962962962243e-01,4.254385964912280049e-01,5.000000000000000000e-01,4.827586206896560816e-01,4.285714285714285476e-01,6.666666666666667407e-01,0.000000000000000000e+00,0.000000000000000000e+00,5.000000000000000000e-01,5.371900826446276422e-01,5.000000000000001110e-01,0.000000000000000000e+00,0.000000000000000000e+00,0.000000000000000000e+00,0.000000000000000000e+00,0.000000000000000000e+00
0.000000000000000000e+00,6.908396946564887564e-01,0.000000000000000000e+00,1.000000000000000000e+00,0.000000000000000000e+00,9.090909090909089774e-02,1.111111111111114380e-01,9.132947976878613705e-01,9.943117178612057572e-01,1.000000000000000000e+00,0.000000000000000000e+00,0.000000000000000000e+00,1.000000000000000000e+00,0.000000000000000000e+00,1.000000000000000000e+00,0.000000000000000000e+00,9.953466728711027889e-01,9.527720739219713852e-01,3.745318352059927997e-02,0.000000000000000000e+00,1.000000000000000000e+00,0.000000000000000000e+00,4.999999999999998890e-01,0.000000000000000000e+00,1.000000000000000000e+00,4.999999999999997224e-01,6.886792452830187150e-01,3.636363636363635909e-01,1.254681647940075195e-01,0.000000000000000000e+00,0.000000000000000000e+00,0.000000000000000000e+00,0.000000000000000000e+00,0.000000000000000000e+00,3.571428571428572063e-01,7.222222222222222099e-01,2.962962962962962243e-01,4.254385964912280049e-01,5.000000000000000000e-01,3.620689655172420474e-01,4.285714285714285476e-01,6.666666666666667407e-01,0.000000000000000000e+00,0.000000000000000000e+00,5.000000000000000000e-01,5.371900826446276422e-01,5.000000000000001110e-01,0.000000000000000000e+00,0.000000000000000000e+00,0.000000000000000000e+00,0.000000000000000000e+00,0.000000000000000000e+00
0.000000000000000000e+00,6.908396946564887564e-01,0.000000000000000000e+00,1.000000000000000000e+00,0.000000000000000000e+00,9.090909090909089774e-02,1.111111111111114380e-01,9.132947976878613705e-01,9.943117178612057572e-01,1.000000000000000000e+00,0.000000000000000000e+00,0.000000000000000000e+00,1.000000000000000000e+00,0.000000000000000000e+00,1.000000000000000000e+00,0.000000000000000000e+00,9.906933457422055778e-01,9.527720739219713852e-01,3.370786516853933878e-02,0.000000000000000000e+00,1.000000000000000000e+00,0.000000000000000000e+00,4.999999999999998890e-01,0.000000000000000000e+00,1.000000000000000000e+00,4.999999999999997224e-01,6.886792452830187150e-01,3.636363636363635909e-01,1.254681647940075195e-01,0.000000000000000000e+00,0.000000000000000000e+00,0.000000000000000000e+00,0.000000000000000000e+00,0.000000000000000000e+00,3.571428571428572063e-01,7.370370370370368240e-01,2.962962962962962243e-01,4.254385964912280049e-01,5.000000000000000000e-01,3.620689655172420474e-01,4.285714285714285476e-01,6.666666666666667407e-01,0.000000000000000000e+00,0.000000000000000000e+00,5.000000000000000000e-01,5.371900826446276422e-01,5.000000000000001110e-01,0.000000000000000000e+00,0.000000000000000000e+00,0.000000000000000000e+00,0.000000000000000000e+00,0.000000000000000000e+00
0.000000000000000000e+00,6.870229007633588125e-01,0.000000000000000000e+00,1.000000000000000000e+00,0.000000000000000000e+00,9.090909090909089774e-02,1.111111111111114380e-01,9.132947976878613705e-01,9.943117178612057572e-01,1.000000000000000000e+00,0.000000000000000000e+00,0.000000000000000000e+00,1.000000000000000000e+00,0.000000000000000000e+00,1.000000000000000000e+00,0.000000000000000000e+00,9.906933457422055778e-01,9.527720739219713852e-01,3.370786516853933878e-02,0.000000000000000000e+00,1.000000000000000000e+00,0.000000000000000000e+00,4.999999999999998890e-01,0.000000000000000000e+00,1.000000000000000000e+00,4.999999999999997224e-01,6.886792452830187150e-01,4.545454545454545303e-01,1.273408239700374867e-01,0.000000000000000000e+00,0.000000000000000000e+00,0.000000000000000000e+00,0.000000000000000000e+00,0.000000000000000000e+00,3.571428571428572063e-01,7.370370370370368240e-01,2.962962962962962243e-01,4.254385964912280049e-01,5.000000000000000000e-01,3.448275862068971853e-01,4.285714285714285476e-01,6.666666666666667407e-01,0.000000000000000000e+00,0.000000000000000000e+00,5.000000000000000000e-01,5.371900826446276422e-01,5.000000000000001110e-01,0.000000000000000000e+00,0.000000000000000000e+00,0.000000000000000000e+00,0.000000000000000000e+00,0.000000000000000000e+00
0.000000000000000000e+00,6.870229007633588125e-01,0.000000000000000000e+00,1.000000000000000000e+00,0.000000000000000000e+00,9.090909090909089774e-02,1.111111111111114380e-01,9.132947976878613705e-01,9.954493742889647390e-01,1.000000000000000000e+00,0.000000000000000000e+00,0.000000000000000000e+00,1.000000000000000000e+00,0.000000000000000000e+00,1.000000000000000000e+00,0.000000000000000000e+00,9.906933457422055778e-01,9.517453798767968598e-01,3.370786516853933878e-02,0.000000000000000000e+00,1.000000000000000000e+00,0.000000000000000000e+00,4.999999999999998890e-01,0.000000000000000000e+00,1.000000000000000000e+00,4.999999999999997224e-01,6.886792452830187150e-01,4.545454545454545303e-01,1.273408239700374867e-01,0.000000000000000000e+00,0.000000000000000000e+00,0.000000000000000000e+00,0.000000000000000000e+00,0.000000000000000000e+00,3.571428571428572063e-01,7.629629629629630649e-01,2.962962962962962243e-01,4.254385964912280049e-01,5.000000000000000000e-01,2.586206896551728751e-01,7.142857142857143016e-01,6.666666666666667407e-01,0.000000000000000000e+00,0.000000000000000000e+00,5.000000000000000000e-01,5.371900826446276422e-01,5.000000000000001110e-01,0.000000000000000000e+00,0.000000000000000000e+00,0.000000000000000000e+00,0.000000000000000000e+00,0.000000000000000000e+00
0.000000000000000000e+00,6.793893129770993689e-01,0.000000000000000000e+00,1.000000000000000000e+00,0.000000000000000000e+00,9.090909090909089774e-02,1.111111111111114380e-01,9.132947976878613705e-01,9.954493742889647390e-01,1.000000000000000000e+00,0.000000000000000000e+00,0.000000000000000000e+00,1.000000000000000000e+00,0.000000000000000000e+00,1.000000000000000000e+00,0.000000000000000000e+00,9.906933457422055778e-01,9.527720739219713852e-01,3.370786516853933878e-02,0.000000000000000000e+00,1.000000000000000000e+00,0.000000000000000000e+00,4.999999999999998890e-01,0.000000000000000000e+00,1.000000000000000000e+00,4.999999999999997224e-01,6.886792452830187150e-01,5.454545454545454142e-01,1.273408239700374867e-01,0.000000000000000000e+00,0.000000000000000000e+00,0.000000000000000000e+00,0.000000000000000000e+00,0.000000000000000000e+00,3.571428571428572063e-01,7.629629629629630649e-01,2.962962962962962243e-01,4.254385964912280049e-01,5.000000000000000000e-01,2.586206896551728751e-01,7.142857142857143016e-01,6.666666666666667407e-01,0.000000000000000000e+00,0.000000000000000000e+00,5.000000000000000000e-01,5.371900826446276422e-01,5.000000000000001110e-01,0.000000000000000000e+00,0.000000000000000000e+00,0.000000000000000000e+00,0.000000000000000000e+00,0.000000000000000000e+00
0.000000000000000000e+00,6.755725190839696470e-01,0.000000000000000000e+00,1.000000000000000000e+00,0.000000000000000000e+00,9.090909090909089774e-02,8.333333333333363402e-02,9.132947976878613705e-01,9.954493742889647390e-01,1.000000000000000000e+00,0.000000000000000000e+00,0.000000000000000000e+00,1.000000000000000000e+00,0.000000000000000000e+00,1.000000000000000000e+00,0.000000000000000000e+00,9.906933457422055778e-01,9.537987679671459107e-01,3.370786516853933878e-02,0.000000000000000000e+00,1.000000000000000000e+00,0.000000000000000000e+00,4.999999999999998890e-01,0.000000000000000000e+00,1.000000000000000000e+00,4.999999999999997224e-01,6.933962264150944632e-01,7.272727272727271819e-01,1.273408239700374867e-01,0.000000000000000000e+00,0.000000000000000000e+00,0.000000000000000000e+00,0.000000000000000000e+00,0.000000000000000000e+00,3.571428571428572063e-01,7.629629629629630649e-01,2.962962962962962243e-01,4.254385964912280049e-01,5.000000000000000000e-01,2.586206896551728751e-01,7.142857142857143016e-01,6.666666666666667407e-01,0.000000000000000000e+00,0.000000000000000000e+00,5.000000000000000000e-01,5.371900826446276422e-01,5.000000000000001110e-01,0.000000000000000000e+00,0.000000000000000000e+00,0.000000000000000000e+00,0.000000000000000000e+00,0.000000000000000000e+00
0.000000000000000000e+00,6.755725190839696470e-01,0.000000000000000000e+00,1.000000000000000000e+00,0.000000000000000000e+00,9.090909090909089774e-02,8.333333333333363402e-02,9.132947976878613705e-01,9.954493742889647390e-01,1.000000000000000000e+00,0.000000000000000000e+00,0.000000000000000000e+00,1.000000000000000000e+00,0.000000000000000000e+00,1.000000000000000000e+00,0.000000000000000000e+00,9.906933457422055778e-01,9.537987679671459107e-01,3.745318352059927997e-02,0.000000000000000000e+00,1.000000000000000000e+00,0.000000000000000000e+00,4.999999999999998890e-01,0.000000000000000000e+00,1.000000000000000000e+00,4.999999999999997224e-01,6.933962264150944632e-01,7.272727272727271819e-01,1.254681647940075195e-01,0.000000000000000000e+00,0.000000000000000000e+00,0.000000000000000000e+00,0.000000000000000000e+00,0.000000000000000000e+00,3.571428571428572063e-01,7.629629629629630649e-01,2.962962962962962243e-01,4.254385964912280049e-01,5.000000000000000000e-01,2.586206896551728751e-01,7.142857142857143016e-01,6.666666666666667407e-01,0.000000000000000000e+00,0.000000000000000000e+00,5.000000000000000000e-01,5.371900826446276422e-01,5.000000000000001110e-01,0.000000000000000000e+00,0.000000000000000000e+00,0.000000000000000000e+00,0.000000000000000000e+00,0.000000000000000000e+00
0.000000000000000000e+00,6.717557251908398142e-01,0.000000000000000000e+00,1.000000000000000000e+00,0.000000000000000000e+00,9.090909090909089774e-02,8.333333333333363402e-02,9.132947976878613705e-01,9.954493742889647390e-01,1.000000000000000000e+00,0.000000000000000000e+00,0.000000000000000000e+00,1.000000000000000000e+00,0.000000000000000000e+00,1.000000000000000000e+00,0.000000000000000000e+00,9.906933457422055778e-01,9.527720739219713852e-01,3.745318352059927997e-02,0.000000000000000000e+00,1.000000000000000000e+00,0.000000000000000000e+00,4.999999999999998890e-01,0.000000000000000000e+00,1.000000000000000000e+00,4.999999999999997224e-01,6.933962264150944632e-01,7.272727272727271819e-01,1.273408239700374867e-01,0.000000000000000000e+00,0.000000000000000000e+00,0.000000000000000000e+00,0.000000000000000000e+00,0.000000000000000000e+00,3.571428571428572063e-01,7.629629629629630649e-01,2.962962962962962243e-01,4.254385964912280049e-01,5.000000000000000000e-01,5.000000000000008882e-01,7.142857142857143016e-01,6.666666666666667407e-01,0.000000000000000000e+00,0.000000000000000000e+00,5.000000000000000000e-01,5.371900826446276422e-01,5.000000000000001110e-01,0.000000000000000000e+00,0.000000000000000000e+00,0.000000000000000000e+00,0.000000000000000000e+00,0.000000000000000000e+00
0.000000000000000000e+00,6.717557251908398142e-01,0.000000000000000000e+00,1.000000000000000000e+00,0.000000000000000000e+00,9.090909090909089774e-02,8.333333333333363402e-02,9.132947976878613705e-01,9.954493742889647390e-01,1.000000000000000000e+00,0.000000000000000000e+00,0.000000000000000000e+00,1.000000000000000000e+00,0.000000000000000000e+00,1.000000000000000000e+00,0.000000000000000000e+00,9.906933457422055778e-01,9.527720739219713852e-01,3.745318352059927997e-02,0.000000000000000000e+00,1.000000000000000000e+00,0.000000000000000000e+00,4.999999999999998890e-01,0.000000000000000000e+00,1.000000000000000000e+00,4.999999999999997224e-01,6.933962264150944632e-01,7.272727272727271819e-01,1.273408239700374867e-01,0.000000000000000000e+00,0.000000000000000000e+00,0.000000000000000000e+00,0.000000000000000000e+00,0.000000000000000000e+00,3.571428571428572063e-01,7.629629629629630649e-01,2.962962962962962243e-01,4.254385964912280049e-01,5.000000000000000000e-01,5.862068965517233110e-01,7.142857142857143016e-01,6.666666666666667407e-01,0.000000000000000000e+00,0.000000000000000000e+00,5.000000000000000000e-01,5.371900826446276422e-01,5.000000000000001110e-01,0.000000000000000000e+00,0.000000000000000000e+00,0.000000000000000000e+00,0.000000000000000000e+00,0.000000000000000000e+00
0.000000000000000000e+00,6.679389312977100923e-01,0.000000000000000000e+00,1.000000000000000000e+00,0.000000000000000000e+00,9.090909090909089774e-02,8.333333333333363402e-02,9.132947976878613705e-01,9.965870307167232767e-01,1.000000000000000000e+00,0.000000000000000000e+00,0.000000000000000000e+00,1.000000000000000000e+00,0.000000000000000000e+00,1.000000000000000000e+00,0.000000000000000000e+00,9.906933457422055778e-01,9.517453798767968598e-01,3.745318352059927997e-02,0.000000000000000000e+00,1.000000000000000000e+00,0.000000000000000000e+00,4.999999999999998890e-01,0.000000000000000000e+00,1.000000000000000000e+00,4.999999999999997224e-01,6.933962264150944632e-01,6.363636363636363535e-01,1.273408239700374867e-01,0.000000000000000000e+00,0.000000000000000000e+00,0.000000000000000000e+00,0.000000000000000000e+00,0.000000000000000000e+00,3.571428571428572063e-01,7.629629629629630649e-01,2.962962962962962243e-01,4.254385964912280049e-01,5.000000000000000000e-01,5.172413793103457502e-01,7.142857142857143016e-01,6.666666666666667407e-01,0.000000000000000000e+00,0.000000000000000000e+00,5.000000000000000000e-01,5.371900826446276422e-01,5.000000000000001110e-01,0.000000000000000000e+00,0.000000000000000000e+00,0.000000000000000000e+00,0.000000000000000000e+00,0.000000000000000000e+00
0.000000000000000000e+00,6.679389312977100923e-01,0.000000000000000000e+00,1.000000000000000000e+00,0.000000000000000000e+00,9.090909090909089774e-02,8.333333333333363402e-02,9.132947976878613705e-01,9.965870307167232767e-01,1.000000000000000000e+00,0.000000000000000000e+00,0.000000000000000000e+00,1.000000000000000000e+00,0.000000000000000000e+00,1.000000000000000000e+00,0.000000000000000000e+00,9.883666821777570277e-01,9.517453798767968598e-01,3.745318352059927997e-02,0.000000000000000000e+00,1.000000000000000000e+00,0.000000000000000000e+00,4.999999999999998890e-01,0.000000000000000000e+00,1.000000000000000000e+00,4.999999999999997224e-01,6.933962264150944632e-01,6.363636363636363535e-01,1.273408239700374867e-01,0.000000000000000000e+00,0.000000000000000000e+00,0.000000000000000000e+00,0.000000000000000000e+00,0.000000000000000000e+00,3.571428571428572063e-01,7.629629629629630649e-01,2.962962962962962243e-01,4.254385964912280049e-01,5.000000000000000000e-01,5.517241379310335869e-01,7.142857142857143016e-01,6.666666666666667407e-01,0.000000000000000000e+00,0.000000000000000000e+00,5.000000000000000000e-01,5.371900826446276422e-01,5.000000000000001110e-01,0.000000000000000000e+00,0.000000000000000000e+00,0.000000000000000000e+00,0.000000000000000000e+00,0.000000000000000000e+00
0.000000000000000000e+00,6.641221374045802595e-01,0.000000000000000000e+00,1.000000000000000000e+00,0.000000000000000000e+00,9.090909090909089774e-02,2.777777777777790807e-02,9.132947976878613705e-01,9.954493742889647390e-01,1.000000000000000000e+00,0.000000000000000000e+00,0.000000000000000000e+00,1.000000000000000000e+00,0.000000000000000000e+00,1.000000000000000000e+00,0.000000000000000000e+00,9.860400186133084777e-01,9.517453798767968598e-01,3.745318352059927997e-02,0.000000000000000000e+00,1.000000000000000000e+00,0.000000000000000000e+00,4.999999999999998890e-01,0.000000000000000000e+00,1.000000000000000000e+00,4.999999999999997224e-01,7.500000000000001110e-01,6.363636363636363535e-01,1.273408239700374867e-01,0.000000000000000000e+00,0.000000000000000000e+00,0.000000000000000000e+00,0.000000000000000000e+00,0.000000000000000000e+00,3.571428571428572063e-01,7.629629629629630649e-01,2.962962962962962243e-01,4.254385964912280049e-01,3.750000000000000000e-01,3.620689655172420474e-01,7.142857142857143016e-01,6.666666666666667407e-01,0.000000000000000000e+00,0.000000000000000000e+00,5.000000000000000000e-01,5.371900826446276422e-01,5.000000000000001110e-01,0.000000000000000000e+00,0.000000000000000000e+00,0.000000000000000000e+00,0.000000000000000000e+00,0.000000000000000000e+00
0.000000000000000000e+00,6.641221374045802595e-01,0.000000000000000000e+00,1.000000000000000000e+00,0.000000000000000000e+00,9.090909090909089774e-02,2.777777777777790807e-02,9.132947976878613705e-01,9.954493742889647390e-01,1.000000000000000000e+00,0.000000000000000000e+00,0.000000000000000000e+00,1.000000000000000000e+00,0.000000000000000000e+00,1.000000000000000000e+00,0.000000000000000000e+00,9.860400186133084777e-01,9.517453798767968598e-01,3.745318352059927997e-02,0.000000000000000000e+00,1.000000000000000000e+00,0.000000000000000000e+00,4.999999999999998890e-01,0.000000000000000000e+00,1.000000000000000000e+00,4.999999999999997224e-01,7.500000000000001110e-01,6.363636363636363535e-01,1.254681647940075195e-01,0.000000000000000000e+00,0.000000000000000000e+00,0.000000000000000000e+00,0.000000000000000000e+00,0.000000000000000000e+00,3.571428571428572063e-01,7.629629629629630649e-01,2.962962962962962243e-01,4.254385964912280049e-01,3.750000000000000000e-01,3.448275862068971853e-01,7.142857142857143016e-01,6.666666666666667407e-01,0.000000000000000000e+00,0.000000000000000000e+00,5.000000000000000000e-01,5.371900826446276422e-01,5.000000000000001110e-01,0.000000000000000000e+00,0.000000000000000000e+00,0.000000000000000000e+00,0.000000000000000000e+00,0.000000000000000000e+00
0.000000000000000000e+00,6.641221374045802595e-01,0.000000000000000000e+00,1.000000000000000000e+00,0.000000000000000000e+00,9.090909090909089774e-02,2.777777777777790807e-02,9.132947976878613705e-01,9.954493742889647390e-01,1.000000000000000000e+00,0.000000000000000000e+00,0.000000000000000000e+00,1.000000000000000000e+00,0.000000000000000000e+00,1.000000000000000000e+00,0.000000000000000000e+00,9.860400186133084777e-01,9.517453798767968598e-01,3.370786516853933878e-02,0.000000000000000000e+00,1.000000000000000000e+00,0.000000000000000000e+00,4.999999999999998890e-01,0.000000000000000000e+00,1.000000000000000000e+00,4.999999999999997224e-01,7.500000000000001110e-01,6.363636363636363535e-01,1.273408239700374867e-01,0.000000000000000000e+00,0.000000000000000000e+00,0.000000000000000000e+00,0.000000000000000000e+00,0.000000000000000000e+00,3.571428571428572063e-01,8.037037037037039200e-01,2.962962962962962243e-01,4.254385964912280049e-01,3.750000000000000000e-01,4.137931034482766335e-01,7.142857142857143016e-01,6.666666666666667407e-01,0.000000000000000000e+00,0.000000000000000000e+00,5.000000000000000000e-01,5.371900826446276422e-01,5.000000000000001110e-01,0.000000000000000000e+00,0.000000000000000000e+00,0.000000000000000000e+00,0.000000000000000000e+00,0.000000000000000000e+00
0.000000000000000000e+00,6.603053435114505376e-01,0.000000000000000000e+00,1.000000000000000000e+00,0.000000000000000000e+00,9.090909090909089774e-02,5.555555555555571901e-02,9.132947976878613705e-01,9.954493742889647390e-01,1.000000000000000000e+00,0.000000000000000000e+00,0.000000000000000000e+00,1.000000000000000000e+00,0.000000000000000000e+00,1.000000000000000000e+00,0.000000000000000000e+00,9.860400186133084777e-01,9.517453798767968598e-01,3.745318352059927997e-02,0.000000000000000000e+00,1.000000000000000000e+00,0.000000000000000000e+00,4.999999999999998890e-01,0.000000000000000000e+00,1.000000000000000000e+00,4.999999999999997224e-01,7.500000000000001110e-01,6.363636363636363535e-01,1.273408239700374867e-01,0.000000000000000000e+00,0.000000000000000000e+00,0.000000000000000000e+00,0.000000000000000000e+00,0.000000000000000000e+00,3.571428571428572063e-01,8.037037037037039200e-01,2.870370370370369795e-01,4.254385964912280049e-01,3.750000000000000000e-01,3.448275862068971853e-01,7.142857142857143016e-01,6.666666666666667407e-01,0.000000000000000000e+00,0.000000000000000000e+00,5.000000000000000000e-01,5.371900826446276422e-01,6.666666666666667407e-01,0.000000000000000000e+00,0.000000000000000000e+00,0.000000000000000000e+00,0.000000000000000000e+00,0.000000000000000000e+00
0.000000000000000000e+00,6.603053435114505376e-01,0.000000000000000000e+00,1.000000000000000000e+00,0.000000000000000000e+00,9.090909090909089774e-02,5.555555555555571901e-02,9.132947976878613705e-01,9.954493742889647390e-01,1.000000000000000000e+00,0.000000000000000000e+00,0.000000000000000000e+00,1.000000000000000000e+00,0.000000000000000000e+00,1.000000000000000000e+00,0.000000000000000000e+00,9.883666821777570277e-01,9.517453798767968598e-01,3.745318352059927997e-02,0.000000000000000000e+00,1.000000000000000000e+00,0.000000000000000000e+00,4.999999999999998890e-01,0.000000000000000000e+00,1.000000000000000000e+00,4.999999999999997224e-01,7.500000000000001110e-01,6.363636363636363535e-01,1.273408239700374867e-01,0.000000000000000000e+00,0.000000000000000000e+00,0.000000000000000000e+00,0.000000000000000000e+00,0.000000000000000000e+00,3.571428571428572063e-01,8.037037037037039200e-01,2.870370370370369795e-01,4.254385964912280049e-01,5.000000000000000000e-01,2.758620689655177372e-01,7.142857142857143016e-01,6.666666666666667407e-01,0.000000000000000000e+00,0.000000000000000000e+00,5.000000000000000000e-01,5.371900826446276422e-01,6.666666666666667407e-01,0.000000000000000000e+00,0.000000000000000000e+00,0.000000000000000000e+00,0.000000000000000000e+00,0.000000000000000000e+00
0.000000000000000000e+00,6.564885496183207048e-01,0.000000000000000000e+00,1.000000000000000000e+00,0.000000000000000000e+00,9.090909090909089774e-02,5.555555555555571901e-02,9.132947976878613705e-01,9.954493742889647390e-01,1.000000000000000000e+00,0.000000000000000000e+00,0.000000000000000000e+00,1.000000000000000000e+00,0.000000000000000000e+00,1.000000000000000000e+00,0.000000000000000000e+00,9.883666821777570277e-01,9.517453798767968598e-01,3.745318352059927997e-02,0.000000000000000000e+00,1.000000000000000000e+00,0.000000000000000000e+00,4.999999999999998890e-01,0.000000000000000000e+00,1.000000000000000000e+00,4.999999999999997224e-01,7.500000000000001110e-01,7.272727272727271819e-01,1.273408239700374867e-01,0.000000000000000000e+00,0.000000000000000000e+00,0.000000000000000000e+00,0.000000000000000000e+00,0.000000000000000000e+00,3.571428571428572063e-01,7.370370370370368240e-01,2.870370370370369795e-01,4.254385964912280049e-01,5.000000000000000000e-01,2.586206896551728751e-01,7.142857142857143016e-01,6.666666666666667407e-01,0.000000000000000000e+00,0.000000000000000000e+00,5.000000000000000000e-01,5.371900826446276422e-01,6.666666666666667407e-01,0.000000000000000000e+00,0.000000000000000000e+00,0.000000000000000000e+00,0.000000000000000000e+00,0.000000000000000000e+00
0.000000000000000000e+00,6.526717557251909829e-01,0.000000000000000000e+00,1.000000000000000000e+00,0.000000000000000000e+00,9.090909090909089774e-02,5.555555555555571901e-02,9.132947976878613705e-01,9.954493742889647390e-01,1.000000000000000000e+00,0.000000000000000000e+00,0.000000000000000000e+00,1.000000000000000000e+00,0.000000000000000000e+00,1.000000000000000000e+00,0.000000000000000000e+00,9.883666821777570277e-01,9.517453798767968598e-01,3.745318352059927997e-02,0.000000000000000000e+00,1.000000000000000000e+00,0.000000000000000000e+00,4.999999999999998890e-01,0.000000000000000000e+00,1.000000000000000000e+00,4.999999999999997224e-01,7.405660377358490587e-01,7.272727272727271819e-01,1.273408239700374867e-01,0.000000000000000000e+00,0.000000000000000000e+00,0.000000000000000000e+00,0.000000000000000000e+00,0.000000000000000000e+00,3.571428571428572063e-01,7.370370370370368240e-01,2.870370370370369795e-01,4.254385964912280049e-01,5.000000000000000000e-01,2.586206896551728751e-01,2.857142857142857539e-01,6.666666666666667407e-01,0.000000000000000000e+00,0.000000000000000000e+00,5.000000000000000000e-01,5.371900826446276422e-01,5.000000000000001110e-01,0.000000000000000000e+00,0.000000000000000000e+00,0.000000000000000000e+00,0.000000000000000000e+00,0.000000000000000000e+00
0.000000000000000000e+00,6.488549618320612611e-01,0.000000000000000000e+00,1.000000000000000000e+00,0.000000000000000000e+00,9.090909090909089774e-02,5.555555555555571901e-02,9.132947976878613705e-01,9.954493742889647390e-01,1.000000000000000000e+00,0.000000000000000000e+00,0.000000000000000000e+00,1.000000000000000000e+00,0.000000000000000000e+00,1.000000000000000000e+00,0.000000000000000000e+00,9.883666821777570277e-01,9.517453798767968598e-01,3.745318352059927997e-02,0.000000000000000000e+00,1.000000000000000000e+00,0.000000000000000000e+00,4.999999999999998890e-01,0.000000000000000000e+00,1.000000000000000000e+00,4.999999999999997224e-01,7.264150943396227023e-01,7.272727272727271819e-01,1.254681647940075195e-01,0.000000000000000000e+00,0.000000000000000000e+00,0.000000000000000000e+00,0.000000000000000000e+00,0.000000000000000000e+00,3.571428571428572063e-01,7.370370370370368240e-01,2.824074074074073293e-01,4.254385964912280049e-01,5.000000000000000000e-01,2.758620689655177372e-01,2.857142857142857539e-01,6.666666666666667407e-01,0.000000000000000000e+00,0.000000000000000000e+00,5.000000000000000000e-01,5.371900826446276422e-01,5.000000000000001110e-01,0.000000000000000000e+00,0.000000000000000000e+00,0.000000000000000000e+00,0.000000000000000000e+00,0.000000000000000000e+00
0.000000000000000000e+00,6.488549618320612611e-01,0.000000000000000000e+00,1.000000000000000000e+00,0.000000000000000000e+00,9.090909090909089774e-02,5.555555555555571901e-02,9.132947976878613705e-01,9.965870307167232767e-01,1.000000000000000000e+00,0.000000000000000000e+00,0.000000000000000000e+00,1.000000000000000000e+00,0.000000000000000000e+00,1.000000000000000000e+00,0.000000000000000000e+00,9.883666821777570277e-01,9.517453798767968598e-01,3.745318352059927997e-02,0.000000000000000000e+00,1.000000000000000000e+00,0.000000000000000000e+00,4.999999999999998890e-01,0.000000000000000000e+00,1.000000000000000000e+00,4.999999999999997224e-01,7.264150943396227023e-01,5.454545454545454142e-01,1.254681647940075195e-01,0.000000000000000000e+00,0.000000000000000000e+00,0.000000000000000000e+00,0.000000000000000000e+00,0.000000000000000000e+00,3.571428571428572063e-01,7.370370370370368240e-01,2.824074074074073293e-01,4.254385964912280049e-01,5.000000000000000000e-01,4.655172413793112196e-01,4.285714285714285476e-01,6.666666666666667407e-01,0.000000000000000000e+00,0.000000000000000000e+00,5.000000000000000000e-01,5.371900826446276422e-01,5.000000000000001110e-01,0.000000000000000000e+00,0.000000000000000000e+00,0.000000000000000000e+00,0.000000000000000000e+00,0.000000000000000000e+00
0.000000000000000000e+00,6.450381679389313172e-01,0.000000000000000000e+00,1.000000000000000000e+00,0.000000000000000000e+00,9.090909090909089774e-02,5.555555555555571901e-02,9.075144508670519583e-01,9.965870307167232767e-01,1.000000000000000000e+00,0.000000000000000000e+00,0.000000000000000000e+00,1.000000000000000000e+00,0.000000000000000000e+00,1.000000000000000000e+00,0.000000000000000000e+00,9.906933457422055778e-01,9.517453798767968598e-01,4.119850187265922115e-02,0.000000000000000000e+00,1.000000000000000000e+00,0.000000000000000000e+00,4.999999999999998890e-01,0.000000000000000000e+00,1.000000000000000000e+00,4.999999999999997224e-01,7.264150943396227023e-01,5.454545454545454142e-01,1.254681647940075195e-01,0.000000000000000000e+00,0.000000000000000000e+00,0.000000000000000000e+00,0.000000000000000000e+00,0.000000000000000000e+00,3.571428571428572063e-01,7.888888888888886397e-01,2.824074074074073293e-01,4.254385964912280049e-01,5.000000000000000000e-01,6.034482758620682841e-01,7.142857142857143016e-01,6.666666666666667407e-01,0.000000000000000000e+00,0.000000000000000000e+00,5.000000000000000000e-01,5.371900826446276422e-01,5.000000000000001110e-01,0.000000000000000000e+00,0.000000000000000000e+00,0.000000000000000000e+00,0.000000000000000000e+00,0.000000000000000000e+00
0.000000000000000000e+00,6.412213740458015954e-01,0.000000000000000000e+00,1.000000000000000000e+00,0.000000000000000000e+00,9.090909090909089774e-02,5.555555555555571901e-02,9.075144508670519583e-01,9.965870307167232767e-01,1.000000000000000000e+00,0.000000000000000000e+00,0.000000000000000000e+00,1.000000000000000000e+00,0.000000000000000000e+00,1.000000000000000000e+00,0.000000000000000000e+00,9.906933457422055778e-01,9.517453798767968598e-01,4.119850187265922115e-02,0.000000000000000000e+00,1.000000000000000000e+00,0.000000000000000000e+00,4.999999999999998890e-01,0.000000000000000000e+00,1.000000000000000000e+00,4.999999999999997224e-01,7.264150943396227023e-01,5.454545454545454142e-01,1.254681647940075195e-01,0.000000000000000000e+00,0.000000000000000000e+00,0.000000000000000000e+00,0.000000000000000000e+00,0.000000000000000000e+00,3.571428571428572063e-01,7.888888888888886397e-01,2.824074074074073293e-01,4.254385964912280049e-01,5.000000000000000000e-01,7.241379310344822073e-01,7.142857142857143016e-01,6.666666666666667407e-01,0.000000000000000000e+00,0.000000000000000000e+00,5.000000000000000000e-01,5.371900826446276422e-01,5.000000000000001110e-01,0.000000000000000000e+00,0.000000000000000000e+00,0.000000000000000000e+00,0.000000000000000000e+00,0.000000000000000000e+00
0.000000000000000000e+00,6.374045801526718735e-01,0.000000000000000000e+00,1.000000000000000000e+00,0.000000000000000000e+00,9.090909090909089774e-02,5.555555555555571901e-02,9.075144508670519583e-01,9.954493742889647390e-01,1.000000000000000000e+00,0.000000000000000000e+00,0.000000000000000000e+00,1.000000000000000000e+00,0.000000000000000000e+00,1.000000000000000000e+00,0.000000000000000000e+00,9.906933457422055778e-01,9.517453798767968598e-01,4.119850187265922115e-02,0.000000000000000000e+00,1.000000000000000000e+00,0.000000000000000000e+00,4.999999999999998890e-01,0.000000000000000000e+00,1.000000000000000000e+00,4.999999999999997224e-01,7.783018867924527129e-01,5.454545454545454142e-01,1.235955056179775663e-01,0.000000000000000000e+00,0.000000000000000000e+00,0.000000000000000000e+00,0.000000000000000000e+00,0.000000000000000000e+00,3.571428571428572063e-01,7.888888888888886397e-01,2.824074074074073293e-01,4.254385964912280049e-01,5.000000000000000000e-01,6.379310344827580082e-01,7.142857142857143016e-01,6.666666666666667407e-01,0.000000000000000000e+00,0.000000000000000000e+00,5.000000000000000000e-01,5.371900826446276422e-01,5.000000000000001110e-01,0.000000000000000000e+00,0.000000000000000000e+00,0.000000000000000000e+00,0.000000000000000000e+00,0.000000000000000000e+00
0.000000000000000000e+00,6.374045801526718735e-01,0.000000000000000000e+00,1.000000000000000000e+00,0.000000000000000000e+00,9.090909090909089774e-02,5.555555555555571901e-02,9.075144508670519583e-01,9.954493742889647390e-01,1.000000000000000000e+00,0.000000000000000000e+00,0.000000000000000000e+00,1.000000000000000000e+00,0.000000000000000000e+00,1.000000000000000000e+00,0.000000000000000000e+00,9.883666821777570277e-01,9.517453798767968598e-01,4.119850187265922115e-02,0.000000000000000000e+00,1.000000000000000000e+00,0.000000000000000000e+00,4.999999999999998890e-01,0.000000000000000000e+00,1.000000000000000000e+00,4.999999999999997224e-01,7.783018867924527129e-01,6.363636363636363535e-01,1.254681647940075195e-01,0.000000000000000000e+00,0.000000000000000000e+00,0.000000000000000000e+00,0.000000000000000000e+00,0.000000000000000000e+00,3.571428571428572063e-01,7.888888888888886397e-01,2.824074074074073293e-01,4.254385964912280049e-01,5.000000000000000000e-01,4.827586206896560816e-01,7.142857142857143016e-01,6.666666666666667407e-01,0.000000000000000000e+00,0.000000000000000000e+00,5.000000000000000000e-01,5.371900826446276422e-01,5.000000000000001110e-01,0.000000000000000000e+00,0.000000000000000000e+00,0.000000000000000000e+00,0.000000000000000000e+00,0.000000000000000000e+00
0.000000000000000000e+00,6.374045801526718735e-01,0.000000000000000000e+00,1.000000000000000000e+00,0.000000000000000000e+00,9.090909090909089774e-02,5.555555555555571901e-02,9.075144508670519583e-01,9.954493742889647390e-01,1.000000000000000000e+00,0.000000000000000000e+00,0.000000000000000000e+00,1.000000000000000000e+00,0.000000000000000000e+00,1.000000000000000000e+00,0.000000000000000000e+00,9.883666821777570277e-01,9.517453798767968598e-01,4.119850187265922115e-02,0.000000000000000000e+00,1.000000000000000000e+00,0.000000000000000000e+00,4.999999999999998890e-01,0.000000000000000000e+00,1.000000000000000000e+00,4.999999999999997224e-01,7.783018867924527129e-01,6.363636363636363535e-01,1.254681647940075195e-01,0.000000000000000000e+00,0.000000000000000000e+00,0.000000000000000000e+00,0.000000000000000000e+00,0.000000000000000000e+00,3.571428571428572063e-01,7.888888888888886397e-01,2.824074074074073293e-01,4.254385964912280049e-01,5.000000000000000000e-01,4.827586206896560816e-01,7.142857142857143016e-01,6.666666666666667407e-01,0.000000000000000000e+00,0.000000000000000000e+00,5.000000000000000000e-01,5.371900826446276422e-01,5.000000000000001110e-01,0.000000000000000000e+00,0.000000000000000000e+00,0.000000000000000000e+00,0.000000000000000000e+00,0.000000000000000000e+00
0.000000000000000000e+00,6.335877862595420407e-01,0.000000000000000000e+00,1.000000000000000000e+00,0.000000000000000000e+00,9.090909090909089774e-02,8.333333333333363402e-02,9.017341040462426571e-01,9.954493742889647390e-01,1.000000000000000000e+00,0.000000000000000000e+00,0.000000000000000000e+00,1.000000000000000000e+00,0.000000000000000000e+00,1.000000000000000000e+00,0.000000000000000000e+00,9.860400186133084777e-01,9.527720739219713852e-01,4.119850187265922115e-02,0.000000000000000000e+00,1.000000000000000000e+00,0.000000000000000000e+00,4.999999999999998890e-01,0.000000000000000000e+00,1.000000000000000000e+00,4.999999999999997224e-01,7.783018867924527129e-01,6.363636363636363535e-01,1.235955056179775663e-01,0.000000000000000000e+00,0.000000000000000000e+00,0.000000000000000000e+00,0.000000000000000000e+00,0.000000000000000000e+00,3.571428571428572063e-01,7.888888888888886397e-01,2.824074074074073293e-01,4.254385964912280049e-01,5.000000000000000000e-01,4.827586206896560816e-01,7.142857142857143016e-01,6.666666666666667407e-01,0.000000000000000000e+00,0.000000000000000000e+00,5.000000000000000000e-01,5.371900826446276422e-01,5.000000000000001110e-01,0.000000000000000000e+00,0.000000000000000000e+00,0.000000000000000000e+00,0.000000000000000000e+00,0.000000000000000000e+00
0.000000000000000000e+00,6.297709923664123188e-01,0.000000000000000000e+00,1.000000000000000000e+00,0.000000000000000000e+00,9.090909090909089774e-02,8.333333333333363402e-02,9.017341040462426571e-01,9.954493742889647390e-01,1.000000000000000000e+00,0.000000000000000000e+00,0.000000000000000000e+00,1.000000000000000000e+00,0.000000000000000000e+00,1.000000000000000000e+00,0.000000000000000000e+00,9.860400186133084777e-01,9.527720739219713852e-01,4.119850187265922115e-02,0.000000000000000000e+00,1.000000000000000000e+00,0.000000000000000000e+00,4.999999999999998890e-01,0.000000000000000000e+00,1.000000000000000000e+00,4.999999999999997224e-01,7.783018867924527129e-01,6.363636363636363535e-01,1.235955056179775663e-01,0.000000000000000000e+00,0.000000000000000000e+00,0.000000000000000000e+00,0.000000000000000000e+00,0.000000000000000000e+00,3.571428571428572063e-01,7.888888888888886397e-01,2.824074074074073293e-01,2.324561403508774993e-01,5.000000000000000000e-01,4.827586206896560816e-01,7.142857142857143016e-01,6.666666666666667407e-01,0.000000000000000000e+00,0.000000000000000000e+00,5.000000000000000000e-01,5.371900826446276422e-01,5.000000000000001110e-01,0.000000000000000000e+00,0.000000000000000000e+00,0.000000000000000000e+00,0.000000000000000000e+00,0.000000000000000000e+00
0.000000000000000000e+00,6.259541984732825970e-01,0.000000000000000000e+00,1.000000000000000000e+00,0.000000000000000000e+00,9.090909090909089774e-02,1.111111111111114380e-01,9.017341040462426571e-01,9.954493742889647390e-01,1.000000000000000000e+00,0.000000000000000000e+00,0.000000000000000000e+00,1.000000000000000000e+00,0.000000000000000000e+00,1.000000000000000000e+00,0.000000000000000000e+00,9.860400186133084777e-01,9.527720739219713852e-01,4.119850187265922115e-02,0.000000000000000000e+00,1.000000000000000000e+00,0.000000000000000000e+00,4.999999999999998890e-01,0.000000000000000000e+00,1.000000000000000000e+00,4.999999999999997224e-01,7.783018867924527129e-01,6.363636363636363535e-01,1.235955056179775663e-01,0.000000000000000000e+00,0.000000000000000000e+00,0.000000000000000000e+00,0.000000000000000000e+00,0.000000000000000000e+00,3.571428571428572063e-01,7.888888888888886397e-01,2.824074074074073293e-01,2.324561403508774993e-01,5.000000000000000000e-01,4.827586206896560816e-01,7.142857142857143016e-01,6.666666666666667407e-01,0.000000000000000000e+00,0.000000000000000000e+00,5.000000000000000000e-01,5.371900826446276422e-01,5.000000000000001110e-01,0.000000000000000000e+00,0.000000000000000000e+00,0.000000000000000000e+00,0.000000000000000000e+00,0.000000000000000000e+00
0.000000000000000000e+00,6.259541984732825970e-01,0.000000000000000000e+00,1.000000000000000000e+00,0.000000000000000000e+00,9.090909090909089774e-02,1.111111111111114380e-01,9.017341040462426571e-01,9.954493742889647390e-01,1.000000000000000000e+00,0.000000000000000000e+00,0.000000000000000000e+00,1.000000000000000000e+00,0.000000000000000000e+00,1.000000000000000000e+00,0.000000000000000000e+00,9.837133550488598166e-01,9.527720739219713852e-01,4.119850187265922115e-02,0.000000000000000000e+00,1.000000000000000000e+00,0.000000000000000000e+00,4.999999999999998890e-01,0.000000000000000000e+00,1.000000000000000000e+00,4.999999999999997224e-01,7.783018867924527129e-01,6.363636363636363535e-01,1.254681647940075195e-01,0.000000000000000000e+00,0.000000000000000000e+00,0.000000000000000000e+00,0.000000000000000000e+00,0.000000000000000000e+00,3.571428571428572063e-01,7.888888888888886397e-01,2.824074074074073293e-01,2.324561403508774993e-01,5.000000000000000000e-01,5.172413793103457502e-01,7.142857142857143016e-01,6.666666666666667407e-01,0.000000000000000000e+00,0.000000000000000000e+00,5.000000000000000000e-01,5.371900826446276422e-01,6.666666666666667407e-01,0.000000000000000000e+00,0.000000000000000000e+00,0.000000000000000000e+00,0.000000000000000000e+00,0.000000000000000000e+00
0.000000000000000000e+00,6.221374045801526531e-01,0.000000000000000000e+00,1.000000000000000000e+00,0.000000000000000000e+00,9.090909090909089774e-02,1.111111111111114380e-01,9.017341040462426571e-01,9.943117178612057572e-01,1.000000000000000000e+00,0.000000000000000000e+00,0.000000000000000000e+00,1.000000000000000000e+00,0.000000000000000000e+00,1.000000000000000000e+00,0.000000000000000000e+00,9.860400186133084777e-01,9.527720739219713852e-01,4.494382022471912069e-02,0.000000000000000000e+00,1.000000000000000000e+00,0.000000000000000000e+00,4.999999999999998890e-01,0.000000000000000000e+00,1.000000000000000000e+00,4.999999999999997224e-01,7.783018867924527129e-01,8.181818181818181213e-01,1.254681647940075195e-01,0.000000000000000000e+00,0.000000000000000000e+00,0.000000000000000000e+00,0.000000000000000000e+00,0.000000000000000000e+00,3.571428571428572063e-01,7.888888888888886397e-01,2.824074074074073293e-01,2.324561403508774993e-01,5.000000000000000000e-01,5.517241379310335869e-01,7.142857142857143016e-01,6.666666666666667407e-01,0.000000000000000000e+00,0.000000000000000000e+00,7.500000000000000000e-01,5.371900826446276422e-01,6.666666666666667407e-01,0.000000000000000000e+00,0.000000000000000000e+00,0.000000000000000000e+00,0.000000000000000000e+00,0.000000000000000000e+00
0.000000000000000000e+00,6.183206106870229313e-01,0.000000000000000000e+00,1.000000000000000000e+00,0.000000000000000000e+00,9.090909090909089774e-02,1.111111111111114380e-01,9.017341040462426571e-01,9.943117178612057572e-01,1.000000000000000000e+00,0.000000000000000000e+00,0.000000000000000000e+00,1.000000000000000000e+00,0.000000000000000000e+00,1.000000000000000000e+00,0.000000000000000000e+00,9.860400186133084777e-01,9.527720739219713852e-01,4.119850187265922115e-02,0.000000000000000000e+00,1.000000000000000000e+00,0.000000000000000000e+00,4.999999999999998890e-01,0.000000000000000000e+00,1.000000000000000000e+00,4.999999999999997224e-01,7.783018867924527129e-01,8.181818181818181213e-01,1.254681647940075195e-01,0.000000000000000000e+00,0.000000000000000000e+00,0.000000000000000000e+00,0.000000000000000000e+00,0.000000000000000000e+00,3.571428571428572063e-01,7.888888888888886397e-01,2.824074074074073293e-01,2.324561403508774993e-01,5.000000000000000000e-01,4.482758620689663576e-01,7.142857142857143016e-01,6.666666666666667407e-01,0.000000000000000000e+00,0.000000000000000000e+00,7.500000000000000000e-01,5.371900826446276422e-01,6.666666666666667407e-01,0.000000000000000000e+00,0.000000000000000000e+00,0.000000000000000000e+00,0.000000000000000000e+00,0.000000000000000000e+00
0.000000000000000000e+00,6.145038167938932094e-01,0.000000000000000000e+00,1.000000000000000000e+00,0.000000000000000000e+00,9.090909090909089774e-02,1.111111111111114380e-01,9.017341040462426571e-01,9.943117178612057572e-01,1.000000000000000000e+00,0.000000000000000000e+00,0.000000000000000000e+00,1.000000000000000000e+00,0.000000000000000000e+00,1.000000000000000000e+00,0.000000000000000000e+00,9.860400186133084777e-01,9.527720739219713852e-01,4.119850187265922115e-02,0.000000000000000000e+00,1.000000000000000000e+00,0.000000000000000000e+00,4.999999999999998890e-01,0.000000000000000000e+00,1.000000000000000000e+00,4.999999999999997224e-01,7.783018867924527129e-01,8.181818181818181213e-01,1.254681647940075195e-01,0.000000000000000000e+00,0.000000000000000000e+00,0.000000000000000000e+00,0.000000000000000000e+00,0.000000000000000000e+00,3.571428571428572063e-01,7.888888888888886397e-01,2.824074074074073293e-01,2.324561403508774993e-01,6.249999999999998890e-01,2.931034482758625992e-01,4.285714285714285476e-01,5.833333333333333703e-01,0.000000000000000000e+00,0.000000000000000000e+00,7.500000000000000000e-01,5.371900826446276422e-01,6.666666666666667407e-01,0.000000000000000000e+00,0.000000000000000000e+00,0.000000000000000000e+00,0.000000000000000000e+00,0.000000000000000000e+00
0.000000000000000000e+00,6.145038167938932094e-01,0.000000000000000000e+00,1.000000000000000000e+00,0.000000000000000000e+00,9.090909090909089774e-02,1.111111111111114380e-01,9.017341040462426571e-01,9.943117178612057572e-01,1.000000000000000000e+00,0.000000000000000000e+00,0.000000000000000000e+00,1.000000000000000000e+00,0.000000000000000000e+00,1.000000000000000000e+00,0.000000000000000000e+00,9.860400186133084777e-01,9.527720739219713852e-01,4.119850187265922115e-02,0.000000000000000000e+00,1.000000000000000000e+00,0.000000000000000000e+00,4.999999999999998890e-01,0.000000000000000000e+00,1.000000000000000000e+00,4.999999999999997224e-01,7.783018867924527129e-01,7.272727272727271819e-01,1.273408239700374867e-01,0.000000000000000000e+00,0.000000000000000000e+00,0.000000000000000000e+00,0.000000000000000000e+00,0.000000000000000000e+00,3.571428571428572063e-01,8.481481481481480955e-01,2.824074074074073293e-01,2.324561403508774993e-01,7.500000000000000000e-01,3.620689655172420474e-01,4.285714285714285476e-01,4.166666666666666852e-01,0.000000000000000000e+00,0.000000000000000000e+00,7.500000000000000000e-01,5.371900826446276422e-01,6.666666666666667407e-01,0.000000000000000000e+00,0.000000000000000000e+00,0.000000000000000000e+00,0.000000000000000000e+00,0.000000000000000000e+00
0.000000000000000000e+00,6.106870229007634876e-01,0.000000000000000000e+00,1.000000000000000000e+00,0.000000000000000000e+00,9.090909090909089774e-02,1.111111111111114380e-01,9.017341040462426571e-01,9.943117178612057572e-01,1.000000000000000000e+00,0.000000000000000000e+00,0.000000000000000000e+00,1.000000000000000000e+00,0.000000000000000000e+00,1.000000000000000000e+00,0.000000000000000000e+00,9.883666821777570277e-01,9.527720739219713852e-01,3.745318352059927997e-02,0.000000000000000000e+00,1.000000000000000000e+00,0.000000000000000000e+00,4.999999999999998890e-01,0.000000000000000000e+00,1.000000000000000000e+00,4.999999999999997224e-01,7.783018867924527129e-01,7.272727272727271819e-01,1.273408239700374867e-01,0.000000000000000000e+00,0.000000000000000000e+00,0.000000000000000000e+00,0.000000000000000000e+00,0.000000000000000000e+00,3.571428571428572063e-01,8.481481481481480955e-01,2.824074074074073293e-01,2.324561403508774993e-01,7.500000000000000000e-01,2.931034482758625992e-01,4.285714285714285476e-01,4.166666666666666852e-01,0.000000000000000000e+00,0.000000000000000000e+00,7.500000000000000000e-01,5.371900826446276422e-01,6.666666666666667407e-01,0.000000000000000000e+00,0.000000000000000000e+00,0.000000000000000000e+00,0.000000000000000000e+00,0.000000000000000000e+00
0.000000000000000000e+00,6.068702290076336547e-01,0.000000000000000000e+00,1.000000000000000000e+00,0.000000000000000000e+00,9.090909090909089774e-02,1.111111111111114380e-01,9.017341040462426571e-01,9.943117178612057572e-01,1.000000000000000000e+00,0.000000000000000000e+00,0.000000000000000000e+00,1.000000000000000000e+00,0.000000000000000000e+00,1.000000000000000000e+00,0.000000000000000000e+00,9.883666821777570277e-01,9.527720739219713852e-01,3.745318352059927997e-02,0.000000000000000000e+00,1.000000000000000000e+00,0.000000000000000000e+00,4.999999999999998890e-01,0.000000000000000000e+00,1.000000000000000000e+00,4.999999999999997224e-01,7.783018867924527129e-01,8.181818181818181213e-01,1.273408239700374867e-01,0.000000000000000000e+00,0.000000000000000000e+00,0.000000000000000000e+00,0.000000000000000000e+00,0.000000000000000000e+00,3.571428571428572063e-01,8.481481481481480955e-01,2.824074074074073293e-01,2.324561403508774993e-01,7.500000000000000000e-01,3.103448275862074612e-01,4.285714285714285476e-01,4.166666666666666852e-01,0.000000000000000000e+00,0.000000000000000000e+00,7.500000000000000000e-01,5.371900826446276422e-01,6.666666666666667407e-01,0.000000000000000000e+00,0.000000000000000000e+00,0.000000000000000000e+00,0.000000000000000000e+00,0.000000000000000000e+00
0.000000000000000000e+00,6.030534351145038219e-01,0.000000000000000000e+00,1.000000000000000000e+00,0.000000000000000000e+00,9.090909090909089774e-02,1.111111111111114380e-01,9.017341040462426571e-01,9.954493742889647390e-01,1.000000000000000000e+00,0.000000000000000000e+00,0.000000000000000000e+00,1.000000000000000000e+00,0.000000000000000000e+00,1.000000000000000000e+00,0.000000000000000000e+00,9.906933457422055778e-01,9.537987679671459107e-01,3.745318352059927997e-02,0.000000000000000000e+00,1.000000000000000000e+00,0.000000000000000000e+00,4.999999999999998890e-01,0.000000000000000000e+00,1.000000000000000000e+00,4.999999999999997224e-01,7.783018867924527129e-01,1.000000000000000000e+00,1.273408239700374867e-01,0.000000000000000000e+00,0.000000000000000000e+00,0.000000000000000000e+00,0.000000000000000000e+00,0.000000000000000000e+00,3.571428571428572063e-01,7.703703703703701500e-01,2.824074074074073293e-01,5.043859649122804933e-01,7.500000000000000000e-01,4.482758620689663576e-01,0.000000000000000000e+00,6.666666666666667407e-01,0.000000000000000000e+00,0.000000000000000000e+00,7.500000000000000000e-01,5.371900826446276422e-01,6.666666666666667407e-01,0.000000000000000000e+00,0.000000000000000000e+00,0.000000000000000000e+00,0.000000000000000000e+00,0.000000000000000000e+00
0.000000000000000000e+00,6.030534351145038219e-01,0.000000000000000000e+00,1.000000000000000000e+00,0.000000000000000000e+00,9.090909090909089774e-02,1.111111111111114380e-01,9.017341040462426571e-01,9.954493742889647390e-01,1.000000000000000000e+00,0.000000000000000000e+00,0.000000000000000000e+00,1.000000000000000000e+00,0.000000000000000000e+00,1.000000000000000000e+00,0.000000000000000000e+00,9.906933457422055778e-01,9.537987679671459107e-01,3.370786516853933878e-02,0.000000000000000000e+00,1.000000000000000000e+00,0.000000000000000000e+00,4.999999999999998890e-01,0.000000000000000000e+00,1.000000000000000000e+00,4.999999999999997224e-01,7.783018867924527129e-01,1.000000000000000000e+00,1.292134831460674538e-01,0.000000000000000000e+00,0.000000000000000000e+00,0.000000000000000000e+00,0.000000000000000000e+00,0.000000000000000000e+00,3.571428571428572063e-01,7.703703703703701500e-01,2.824074074074073293e-01,5.043859649122804933e-01,7.500000000000000000e-01,4.137931034482766335e-01,0.000000000000000000e+00,6.666666666666667407e-01,0.000000000000000000e+00,0.000000000000000000e+00,7.500000000000000000e-01,5.371900826446276422e-01,6.666666666666667407e-01,0.000000000000000000e+00,0.000000000000000000e+00,0.000000000000000000e+00,0.000000000000000000e+00,0.000000000000000000e+00
0.000000000000000000e+00,5.992366412213741000e-01,0.000000000000000000e+00,1.000000000000000000e+00,0.000000000000000000e+00,9.090909090909089774e-02,1.111111111111114380e-01,9.017341040462426571e-01,9.954493742889647390e-01,1.000000000000000000e+00,0.000000000000000000e+00,0.000000000000000000e+00,1.000000000000000000e+00,0.000000000000000000e+00,1.000000000000000000e+00,0.000000000000000000e+00,9.906933457422055778e-01,9.537987679671459107e-01,3.745318352059927997e-02,0.000000000000000000e+00,1.000000000000000000e+00,0.000000000000000000e+00,4.999999999999998890e-01,0.000000000000000000e+00,1.000000000000000000e+00,4.999999999999997224e-01,7.783018867924527129e-01,1.000000000000000000e+00,1.292134831460674538e-01,0.000000000000000000e+00,0.000000000000000000e+00,0.000000000000000000e+00,0.000000000000000000e+00,0.000000000000000000e+00,3.571428571428572063e-01,7.703703703703701500e-01,2.824074074074073293e-01,5.043859649122804933e-01,7.500000000000000000e-01,5.172413793103457502e-01,0.000000000000000000e+00,6.666666666666667407e-01,0.000000000000000000e+00,0.000000000000000000e+00,7.500000000000000000e-01,5.371900826446276422e-01,6.666666666666667407e-01,0.000000000000000000e+00,0.000000000000000000e+00,0.000000000000000000e+00,0.000000000000000000e+00,0.000000000000000000e+00
0.000000000000000000e+00,5.992366412213741000e-01,0.000000000000000000e+00,1.000000000000000000e+00,0.000000000000000000e+00,9.090909090909089774e-02,1.111111111111114380e-01,9.017341040462426571e-01,9.943117178612057572e-01,1.000000000000000000e+00,0.000000000000000000e+00,0.000000000000000000e+00,1.000000000000000000e+00,0.000000000000000000e+00,1.000000000000000000e+00,0.000000000000000000e+00,9.860400186133084777e-01,9.537987679671459107e-01,3.370786516853933878e-02,0.000000000000000000e+00,1.000000000000000000e+00,0.000000000000000000e+00,4.999999999999998890e-01,0.000000000000000000e+00,1.000000000000000000e+00,4.999999999999997224e-01,7.877358490566035432e-01,9.090909090909090606e-01,1.310861423220973931e-01,0.000000000000000000e+00,0.000000000000000000e+00,0.000000000000000000e+00,0.000000000000000000e+00,0.000000000000000000e+00,3.571428571428572063e-01,7.703703703703701500e-01,2.592592592592591894e-01,5.043859649122804933e-01,7.500000000000000000e-01,6.034482758620682841e-01,5.714285714285715079e-01,5.000000000000000000e-01,0.000000000000000000e+00,0.000000000000000000e+00,7.500000000000000000e-01,5.371900826446276422e-01,6.666666666666667407e-01,0.000000000000000000e+00,0.000000000000000000e+00,0.000000000000000000e+00,0.000000000000000000e+00,0.000000000000000000e+00
0.000000000000000000e+00,5.954198473282443782e-01,0.000000000000000000e+00,1.000000000000000000e+00,0.000000000000000000e+00,9.090909090909089774e-02,1.111111111111114380e-01,8.901734104046242768e-01,9.943117178612057572e-01,1.000000000000000000e+00,0.000000000000000000e+00,0.000000000000000000e+00,1.000000000000000000e+00,0.000000000000000000e+00,1.000000000000000000e+00,0.000000000000000000e+00,9.860400186133084777e-01,9.537987679671459107e-01,3.370786516853933878e-02,0.000000000000000000e+00,1.000000000000000000e+00,0.000000000000000000e+00,4.999999999999998890e-01,0.000000000000000000e+00,1.000000000000000000e+00,4.999999999999997224e-01,7.877358490566035432e-01,8.181818181818181213e-01,1.310861423220973931e-01,0.000000000000000000e+00,0.000000000000000000e+00,0.000000000000000000e+00,0.000000000000000000e+00,0.000000000000000000e+00,3.571428571428572063e-01,7.703703703703701500e-01,2.592592592592591894e-01,5.043859649122804933e-01,6.249999999999998890e-01,4.827586206896560816e-01,5.714285714285715079e-01,5.000000000000000000e-01,0.000000000000000000e+00,0.000000000000000000e+00,5.000000000000000000e-01,5.371900826446276422e-01,6.666666666666667407e-01,0.000000000000000000e+00,0.000000000000000000e+00,0.000000000000000000e+00,0.000000000000000000e+00,0.000000000000000000e+00
0.000000000000000000e+00,5.916030534351145453e-01,0.000000000000000000e+00,1.000000000000000000e+00,0.000000000000000000e+00,9.090909090909089774e-02,8.333333333333363402e-02,8.901734104046242768e-01,9.943117178612057572e-01,1.000000000000000000e+00,0.000000000000000000e+00,0.000000000000000000e+00,1.000000000000000000e+00,0.000000000000000000e+00,1.000000000000000000e+00,0.000000000000000000e+00,9.860400186133084777e-01,9.537987679671459107e-01,3.370786516853933878e-02,0.000000000000000000e+00,1.000000000000000000e+00,0.000000000000000000e+00,4.999999999999998890e-01,0.000000000000000000e+00,1.000000000000000000e+00,4.999999999999997224e-01,7.877358490566035432e-01,8.181818181818181213e-01,1.310861423220973931e-01,0.000000000000000000e+00,0.000000000000000000e+00,0.000000000000000000e+00,0.000000000000000000e+00,0.000000000000000000e+00,3.571428571428572063e-01,7.703703703703701500e-01,2.592592592592591894e-01,5.043859649122804933e-01,6.249999999999998890e-01,3.275862068965523233e-01,0.000000000000000000e+00,5.833333333333333703e-01,0.000000000000000000e+00,0.000000000000000000e+00,5.000000000000000000e-01,5.371900826446276422e-01,6.666666666666667407e-01,0.000000000000000000e+00,0.000000000000000000e+00,0.000000000000000000e+00,0.000000000000000000e+00,0.000000000000000000e+00
0.000000000000000000e+00,5.877862595419848235e-01,0.000000000000000000e+00,1.000000000000000000e+00,0.000000000000000000e+00,9.090909090909089774e-02,8.333333333333363402e-02,8.901734104046242768e-01,9.943117178612057572e-01,1.000000000000000000e+00,0.000000000000000000e+00,0.000000000000000000e+00,1.000000000000000000e+00,0.000000000000000000e+00,1.000000000000000000e+00,0.000000000000000000e+00,9.860400186133084777e-01,9.527720739219713852e-01,3.745318352059927997e-02,0.000000000000000000e+00,1.000000000000000000e+00,0.000000000000000000e+00,4.999999999999998890e-01,0.000000000000000000e+00,1.000000000000000000e+00,4.999999999999997224e-01,7.877358490566035432e-01,8.181818181818181213e-01,1.310861423220973931e-01,0.000000000000000000e+00,0.000000000000000000e+00,0.000000000000000000e+00,0.000000000000000000e+00,0.000000000000000000e+00,3.571428571428572063e-01,7.703703703703701500e-01,2.592592592592591894e-01,5.043859649122804933e-01,5.000000000000000000e-01,2.586206896551728751e-01,0.000000000000000000e+00,7.500000000000000000e-01,0.000000000000000000e+00,0.000000000000000000e+00,5.000000000000000000e-01,5.371900826446276422e-01,5.000000000000001110e-01,0.000000000000000000e+00,0.000000000000000000e+00,0.000000000000000000e+00,0.000000000000000000e+00,0.000000000000000000e+00
0.000000000000000000e+00,5.877862595419848235e-01,0.000000000000000000e+00,1.000000000000000000e+00,0.000000000000000000e+00,9.090909090909089774e-02,5.555555555555571901e-02,8.901734104046242768e-01,9.943117178612057572e-01,1.000000000000000000e+00,0.000000000000000000e+00,0.000000000000000000e+00,1.000000000000000000e+00,0.000000000000000000e+00,1.000000000000000000e+00,0.000000000000000000e+00,9.860400186133084777e-01,9.517453798767968598e-01,3.370786516853933878e-02,0.000000000000000000e+00,1.000000000000000000e+00,0.000000000000000000e+00,4.999999999999998890e-01,0.000000000000000000e+00,1.000000000000000000e+00,4.999999999999997224e-01,7.877358490566035432e-01,7.272727272727271819e-01,1.310861423220973931e-01,0.000000000000000000e+00,0.000000000000000000e+00,0.000000000000000000e+00,0.000000000000000000e+00,0.000000000000000000e+00,3.571428571428572063e-01,7.888888888888886397e-01,2.685185185185184342e-01,5.043859649122804933e-01,5.000000000000000000e-01,3.793103448275869649e-01,0.000000000000000000e+00,7.500000000000000000e-01,0.000000000000000000e+00,0.000000000000000000e+00,5.000000000000000000e-01,5.371900826446276422e-01,5.000000000000001110e-01,0.000000000000000000e+00,0.000000000000000000e+00,0.000000000000000000e+00,0.000000000000000000e+00,0.000000000000000000e+00
0.000000000000000000e+00,5.877862595419848235e-01,0.000000000000000000e+00,1.000000000000000000e+00,0.000000000000000000e+00,9.090909090909089774e-02,5.555555555555571901e-02,8.901734104046242768e-01,9.943117178612057572e-01,1.000000000000000000e+00,0.000000000000000000e+00,0.000000000000000000e+00,1.000000000000000000e+00,0.000000000000000000e+00,1.000000000000000000e+00,0.000000000000000000e+00,9.837133550488598166e-01,9.517453798767968598e-01,3.370786516853933878e-02,0.000000000000000000e+00,1.000000000000000000e+00,0.000000000000000000e+00,4.999999999999998890e-01,0.000000000000000000e+00,1.000000000000000000e+00,4.999999999999997224e-01,7.877358490566035432e-01,7.272727272727271819e-01,1.310861423220973931e-01,0.000000000000000000e+00,0.000000000000000000e+00,0.000000000000000000e+00,0.000000000000000000e+00,0.000000000000000000e+00,3.571428571428572063e-01,7.888888888888886397e-01,2.685185185185184342e-01,4.254385964912280049e-01,5.000000000000000000e-01,6.379310344827580082e-01,0.000000000000000000e+00,7.500000000000000000e-01,0.000000000000000000e+00,0.000000000000000000e+00,5.000000000000000000e-01,5.371900826446276422e-01,5.000000000000001110e-01,0.000000000000000000e+00,0.000000000000000000e+00,0.000000000000000000e+00,0.000000000000000000e+00,0.000000000000000000e+00
0.000000000000000000e+00,5.801526717557252688e-01,0.000000000000000000e+00,1.000000000000000000e+00,0.000000000000000000e+00,9.090909090909089774e-02,5.555555555555571901e-02,8.901734104046242768e-01,9.943117178612057572e-01,1.000000000000000000e+00,0.000000000000000000e+00,0.000000000000000000e+00,1.000000000000000000e+00,0.000000000000000000e+00,1.000000000000000000e+00,0.000000000000000000e+00,9.837133550488598166e-01,9.517453798767968598e-01,3.370786516853933878e-02,0.000000000000000000e+00,1.000000000000000000e+00,0.000000000000000000e+00,4.999999999999998890e-01,0.000000000000000000e+00,1.000000000000000000e+00,4.999999999999997224e-01,7.877358490566035432e-01,7.272727272727271819e-01,1.310861423220973931e-01,0.000000000000000000e+00,0.000000000000000000e+00,0.000000000000000000e+00,0.000000000000000000e+00,0.000000000000000000e+00,3.571428571428572063e-01,7.888888888888886397e-01,2.685185185185184342e-01,4.254385964912280049e-01,3.750000000000000000e-01,7.758620689655169045e-01,0.000000000000000000e+00,7.500000000000000000e-01,0.000000000000000000e+00,0.000000000000000000e+00,2.500000000000000555e-01,5.371900826446276422e-01,3.333333333333333703e-01,0.000000000000000000e+00,0.000000000000000000e+00,0.000000000000000000e+00,0.000000000000000000e+00,0.000000000000000000e+00
0.000000000000000000e+00,5.801526717557252688e-01,0.000000000000000000e+00,1.000000000000000000e+00,0.000000000000000000e+00,9.090909090909089774e-02,5.555555555555571901e-02,8.901734104046242768e-01,9.943117178612057572e-01,1.000000000000000000e+00,0.000000000000000000e+00,0.000000000000000000e+00,1.000000000000000000e+00,0.000000000000000000e+00,1.000000000000000000e+00,0.000000000000000000e+00,9.837133550488598166e-01,9.517453798767968598e-01,3.370786516853933878e-02,0.000000000000000000e+00,1.000000000000000000e+00,0.000000000000000000e+00,4.999999999999998890e-01,0.000000000000000000e+00,1.000000000000000000e+00,4.999999999999997224e-01,7.877358490566035432e-01,7.272727272727271819e-01,1.292134831460674538e-01,0.000000000000000000e+00,0.000000000000000000e+00,0.000000000000000000e+00,0.000000000000000000e+00,0.000000000000000000e+00,3.571428571428572063e-01,7.888888888888886397e-01,2.685185185185184342e-01,4.254385964912280049e-01,3.750000000000000000e-01,9.655172413793102759e-01,1.428571428571428770e-01,7.500000000000000000e-01,0.000000000000000000e+00,0.000000000000000000e+00,2.500000000000000555e-01,5.371900826446276422e-01,3.333333333333333703e-01,0.000000000000000000e+00,0.000000000000000000e+00,0.000000000000000000e+00,0.000000000000000000e+00,0.000000000000000000e+00
0.000000000000000000e+00,5.763358778625954359e-01,0.000000000000000000e+00,1.000000000000000000e+00,0.000000000000000000e+00,9.090909090909089774e-02,5.555555555555571901e-02,8.901734104046242768e-01,9.943117178612057572e-01,1.000000000000000000e+00,0.000000000000000000e+00,0.000000000000000000e+00,1.000000000000000000e+00,0.000000000000000000e+00,1.000000000000000000e+00,0.000000000000000000e+00,9.860400186133084777e-01,9.517453798767968598e-01,3.370786516853933878e-02,0.000000000000000000e+00,1.000000000000000000e+00,0.000000000000000000e+00,4.999999999999998890e-01,0.000000000000000000e+00,1.000000000000000000e+00,4.999999999999997224e-01,7.877358490566035432e-01,7.272727272727271819e-01,1.310861423220973931e-01,0.000000000000000000e+00,0.000000000000000000e+00,0.000000000000000000e+00,0.000000000000000000e+00,0.000000000000000000e+00,3.571428571428572063e-01,7.888888888888886397e-01,2.685185185185184342e-01,4.254385964912280049e-01,3.750000000000000000e-01,8.620689655172411037e-01,1.428571428571428770e-01,7.500000000000000000e-01,0.000000000000000000e+00,0.000000000000000000e+00,2.500000000000000555e-01,5.371900826446276422e-01,3.333333333333333703e-01,0.000000000000000000e+00,0.000000000000000000e+00,0.000000000000000000e+00,0.000000000000000000e+00,0.000000000000000000e+00
0.000000000000000000e+00,5.725190839694657141e-01,0.000000000000000000e+00,1.000000000000000000e+00,0.000000000000000000e+00,9.090909090909089774e-02,5.555555555555571901e-02,8.901734104046242768e-01,9.943117178612057572e-01,1.000000000000000000e+00,0.000000000000000000e+00,0.000000000000000000e+00,1.000000000000000000e+00,0.000000000000000000e+00,1.000000000000000000e+00,0.000000000000000000e+00,9.860400186133084777e-01,9.517453798767968598e-01,3.745318352059927997e-02,0.000000000000000000e+00,1.000000000000000000e+00,0.000000000000000000e+00,4.999999999999998890e-01,0.000000000000000000e+00,1.000000000000000000e+00,4.999999999999997224e-01,7.877358490566035432e-01,6.363636363636363535e-01,1.310861423220973931e-01,0.000000000000000000e+00,0.000000000000000000e+00,0.000000000000000000e+00,0.000000000000000000e+00,0.000000000000000000e+00,3.571428571428572063e-01,7.888888888888886397e-01,2.685185185185184342e-01,4.254385964912280049e-01,5.000000000000000000e-01,6.896551724137924833e-01,1.428571428571428770e-01,7.500000000000000000e-01,0.000000000000000000e+00,0.000000000000000000e+00,2.500000000000000555e-01,5.371900826446276422e-01,3.333333333333333703e-01,0.000000000000000000e+00,0.000000000000000000e+00,0.000000000000000000e+00,0.000000000000000000e+00,0.000000000000000000e+00
0.000000000000000000e+00,5.687022900763358813e-01,0.000000000000000000e+00,1.000000000000000000e+00,0.000000000000000000e+00,9.090909090909089774e-02,5.555555555555571901e-02,8.901734104046242768e-01,9.943117178612057572e-01,1.000000000000000000e+00,0.000000000000000000e+00,0.000000000000000000e+00,1.000000000000000000e+00,0.000000000000000000e+00,1.000000000000000000e+00,0.000000000000000000e+00,9.860400186133084777e-01,9.527720739219713852e-01,3.370786516853933878e-02,0.000000000000000000e+00,1.000000000000000000e+00,0.000000000000000000e+00,4.999999999999998890e-01,0.000000000000000000e+00,1.000000000000000000e+00,4.999999999999997224e-01,7.877358490566035432e-01,5.454545454545454142e-01,1.310861423220973931e-01,0.000000000000000000e+00,0.000000000000000000e+00,0.000000000000000000e+00,0.000000000000000000e+00,0.000000000000000000e+00,3.571428571428572063e-01,7.888888888888886397e-01,2.685185185185184342e-01,4.254385964912280049e-01,6.249999999999998890e-01,5.344827586206888359e-01,1.428571428571428770e-01,7.500000000000000000e-01,0.000000000000000000e+00,0.000000000000000000e+00,2.500000000000000555e-01,5.371900826446276422e-01,3.333333333333333703e-01,0.000000000000000000e+00,0.000000000000000000e+00,0.000000000000000000e+00,0.000000000000000000e+00,0.000000000000000000e+00
0.000000000000000000e+00,5.687022900763358813e-01,0.000000000000000000e+00,1.000000000000000000e+00,0.000000000000000000e+00,9.090909090909089774e-02,5.555555555555571901e-02,8.901734104046242768e-01,9.943117178612057572e-01,1.000000000000000000e+00,0.000000000000000000e+00,0.000000000000000000e+00,1.000000000000000000e+00,0.000000000000000000e+00,1.000000000000000000e+00,0.000000000000000000e+00,9.860400186133084777e-01,9.537987679671459107e-01,3.745318352059927997e-02,0.000000000000000000e+00,1.000000000000000000e+00,0.000000000000000000e+00,4.999999999999998890e-01,0.000000000000000000e+00,1.000000000000000000e+00,4.999999999999997224e-01,7.877358490566035432e-01,4.545454545454545303e-01,1.310861423220973931e-01,0.000000000000000000e+00,0.000000000000000000e+00,0.000000000000000000e+00,0.000000000000000000e+00,0.000000000000000000e+00,3.571428571428572063e-01,7.888888888888886397e-01,2.499999999999998890e-01,4.254385964912280049e-01,6.249999999999998890e-01,3.448275862068971853e-01,1.428571428571428770e-01,7.500000000000000000e-01,0.000000000000000000e+00,0.000000000000000000e+00,2.500000000000000555e-01,5.371900826446276422e-01,3.333333333333333703e-01,0.000000000000000000e+00,0.000000000000000000e+00,0.000000000000000000e+00,0.000000000000000000e+00,0.000000000000000000e+00
0.000000000000000000e+00,5.610687022900763266e-01,0.000000000000000000e+00,1.000000000000000000e+00,0.000000000000000000e+00,9.090909090909089774e-02,5.555555555555571901e-02,8.901734104046242768e-01,9.954493742889647390e-01,1.000000000000000000e+00,0.000000000000000000e+00,0.000000000000000000e+00,1.000000000000000000e+00,0.000000000000000000e+00,1.000000000000000000e+00,0.000000000000000000e+00,9.860400186133084777e-01,9.537987679671459107e-01,4.119850187265922115e-02,0.000000000000000000e+00,1.000000000000000000e+00,0.000000000000000000e+00,4.999999999999998890e-01,0.000000000000000000e+00,1.000000000000000000e+00,4.999999999999997224e-01,7.877358490566035432e-01,4.545454545454545303e-01,1.310861423220973931e-01,0.000000000000000000e+00,0.000000000000000000e+00,0.000000000000000000e+00,0.000000000000000000e+00,0.000000000000000000e+00,3.571428571428572063e-01,7.888888888888886397e-01,2.499999999999998890e-01,4.254385964912280049e-01,5.000000000000000000e-01,3.448275862068971853e-01,2.857142857142857539e-01,7.500000000000000000e-01,0.000000000000000000e+00,0.000000000000000000e+00,2.500000000000000555e-01,5.371900826446276422e-01,3.333333333333333703e-01,0.000000000000000000e+00,0.000000000000000000e+00,0.000000000000000000e+00,0.000000000000000000e+00,0.000000000000000000e+00
0.000000000000000000e+00,5.610687022900763266e-01,0.000000000000000000e+00,1.000000000000000000e+00,0.000000000000000000e+00,0.000000000000000000e+00,5.555555555555571901e-02,8.901734104046242768e-01,9.954493742889647390e-01,1.000000000000000000e+00,0.000000000000000000e+00,0.000000000000000000e+00,1.000000000000000000e+00,0.000000000000000000e+00,1.000000000000000000e+00,0.000000000000000000e+00,9.883666821777570277e-01,9.527720739219713852e-01,3.745318352059927997e-02,0.000000000000000000e+00,1.000000000000000000e+00,0.000000000000000000e+00,4.999999999999998890e-01,0.000000000000000000e+00,1.000000000000000000e+00,4.999999999999997224e-01,7.877358490566035432e-01,3.636363636363635909e-01,1.310861423220973931e-01,0.000000000000000000e+00,0.000000000000000000e+00,0.000000000000000000e+00,0.000000000000000000e+00,0.000000000000000000e+00,3.571428571428572063e-01,7.888888888888886397e-01,2.499999999999998890e-01,4.254385964912280049e-01,5.000000000000000000e-01,2.586206896551728751e-01,5.714285714285715079e-01,7.500000000000000000e-01,0.000000000000000000e+00,0.000000000000000000e+00,2.500000000000000555e-01,5.371900826446276422e-01,3.333333333333333703e-01,0.000000000000000000e+00,0.000000000000000000e+00,0.000000000000000000e+00,0.000000000000000000e+00,0.000000000000000000e+00
0.000000000000000000e+00,5.610687022900763266e-01,0.000000000000000000e+00,1.000000000000000000e+00,0.000000000000000000e+00,0.000000000000000000e+00,5.555555555555571901e-02,8.901734104046242768e-01,9.954493742889647390e-01,1.000000000000000000e+00,0.000000000000000000e+00,0.000000000000000000e+00,1.000000000000000000e+00,0.000000000000000000e+00,1.000000000000000000e+00,0.000000000000000000e+00,9.883666821777570277e-01,9.527720739219713852e-01,4.119850187265922115e-02,0.000000000000000000e+00,1.000000000000000000e+00,0.000000000000000000e+00,4.999999999999998890e-01,0.000000000000000000e+00,1.000000000000000000e+00,4.999999999999997224e-01,7.877358490566035432e-01,3.636363636363635909e-01,1.310861423220973931e-01,0.000000000000000000e+00,0.000000000000000000e+00,0.000000000000000000e+00,0.000000000000000000e+00,0.000000000000000000e+00,3.571428571428572063e-01,7.888888888888886397e-01,2.499999999999998890e-01,4.254385964912280049e-01,5.000000000000000000e-01,3.103448275862074612e-01,5.714285714285715079e-01,6.666666666666667407e-01,0.000000000000000000e+00,0.000000000000000000e+00,5.000000000000000000e-01,5.371900826446276422e-01,3.333333333333333703e-01,0.000000000000000000e+00,0.000000000000000000e+00,0.000000000000000000e+00,0.000000000000000000e+00,0.000000000000000000e+00
0.000000000000000000e+00,5.572519083969466047e-01,0.000000000000000000e+00,1.000000000000000000e+00,0.000000000000000000e+00,0.000000000000000000e+00,5.555555555555571901e-02,8.901734104046242768e-01,9.954493742889647390e-01,1.000000000000000000e+00,0.000000000000000000e+00,0.000000000000000000e+00,1.000000000000000000e+00,0.000000000000000000e+00,1.000000000000000000e+00,0.000000000000000000e+00,9.860400186133084777e-01,9.527720739219713852e-01,4.119850187265922115e-02,0.000000000000000000e+00,1.000000000000000000e+00,0.000000000000000000e+00,4.999999999999998890e-01,0.000000000000000000e+00,1.000000000000000000e+00,4.999999999999997224e-01,7.877358490566035432e-01,3.636363636363635909e-01,1.310861423220973931e-01,0.000000000000000000e+00,0.000000000000000000e+00,0.000000000000000000e+00,0.000000000000000000e+00,0.000000000000000000e+00,3.571428571428572063e-01,7.888888888888886397e-01,2.499999999999998890e-01,4.254385964912280049e-01,5.000000000000000000e-01,2.241379310344831788e-01,5.714285714285715079e-01,6.666666666666667407e-01,0.000000000000000000e+00,0.000000000000000000e+00,5.000000000000000000e-01,5.371900826446276422e-01,3.333333333333333703e-01,0.000000000000000000e+00,0.000000000000000000e+00,0.000000000000000000e+00,0.000000000000000000e+00,0.000000000000000000e+00
0.000000000000000000e+00,5.572519083969466047e-01,0.000000000000000000e+00,1.000000000000000000e+00,0.000000000000000000e+00,0.000000000000000000e+00,5.555555555555571901e-02,8.901734104046242768e-01,9.954493742889647390e-01,1.000000000000000000e+00,0.000000000000000000e+00,0.000000000000000000e+00,1.000000000000000000e+00,0.000000000000000000e+00,1.000000000000000000e+00,0.000000000000000000e+00,9.837133550488598166e-01,9.527720739219713852e-01,4.119850187265922115e-02,0.000000000000000000e+00,1.000000000000000000e+00,0.000000000000000000e+00,4.999999999999998890e-01,0.000000000000000000e+00,1.000000000000000000e+00,4.999999999999997224e-01,7.877358490566035432e-01,3.636363636363635909e-01,1.329588014981273880e-01,0.000000000000000000e+00,0.000000000000000000e+00,0.000000000000000000e+00,0.000000000000000000e+00,0.000000000000000000e+00,3.571428571428572063e-01,7.888888888888886397e-01,2.499999999999998890e-01,3.508771929824568842e-02,5.000000000000000000e-01,1.551724137931037584e-01,5.714285714285715079e-01,6.666666666666667407e-01,0.000000000000000000e+00,0.000000000000000000e+00,5.000000000000000000e-01,5.371900826446276422e-01,5.000000000000001110e-01,0.000000000000000000e+00,0.000000000000000000e+00,0.000000000000000000e+00,0.000000000000000000e+00,0.000000000000000000e+00
0.000000000000000000e+00,5.534351145038168829e-01,0.000000000000000000e+00,1.000000000000000000e+00,0.000000000000000000e+00,0.000000000000000000e+00,5.555555555555571901e-02,8.901734104046242768e-01,9.954493742889647390e-01,1.000000000000000000e+00,0.000000000000000000e+00,0.000000000000000000e+00,1.000000000000000000e+00,0.000000000000000000e+00,1.000000000000000000e+00,0.000000000000000000e+00,9.837133550488598166e-01,9.517453798767968598e-01,4.119850187265922115e-02,0.000000000000000000e+00,1.000000000000000000e+00,0.000000000000000000e+00,4.999999999999998890e-01,0.000000000000000000e+00,1.000000000000000000e+00,4.999999999999997224e-01,7.877358490566035432e-01,5.454545454545454142e-01,1.329588014981273880e-01,0.000000000000000000e+00,0.000000000000000000e+00,0.000000000000000000e+00,0.000000000000000000e+00,0.000000000000000000e+00,3.571428571428572063e-01,7.888888888888886397e-01,2.499999999999998890e-01,3.508771929824568842e-02,5.000000000000000000e-01,1.379310344827588963e-01,5.714285714285715079e-01,6.666666666666667407e-01,0.000000000000000000e+00,0.000000000000000000e+00,7.500000000000000000e-01,5.371900826446276422e-01,5.000000000000001110e-01,0.000000000000000000e+00,0.000000000000000000e+00,0.000000000000000000e+00,0.000000000000000000e+00,0.000000000000000000e+00
0.000000000000000000e+00,5.496183206106870500e-01,0.000000000000000000e+00,1.000000000000000000e+00,0.000000000000000000e+00,0.000000000000000000e+00,8.333333333333363402e-02,8.901734104046242768e-01,9.943117178612057572e-01,1.000000000000000000e+00,0.000000000000000000e+00,0.000000000000000000e+00,1.000000000000000000e+00,0.000000000000000000e+00,1.000000000000000000e+00,0.000000000000000000e+00,9.837133550488598166e-01,9.517453798767968598e-01,4.494382022471912069e-02,0.000000000000000000e+00,1.000000000000000000e+00,0.000000000000000000e+00,4.999999999999998890e-01,0.000000000000000000e+00,1.000000000000000000e+00,4.999999999999997224e-01,7.877358490566035432e-01,6.363636363636363535e-01,1.329588014981273880e-01,0.000000000000000000e+00,0.000000000000000000e+00,0.000000000000000000e+00,0.000000000000000000e+00,0.000000000000000000e+00,3.571428571428572063e-01,7.888888888888886397e-01,2.499999999999998890e-01,3.508771929824568842e-02,6.249999999999998890e-01,1.206896551724140343e-01,5.714285714285715079e-01,6.666666666666667407e-01,0.000000000000000000e+00,0.000000000000000000e+00,7.500000000000000000e-01,5.371900826446276422e-01,5.000000000000001110e-01,0.000000000000000000e+00,0.000000000000000000e+00,0.000000000000000000e+00,0.000000000000000000e+00,0.000000000000000000e+00
0.000000000000000000e+00,5.496183206106870500e-01,0.000000000000000000e+00,1.000000000000000000e+00,0.000000000000000000e+00,4.545454545454544193e-02,8.333333333333363402e-02,8.901734104046242768e-01,9.943117178612057572e-01,1.000000000000000000e+00,0.000000000000000000e+00,0.000000000000000000e+00,1.000000000000000000e+00,0.000000000000000000e+00,1.000000000000000000e+00,0.000000000000000000e+00,9.837133550488598166e-01,9.517453798767968598e-01,4.494382022471912069e-02,0.000000000000000000e+00,1.000000000000000000e+00,0.000000000000000000e+00,4.999999999999998890e-01,0.000000000000000000e+00,1.000000000000000000e+00,4.999999999999997224e-01,7.877358490566035432e-01,6.363636363636363535e-01,1.329588014981273880e-01,0.000000000000000000e+00,0.000000000000000000e+00,0.000000000000000000e+00,0.000000000000000000e+00,0.000000000000000000e+00,3.571428571428572063e-01,7.814814814814814437e-01,2.499999999999998890e-01,3.114035087719299044e-01,6.249999999999998890e-01,2.586206896551728751e-01,5.714285714285715079e-01,6.666666666666667407e-01,0.000000000000000000e+00,0.000000000000000000e+00,7.500000000000000000e-01,5.371900826446276422e-01,5.000000000000001110e-01,0.000000000000000000e+00,0.000000000000000000e+00,0.000000000000000000e+00,0.000000000000000000e+00,0.000000000000000000e+00
0.000000000000000000e+00,5.458015267175573282e-01,0.000000000000000000e+00,1.000000000000000000e+00,0.000000000000000000e+00,9.090909090909089774e-02,8.333333333333363402e-02,8.901734104046242768e-01,9.943117178612057572e-01,1.000000000000000000e+00,0.000000000000000000e+00,0.000000000000000000e+00,1.000000000000000000e+00,0.000000000000000000e+00,1.000000000000000000e+00,0.000000000000000000e+00,9.860400186133084777e-01,9.517453798767968598e-01,4.494382022471912069e-02,0.000000000000000000e+00,1.000000000000000000e+00,0.000000000000000000e+00,4.999999999999998890e-01,0.000000000000000000e+00,1.000000000000000000e+00,4.999999999999997224e-01,7.877358490566035432e-01,6.363636363636363535e-01,1.348314606741573274e-01,0.000000000000000000e+00,0.000000000000000000e+00,0.000000000000000000e+00,0.000000000000000000e+00,0.000000000000000000e+00,3.571428571428572063e-01,7.370370370370368240e-01,2.499999999999998890e-01,5.043859649122804933e-01,6.249999999999998890e-01,3.275862068965523233e-01,5.714285714285715079e-01,6.666666666666667407e-01,0.000000000000000000e+00,0.000000000000000000e+00,7.500000000000000000e-01,5.371900826446276422e-01,5.000000000000001110e-01,0.000000000000000000e+00,0.000000000000000000e+00,0.000000000000000000e+00,0.000000000000000000e+00,0.000000000000000000e+00
0.000000000000000000e+00,5.419847328244274953e-01,0.000000000000000000e+00,1.000000000000000000e+00,0.000000000000000000e+00,9.090909090909089774e-02,8.333333333333363402e-02,8.901734104046242768e-01,9.954493742889647390e-01,1.000000000000000000e+00,0.000000000000000000e+00,0.000000000000000000e+00,1.000000000000000000e+00,0.000000000000000000e+00,1.000000000000000000e+00,0.000000000000000000e+00,9.860400186133084777e-01,9.517453798767968598e-01,4.494382022471912069e-02,0.000000000000000000e+00,1.000000000000000000e+00,0.000000000000000000e+00,4.999999999999998890e-01,0.000000000000000000e+00,1.000000000000000000e+00,4.999999999999997224e-01,7.877358490566035432e-01,6.363636363636363535e-01,1.367041198501873223e-01,0.000000000000000000e+00,0.000000000000000000e+00,0.000000000000000000e+00,0.000000000000000000e+00,0.000000000000000000e+00,3.571428571428572063e-01,7.370370370370368240e-01,2.407407407407406441e-01,5.043859649122804933e-01,6.249999999999998890e-01,5.689655172413785600e-01,5.714285714285715079e-01,6.666666666666667407e-01,0.000000000000000000e+00,0.000000000000000000e+00,7.500000000000000000e-01,5.371900826446276422e-01,5.000000000000001110e-01,0.000000000000000000e+00,0.000000000000000000e+00,0.000000000000000000e+00,0.000000000000000000e+00,0.000000000000000000e+00
0.000000000000000000e+00,5.419847328244274953e-01,0.000000000000000000e+00,1.000000000000000000e+00,0.000000000000000000e+00,9.090909090909089774e-02,8.333333333333363402e-02,8.901734104046242768e-01,9.954493742889647390e-01,1.000000000000000000e+00,0.000000000000000000e+00,0.000000000000000000e+00,1.000000000000000000e+00,0.000000000000000000e+00,1.000000000000000000e+00,0.000000000000000000e+00,9.860400186133084777e-01,9.517453798767968598e-01,4.494382022471912069e-02,0.000000000000000000e+00,1.000000000000000000e+00,0.000000000000000000e+00,4.999999999999998890e-01,0.000000000000000000e+00,1.000000000000000000e+00,4.999999999999997224e-01,7.877358490566035432e-01,6.363636363636363535e-01,1.367041198501873223e-01,0.000000000000000000e+00,0.000000000000000000e+00,0.000000000000000000e+00,0.000000000000000000e+00,0.000000000000000000e+00,3.571428571428572063e-01,7.370370370370368240e-01,2.407407407407406441e-01,5.043859649122804933e-01,6.249999999999998890e-01,7.068965517241374563e-01,2.857142857142857539e-01,6.666666666666667407e-01,0.000000000000000000e+00,0.000000000000000000e+00,7.500000000000000000e-01,5.371900826446276422e-01,5.000000000000001110e-01,0.000000000000000000e+00,0.000000000000000000e+00,0.000000000000000000e+00,0.000000000000000000e+00,0.000000000000000000e+00
0.000000000000000000e+00,5.381679389312976625e-01,0.000000000000000000e+00,1.000000000000000000e+00,0.000000000000000000e+00,9.090909090909089774e-02,8.333333333333363402e-02,8.901734104046242768e-01,9.954493742889647390e-01,1.000000000000000000e+00,0.000000000000000000e+00,0.000000000000000000e+00,1.000000000000000000e+00,0.000000000000000000e+00,1.000000000000000000e+00,0.000000000000000000e+00,9.883666821777570277e-01,9.517453798767968598e-01,4.868913857677906187e-02,0.000000000000000000e+00,1.000000000000000000e+00,0.000000000000000000e+00,4.999999999999998890e-01,0.000000000000000000e+00,1.000000000000000000e+00,4.999999999999997224e-01,7.877358490566035432e-01,6.363636363636363535e-01,1.367041198501873223e-01,0.000000000000000000e+00,0.000000000000000000e+00,0.000000000000000000e+00,0.000000000000000000e+00,0.000000000000000000e+00,3.571428571428572063e-01,7.370370370370368240e-01,2.407407407407406441e-01,5.043859649122804933e-01,6.249999999999998890e-01,8.275862068965513796e-01,1.428571428571428770e-01,6.666666666666667407e-01,0.000000000000000000e+00,0.000000000000000000e+00,5.000000000000000000e-01,5.371900826446276422e-01,5.000000000000001110e-01,0.000000000000000000e+00,0.000000000000000000e+00,0.000000000000000000e+00,0.000000000000000000e+00,0.000000000000000000e+00
0.000000000000000000e+00,5.381679389312976625e-01,0.000000000000000000e+00,1.000000000000000000e+00,0.000000000000000000e+00,9.090909090909089774e-02,8.333333333333363402e-02,8.901734104046242768e-01,9.943117178612057572e-01,1.000000000000000000e+00,0.000000000000000000e+00,0.000000000000000000e+00,1.000000000000000000e+00,0.000000000000000000e+00,1.000000000000000000e+00,0.000000000000000000e+00,9.883666821777570277e-01,9.517453798767968598e-01,4.868913857677906187e-02,0.000000000000000000e+00,1.000000000000000000e+00,0.000000000000000000e+00,4.999999999999998890e-01,0.000000000000000000e+00,1.000000000000000000e+00,4.999999999999997224e-01,8.113207547169808409e-01,6.363636363636363535e-01,1.385767790262172616e-01,0.000000000000000000e+00,0.000000000000000000e+00,0.000000000000000000e+00,0.000000000000000000e+00,0.000000000000000000e+00,3.571428571428572063e-01,7.370370370370368240e-01,2.407407407407406441e-01,5.043859649122804933e-01,6.249999999999998890e-01,8.620689655172411037e-01,1.428571428571428770e-01,6.666666666666667407e-01,0.000000000000000000e+00,0.000000000000000000e+00,5.000000000000000000e-01,5.371900826446276422e-01,3.333333333333333703e-01,0.000000000000000000e+00,0.000000000000000000e+00,0.000000000000000000e+00,0.000000000000000000e+00,0.000000000000000000e+00
0.000000000000000000e+00,5.343511450381679406e-01,0.000000000000000000e+00,1.000000000000000000e+00,0.000000000000000000e+00,9.090909090909089774e-02,8.333333333333363402e-02,8.901734104046242768e-01,9.943117178612057572e-01,1.000000000000000000e+00,0.000000000000000000e+00,0.000000000000000000e+00,1.000000000000000000e+00,0.000000000000000000e+00,1.000000000000000000e+00,0.000000000000000000e+00,9.883666821777570277e-01,9.517453798767968598e-01,4.868913857677906187e-02,0.000000000000000000e+00,1.000000000000000000e+00,0.000000000000000000e+00,4.999999999999998890e-01,0.000000000000000000e+00,1.000000000000000000e+00,4.999999999999997224e-01,8.490566037735848282e-01,6.363636363636363535e-01,1.385767790262172616e-01,0.000000000000000000e+00,0.000000000000000000e+00,0.000000000000000000e+00,0.000000000000000000e+00,0.000000000000000000e+00,3.571428571428572063e-01,7.370370370370368240e-01,2.407407407407406441e-01,5.043859649122804933e-01,5.000000000000000000e-01,8.103448275862064065e-01,1.428571428571428770e-01,6.666666666666667407e-01,0.000000000000000000e+00,0.000000000000000000e+00,5.000000000000000000e-01,5.371900826446276422e-01,3.333333333333333703e-01,0.000000000000000000e+00,0.000000000000000000e+00,0.000000000000000000e+00,0.000000000000000000e+00,0.000000000000000000e+00
0.000000000000000000e+00,5.305343511450382188e-01,0.000000000000000000e+00,1.000000000000000000e+00,0.000000000000000000e+00,9.090909090909089774e-02,8.333333333333363402e-02,8.901734104046242768e-01,9.954493742889647390e-01,1.000000000000000000e+00,0.000000000000000000e+00,0.000000000000000000e+00,1.000000000000000000e+00,0.000000000000000000e+00,1.000000000000000000e+00,0.000000000000000000e+00,9.906933457422055778e-01,9.517453798767968598e-01,4.868913857677906187e-02,0.000000000000000000e+00,1.000000000000000000e+00,0.000000000000000000e+00,4.999999999999998890e-01,0.000000000000000000e+00,1.000000000000000000e+00,4.999999999999997224e-01,8.490566037735848282e-01,6.363636363636363535e-01,1.367041198501873223e-01,0.000000000000000000e+00,0.000000000000000000e+00,0.000000000000000000e+00,0.000000000000000000e+00,0.000000000000000000e+00,3.571428571428572063e-01,7.370370370370368240e-01,2.407407407407406441e-01,5.043859649122804933e-01,5.000000000000000000e-01,8.793103448275858547e-01,1.428571428571428770e-01,6.666666666666667407e-01,0.000000000000000000e+00,0.000000000000000000e+00,5.000000000000000000e-01,5.371900826446276422e-01,3.333333333333333703e-01,0.000000000000000000e+00,0.000000000000000000e+00,0.000000000000000000e+00,0.000000000000000000e+00,0.000000000000000000e+00
0.000000000000000000e+00,5.305343511450382188e-01,0.000000000000000000e+00,1.000000000000000000e+00,0.000000000000000000e+00,9.090909090909089774e-02,8.333333333333363402e-02,8.901734104046242768e-01,9.954493742889647390e-01,1.000000000000000000e+00,0.000000000000000000e+00,0.000000000000000000e+00,1.000000000000000000e+00,0.000000000000000000e+00,1.000000000000000000e+00,0.000000000000000000e+00,9.906933457422055778e-01,9.517453798767968598e-01,4.868913857677906187e-02,0.000000000000000000e+00,1.000000000000000000e+00,0.000000000000000000e+00,4.999999999999998890e-01,0.000000000000000000e+00,1.000000000000000000e+00,4.999999999999997224e-01,8.490566037735848282e-01,5.454545454545454142e-01,1.385767790262172616e-01,0.000000000000000000e+00,0.000000000000000000e+00,0.000000000000000000e+00,0.000000000000000000e+00,0.000000000000000000e+00,3.571428571428572063e-01,6.814814814814812438e-01,2.407407407407406441e-01,5.043859649122804933e-01,5.000000000000000000e-01,6.896551724137924833e-01,1.428571428571428770e-01,6.666666666666667407e-01,0.000000000000000000e+00,0.000000000000000000e+00,5.000000000000000000e-01,5.371900826446276422e-01,3.333333333333333703e-01,0.000000000000000000e+00,0.000000000000000000e+00,0.000000000000000000e+00,0.000000000000000000e+00,0.000000000000000000e+00
0.000000000000000000e+00,5.267175572519083859e-01,0.000000000000000000e+00,1.000000000000000000e+00,0.000000000000000000e+00,9.090909090909089774e-02,8.333333333333363402e-02,8.843930635838153087e-01,9.954493742889647390e-01,1.000000000000000000e+00,0.000000000000000000e+00,0.000000000000000000e+00,1.000000000000000000e+00,0.000000000000000000e+00,1.000000000000000000e+00,0.000000000000000000e+00,9.860400186133084777e-01,9.517453798767968598e-01,4.868913857677906187e-02,0.000000000000000000e+00,1.000000000000000000e+00,0.000000000000000000e+00,4.999999999999998890e-01,0.000000000000000000e+00,1.000000000000000000e+00,4.999999999999997224e-01,8.066037735849055368e-01,5.454545454545454142e-01,1.385767790262172616e-01,0.000000000000000000e+00,0.000000000000000000e+00,0.000000000000000000e+00,0.000000000000000000e+00,0.000000000000000000e+00,3.571428571428572063e-01,6.703703703703702832e-01,2.407407407407406441e-01,5.043859649122804933e-01,5.000000000000000000e-01,5.000000000000008882e-01,1.428571428571428770e-01,6.666666666666667407e-01,0.000000000000000000e+00,0.000000000000000000e+00,5.000000000000000000e-01,5.371900826446276422e-01,5.000000000000001110e-01,0.000000000000000000e+00,0.000000000000000000e+00,0.000000000000000000e+00,0.000000000000000000e+00,0.000000000000000000e+00
0.000000000000000000e+00,5.190839694656488312e-01,0.000000000000000000e+00,1.000000000000000000e+00,0.000000000000000000e+00,9.090909090909089774e-02,8.333333333333363402e-02,8.843930635838153087e-01,9.943117178612057572e-01,1.000000000000000000e+00,0.000000000000000000e+00,0.000000000000000000e+00,1.000000000000000000e+00,0.000000000000000000e+00,1.000000000000000000e+00,0.000000000000000000e+00,9.860400186133084777e-01,9.517453798767968598e-01,5.243445692883899611e-02,0.000000000000000000e+00,1.000000000000000000e+00,0.000000000000000000e+00,4.999999999999998890e-01,0.000000000000000000e+00,1.000000000000000000e+00,4.999999999999997224e-01,8.066037735849055368e-01,2.727272727272727071e-01,1.385767790262172616e-01,0.000000000000000000e+00,0.000000000000000000e+00,0.000000000000000000e+00,0.000000000000000000e+00,0.000000000000000000e+00,3.571428571428572063e-01,6.703703703703702832e-01,2.407407407407406441e-01,5.043859649122804933e-01,5.000000000000000000e-01,3.448275862068971853e-01,1.428571428571428770e-01,6.666666666666667407e-01,0.000000000000000000e+00,0.000000000000000000e+00,5.000000000000000000e-01,5.371900826446276422e-01,5.000000000000001110e-01,0.000000000000000000e+00,0.000000000000000000e+00,0.000000000000000000e+00,0.000000000000000000e+00,0.000000000000000000e+00
0.000000000000000000e+00,5.190839694656488312e-01,0.000000000000000000e+00,1.000000000000000000e+00,0.000000000000000000e+00,9.090909090909089774e-02,5.555555555555571901e-02,8.843930635838153087e-01,9.943117178612057572e-01,1.000000000000000000e+00,0.000000000000000000e+00,0.000000000000000000e+00,1.000000000000000000e+00,0.000000000000000000e+00,1.000000000000000000e+00,0.000000000000000000e+00,9.860400186133084777e-01,9.517453798767968598e-01,5.243445692883899611e-02,0.000000000000000000e+00,1.000000000000000000e+00,0.000000000000000000e+00,4.999999999999998890e-01,0.000000000000000000e+00,1.000000000000000000e+00,4.999999999999997224e-01,8.066037735849055368e-01,2.727272727272727071e-01,1.385767790262172616e-01,0.000000000000000000e+00,0.000000000000000000e+00,0.000000000000000000e+00,0.000000000000000000e+00,0.000000000000000000e+00,3.571428571428572063e-01,7.037037037037036091e-01,2.407407407407406441e-01,5.043859649122804933e-01,5.000000000000000000e-01,2.758620689655177372e-01,1.428571428571428770e-01,6.666666666666667407e-01,0.000000000000000000e+00,0.000000000000000000e+00,5.000000000000000000e-01,5.371900826446276422e-01,5.000000000000001110e-01,0.000000000000000000e+00,0.000000000000000000e+00,0.000000000000000000e+00,0.000000000000000000e+00,0.000000000000000000e+00
0.000000000000000000e+00,5.190839694656488312e-01,0.000000000000000000e+00,1.000000000000000000e+00,0.000000000000000000e+00,9.090909090909089774e-02,5.555555555555571901e-02,8.843930635838153087e-01,9.943117178612057572e-01,1.000000000000000000e+00,0.000000000000000000e+00,0.000000000000000000e+00,1.000000000000000000e+00,0.000000000000000000e+00,1.000000000000000000e+00,0.000000000000000000e+00,9.860400186133084777e-01,9.517453798767968598e-01,5.243445692883899611e-02,0.000000000000000000e+00,1.000000000000000000e+00,0.000000000000000000e+00,4.999999999999998890e-01,0.000000000000000000e+00,1.000000000000000000e+00,4.999999999999997224e-01,8.066037735849055368e-01,2.727272727272727071e-01,1.385767790262172616e-01,0.000000000000000000e+00,0.000000000000000000e+00,0.000000000000000000e+00,0.000000000000000000e+00,0.000000000000000000e+00,3.571428571428572063e-01,7.037037037037036091e-01,2.407407407407406441e-01,5.043859649122804933e-01,5.000000000000000000e-01,2.758620689655177372e-01,1.428571428571428770e-01,6.666666666666667407e-01,0.000000000000000000e+00,0.000000000000000000e+00,5.000000000000000000e-01,5.371900826446276422e-01,5.000000000000001110e-01,0.000000000000000000e+00,0.000000000000000000e+00,0.000000000000000000e+00,0.000000000000000000e+00,0.000000000000000000e+00
0.000000000000000000e+00,5.190839694656488312e-01,0.000000000000000000e+00,1.000000000000000000e+00,0.000000000000000000e+00,9.090909090909089774e-02,5.555555555555571901e-02,8.843930635838153087e-01,9.943117178612057572e-01,1.000000000000000000e+00,0.000000000000000000e+00,0.000000000000000000e+00,1.000000000000000000e+00,0.000000000000000000e+00,1.000000000000000000e+00,0.000000000000000000e+00,9.860400186133084777e-01,9.517453798767968598e-01,5.243445692883899611e-02,0.000000000000000000e+00,1.000000000000000000e+00,0.000000000000000000e+00,4.999999999999998890e-01,0.000000000000000000e+00,1.000000000000000000e+00,4.999999999999997224e-01,8.066037735849055368e-01,2.727272727272727071e-01,1.385767790262172616e-01,0.000000000000000000e+00,0.000000000000000000e+00,0.000000000000000000e+00,0.000000000000000000e+00,0.000000000000000000e+00,3.571428571428572063e-01,7.037037037037036091e-01,2.407407407407406441e-01,5.043859649122804933e-01,7.500000000000000000e-01,4.827586206896560816e-01,1.428571428571428770e-01,6.666666666666667407e-01,0.000000000000000000e+00,0.000000000000000000e+00,5.000000000000000000e-01,5.371900826446276422e-01,5.000000000000001110e-01,0.000000000000000000e+00,0.000000000000000000e+00,0.000000000000000000e+00,0.000000000000000000e+00,0.000000000000000000e+00
0.000000000000000000e+00,5.114503816793892765e-01,0.000000000000000000e+00,1.000000000000000000e+00,0.000000000000000000e+00,9.090909090909089774e-02,5.555555555555571901e-02,8.843930635838153087e-01,9.954493742889647390e-01,1.000000000000000000e+00,0.000000000000000000e+00,0.000000000000000000e+00,1.000000000000000000e+00,0.000000000000000000e+00,1.000000000000000000e+00,0.000000000000000000e+00,9.860400186133084777e-01,9.517453798767968598e-01,5.243445692883899611e-02,0.000000000000000000e+00,1.000000000000000000e+00,0.000000000000000000e+00,4.999999999999998890e-01,0.000000000000000000e+00,1.000000000000000000e+00,4.999999999999997224e-01,8.066037735849055368e-01,2.727272727272727071e-01,1.385767790262172616e-01,0.000000000000000000e+00,0.000000000000000000e+00,0.000000000000000000e+00,0.000000000000000000e+00,0.000000000000000000e+00,3.571428571428572063e-01,7.037037037037036091e-01,2.407407407407406441e-01,3.508771929824568842e-02,7.500000000000000000e-01,7.241379310344822073e-01,1.428571428571428770e-01,6.666666666666667407e-01,0.000000000000000000e+00,0.000000000000000000e+00,5.000000000000000000e-01,5.371900826446276422e-01,5.000000000000001110e-01,0.000000000000000000e+00,0.000000000000000000e+00,0.000000000000000000e+00,0.000000000000000000e+00,0.000000000000000000e+00
0.000000000000000000e+00,5.076335877862595547e-01,0.000000000000000000e+00,1.000000000000000000e+00,0.000000000000000000e+00,9.090909090909089774e-02,5.555555555555571901e-02,8.843930635838153087e-01,9.954493742889647390e-01,1.000000000000000000e+00,0.000000000000000000e+00,0.000000000000000000e+00,1.000000000000000000e+00,0.000000000000000000e+00,1.000000000000000000e+00,0.000000000000000000e+00,9.883666821777570277e-01,9.517453798767968598e-01,5.243445692883899611e-02,0.000000000000000000e+00,1.000000000000000000e+00,0.000000000000000000e+00,4.999999999999998890e-01,0.000000000000000000e+00,1.000000000000000000e+00,4.999999999999997224e-01,8.066037735849055368e-01,2.727272727272727071e-01,1.404494382022472287e-01,0.000000000000000000e+00,0.000000000000000000e+00,0.000000000000000000e+00,0.000000000000000000e+00,0.000000000000000000e+00,3.571428571428572063e-01,7.037037037037036091e-01,2.407407407407406441e-01,1.929824561403513106e-01,7.500000000000000000e-01,8.620689655172411037e-01,1.428571428571428770e-01,6.666666666666667407e-01,0.000000000000000000e+00,0.000000000000000000e+00,5.000000000000000000e-01,5.371900826446276422e-01,5.000000000000001110e-01,0.000000000000000000e+00,0.000000000000000000e+00,0.000000000000000000e+00,0.000000000000000000e+00,0.000000000000000000e+00
0.000000000000000000e+00,5.038167938931298329e-01,0.000000000000000000e+00,1.000000000000000000e+00,0.000000000000000000e+00,9.090909090909089774e-02,5.555555555555571901e-02,8.786127167630061185e-01,9.954493742889647390e-01,1.000000000000000000e+00,0.000000000000000000e+00,0.000000000000000000e+00,1.000000000000000000e+00,0.000000000000000000e+00,1.000000000000000000e+00,0.000000000000000000e+00,9.883666821777570277e-01,9.517453798767968598e-01,5.617977528089889566e-02,0.000000000000000000e+00,1.000000000000000000e+00,0.000000000000000000e+00,4.999999999999998890e-01,0.000000000000000000e+00,1.000000000000000000e+00,4.999999999999997224e-01,8.066037735849055368e-01,3.636363636363635909e-01,1.404494382022472287e-01,0.000000000000000000e+00,0.000000000000000000e+00,0.000000000000000000e+00,0.000000000000000000e+00,0.000000000000000000e+00,3.571428571428572063e-01,7.037037037037036091e-01,2.407407407407406441e-01,3.859649122807017885e-01,7.500000000000000000e-01,8.620689655172411037e-01,1.428571428571428770e-01,6.666666666666667407e-01,0.000000000000000000e+00,0.000000000000000000e+00,5.000000000000000000e-01,5.371900826446276422e-01,5.000000000000001110e-01,0.000000000000000000e+00,0.000000000000000000e+00,0.000000000000000000e+00,0.000000000000000000e+00,0.000000000000000000e+00
0.000000000000000000e+00,5.038167938931298329e-01,0.000000000000000000e+00,1.000000000000000000e+00,0.000000000000000000e+00,9.090909090909089774e-02,5.555555555555571901e-02,8.786127167630061185e-01,9.954493742889647390e-01,1.000000000000000000e+00,0.000000000000000000e+00,0.000000000000000000e+00,1.000000000000000000e+00,0.000000000000000000e+00,1.000000000000000000e+00,0.000000000000000000e+00,9.883666821777570277e-01,9.517453798767968598e-01,5.617977528089889566e-02,0.000000000000000000e+00,1.000000000000000000e+00,0.000000000000000000e+00,4.999999999999998890e-01,0.000000000000000000e+00,1.000000000000000000e+00,4.999999999999997224e-01,8.066037735849055368e-01,3.636363636363635909e-01,1.385767790262172616e-01,0.000000000000000000e+00,0.000000000000000000e+00,0.000000000000000000e+00,0.000000000000000000e+00,0.000000000000000000e+00,3.571428571428572063e-01,7.037037037037036091e-01,2.407407407407406441e-01,3.859649122807017885e-01,6.249999999999998890e-01,7.413793103448269584e-01,1.428571428571428770e-01,6.666666666666667407e-01,0.000000000000000000e+00,0.000000000000000000e+00,5.000000000000000000e-01,5.371900826446276422e-01,5.000000000000001110e-01,0.000000000000000000e+00,0.000000000000000000e+00,0.000000000000000000e+00,0.000000000000000000e+00,0.000000000000000000e+00
0.000000000000000000e+00,5.000000000000000000e-01,0.000000000000000000e+00,1.000000000000000000e+00,0.000000000000000000e+00,9.090909090909089774e-02,5.555555555555571901e-02,8.786127167630061185e-01,9.954493742889647390e-01,1.000000000000000000e+00,0.000000000000000000e+00,0.000000000000000000e+00,1.000000000000000000e+00,0.000000000000000000e+00,1.000000000000000000e+00,0.000000000000000000e+00,9.906933457422055778e-01,9.517453798767968598e-01,5.243445692883899611e-02,0.000000000000000000e+00,1.000000000000000000e+00,0.000000000000000000e+00,4.999999999999998890e-01,0.000000000000000000e+00,1.000000000000000000e+00,4.999999999999997224e-01,8.066037735849055368e-01,6.363636363636363535e-01,1.404494382022472287e-01,0.000000000000000000e+00,0.000000000000000000e+00,0.000000000000000000e+00,0.000000000000000000e+00,0.000000000000000000e+00,3.571428571428572063e-01,7.037037037037036091e-01,2.175925925925927262e-01,3.859649122807017885e-01,6.249999999999998890e-01,4.482758620689663576e-01,5.714285714285715079e-01,6.666666666666667407e-01,0.000000000000000000e+00,0.000000000000000000e+00,5.000000000000000000e-01,5.371900826446276422e-01,5.000000000000001110e-01,0.000000000000000000e+00,0.000000000000000000e+00,0.000000000000000000e+00,0.000000000000000000e+00,0.000000000000000000e+00
0.000000000000000000e+00,5.000000000000000000e-01,0.000000000000000000e+00,1.000000000000000000e+00,0.000000000000000000e+00,9.090909090909089774e-02,5.555555555555571901e-02,8.786127167630061185e-01,9.943117178612057572e-01,1.000000000000000000e+00,0.000000000000000000e+00,0.000000000000000000e+00,1.000000000000000000e+00,0.000000000000000000e+00,1.000000000000000000e+00,0.000000000000000000e+00,9.930200093066542388e-01,9.517453798767968598e-01,5.617977528089889566e-02,0.000000000000000000e+00,1.000000000000000000e+00,0.000000000000000000e+00,4.999999999999998890e-01,0.000000000000000000e+00,1.000000000000000000e+00,4.999999999999997224e-01,8.066037735849055368e-01,7.272727272727271819e-01,1.385767790262172616e-01,0.000000000000000000e+00,0.000000000000000000e+00,0.000000000000000000e+00,0.000000000000000000e+00,0.000000000000000000e+00,3.571428571428572063e-01,7.037037037037036091e-01,2.175925925925927262e-01,3.859649122807017885e-01,6.249999999999998890e-01,3.620689655172420474e-01,5.714285714285715079e-01,6.666666666666667407e-01,0.000000000000000000e+00,0.000000000000000000e+00,5.000000000000000000e-01,5.371900826446276422e-01,5.000000000000001110e-01,0.000000000000000000e+00,0.000000000000000000e+00,0.000000000000000000e+00,0.000000000000000000e+00,0.000000000000000000e+00
0.000000000000000000e+00,4.961832061068702227e-01,0.000000000000000000e+00,1.000000000000000000e+00,0.000000000000000000e+00,9.090909090909089774e-02,5.555555555555571901e-02,8.786127167630061185e-01,9.943117178612057572e-01,1.000000000000000000e+00,0.000000000000000000e+00,0.000000000000000000e+00,1.000000000000000000e+00,0.000000000000000000e+00,1.000000000000000000e+00,0.000000000000000000e+00,9.883666821777570277e-01,9.517453798767968598e-01,5.617977528089889566e-02,0.000000000000000000e+00,1.000000000000000000e+00,0.000000000000000000e+00,4.999999999999998890e-01,0.000000000000000000e+00,1.000000000000000000e+00,4.999999999999997224e-01,8.066037735849055368e-01,7.272727272727271819e-01,1.385767790262172616e-01,0.000000000000000000e+00,0.000000000000000000e+00,0.000000000000000000e+00,0.000000000000000000e+00,0.000000000000000000e+00,3.571428571428572063e-01,7.037037037037036091e-01,2.175925925925927262e-01,3.859649122807017885e-01,6.249999999999998890e-01,3.620689655172420474e-01,5.714285714285715079e-01,6.666666666666667407e-01,0.000000000000000000e+00,0.000000000000000000e+00,5.000000000000000000e-01,5.371900826446276422e-01,5.000000000000001110e-01,0.000000000000000000e+00,0.000000000000000000e+00,0.000000000000000000e+00,0.000000000000000000e+00,0.000000000000000000e+00
0.000000000000000000e+00,4.961832061068702227e-01,0.000000000000000000e+00,1.000000000000000000e+00,0.000000000000000000e+00,9.090909090909089774e-02,5.555555555555571901e-02,8.786127167630061185e-01,9.943117178612057572e-01,1.000000000000000000e+00,0.000000000000000000e+00,0.000000000000000000e+00,1.000000000000000000e+00,0.000000000000000000e+00,1.000000000000000000e+00,0.000000000000000000e+00,9.883666821777570277e-01,9.517453798767968598e-01,5.617977528089889566e-02,0.000000000000000000e+00,1.000000000000000000e+00,0.000000000000000000e+00,4.999999999999998890e-01,0.000000000000000000e+00,1.000000000000000000e+00,4.999999999999997224e-01,8.066037735849055368e-01,7.272727272727271819e-01,1.385767790262172616e-01,0.000000000000000000e+00,0.000000000000000000e+00,0.000000000000000000e+00,0.000000000000000000e+00,0.000000000000000000e+00,3.571428571428572063e-01,7.037037037037036091e-01,2.175925925925927262e-01,3.859649122807017885e-01,6.249999999999998890e-01,4.137931034482766335e-01,5.714285714285715079e-01,6.666666666666667407e-01,0.000000000000000000e+00,0.000000000000000000e+00,5.000000000000000000e-01,5.371900826446276422e-01,5.000000000000001110e-01,0.000000000000000000e+00,0.000000000000000000e+00,0.000000000000000000e+00,0.000000000000000000e+00,0.000000000000000000e+00
0.000000000000000000e+00,4.923664122137404453e-01,0.000000000000000000e+00,1.000000000000000000e+00,0.000000000000000000e+00,9.090909090909089774e-02,5.555555555555571901e-02,8.786127167630061185e-01,9.943117178612057572e-01,1.000000000000000000e+00,0.000000000000000000e+00,0.000000000000000000e+00,1.000000000000000000e+00,0.000000000000000000e+00,1.000000000000000000e+00,0.000000000000000000e+00,9.883666821777570277e-01,9.517453798767968598e-01,5.617977528089889566e-02,0.000000000000000000e+00,1.000000000000000000e+00,0.000000000000000000e+00,4.999999999999998890e-01,0.000000000000000000e+00,1.000000000000000000e+00,4.999999999999997224e-01,8.066037735849055368e-01,8.181818181818181213e-01,1.385767790262172616e-01,0.000000000000000000e+00,0.000000000000000000e+00,0.000000000000000000e+00,0.000000000000000000e+00,0.000000000000000000e+00,3.571428571428572063e-01,7.481481481481483398e-01,2.175925925925927262e-01,3.859649122807017885e-01,5.000000000000000000e-01,5.172413793103457502e-01,5.714285714285715079e-01,6.666666666666667407e-01,0.000000000000000000e+00,0.000000000000000000e+00,5.000000000000000000e-01,5.371900826446276422e-01,5.000000000000001110e-01,0.000000000000000000e+00,0.000000000000000000e+00,0.000000000000000000e+00,0.000000000000000000e+00,0.000000000000000000e+00
0.000000000000000000e+00,4.885496183206106680e-01,0.000000000000000000e+00,1.000000000000000000e+00,0.000000000000000000e+00,9.090909090909089774e-02,5.555555555555571901e-02,8.786127167630061185e-01,9.943117178612057572e-01,1.000000000000000000e+00,0.000000000000000000e+00,0.000000000000000000e+00,1.000000000000000000e+00,0.000000000000000000e+00,1.000000000000000000e+00,0.000000000000000000e+00,9.883666821777570277e-01,9.517453798767968598e-01,5.243445692883899611e-02,0.000000000000000000e+00,1.000000000000000000e+00,0.000000000000000000e+00,4.999999999999998890e-01,0.000000000000000000e+00,1.000000000000000000e+00,4.999999999999997224e-01,8.066037735849055368e-01,8.181818181818181213e-01,1.385767790262172616e-01,0.000000000000000000e+00,0.000000000000000000e+00,0.000000000000000000e+00,0.000000000000000000e+00,0.000000000000000000e+00,3.571428571428572063e-01,7.481481481481483398e-01,2.175925925925927262e-01,3.859649122807017885e-01,5.000000000000000000e-01,6.034482758620682841e-01,5.714285714285715079e-01,6.666666666666667407e-01,0.000000000000000000e+00,0.000000000000000000e+00,5.000000000000000000e-01,5.371900826446276422e-01,5.000000000000001110e-01,0.000000000000000000e+00,0.000000000000000000e+00,0.000000000000000000e+00,0.000000000000000000e+00,0.000000000000000000e+00
0.000000000000000000e+00,4.847328244274809461e-01,0.000000000000000000e+00,1.000000000000000000e+00,0.000000000000000000e+00,9.090909090909089774e-02,5.555555555555571901e-02,8.786127167630061185e-01,9.943117178612057572e-01,1.000000000000000000e+00,0.000000000000000000e+00,0.000000000000000000e+00,1.000000000000000000e+00,0.000000000000000000e+00,1.000000000000000000e+00,0.000000000000000000e+00,9.883666821777570277e-01,9.527720739219713852e-01,5.617977528089889566e-02,0.000000000000000000e+00,1.000000000000000000e+00,0.000000000000000000e+00,4.999999999999998890e-01,0.000000000000000000e+00,1.000000000000000000e+00,4.999999999999997224e-01,8.066037735849055368e-01,8.181818181818181213e-01,1.385767790262172616e-01,0.000000000000000000e+00,0.000000000000000000e+00,0.000000000000000000e+00,0.000000000000000000e+00,0.000000000000000000e+00,3.571428571428572063e-01,7.481481481481483398e-01,2.175925925925927262e-01,3.859649122807017885e-01,5.000000000000000000e-01,5.000000000000008882e-01,5.714285714285715079e-01,6.666666666666667407e-01,0.000000000000000000e+00,0.000000000000000000e+00,5.000000000000000000e-01,5.371900826446276422e-01,5.000000000000001110e-01,0.000000000000000000e+00,0.000000000000000000e+00,0.000000000000000000e+00,0.000000000000000000e+00,0.000000000000000000e+00
0.000000000000000000e+00,4.809160305343511133e-01,0.000000000000000000e+00,1.000000000000000000e+00,0.000000000000000000e+00,9.090909090909089774e-02,5.555555555555571901e-02,8.786127167630061185e-01,9.943117178612057572e-01,1.000000000000000000e+00,0.000000000000000000e+00,0.000000000000000000e+00,1.000000000000000000e+00,0.000000000000000000e+00,1.000000000000000000e+00,0.000000000000000000e+00,9.883666821777570277e-01,9.527720739219713852e-01,5.617977528089889566e-02,0.000000000000000000e+00,1.000000000000000000e+00,0.000000000000000000e+00,4.999999999999998890e-01,0.000000000000000000e+00,1.000000000000000000e+00,4.999999999999997224e-01,8.066037735849055368e-01,8.181818181818181213e-01,1.385767790262172616e-01,0.000000000000000000e+00,0.000000000000000000e+00,0.000000000000000000e+00,0.000000000000000000e+00,0.000000000000000000e+00,3.571428571428572063e-01,7.481481481481483398e-01,2.175925925925927262e-01,3.859649122807017885e-01,6.249999999999998890e-01,4.827586206896560816e-01,5.714285714285715079e-01,6.666666666666667407e-01,0.000000000000000000e+00,0.000000000000000000e+00,5.000000000000000000e-01,5.371900826446276422e-01,5.000000000000001110e-01,0.000000000000000000e+00,0.000000000000000000e+00,0.000000000000000000e+00,0.000000000000000000e+00,0.000000000000000000e+00
0.000000000000000000e+00,4.809160305343511133e-01,0.000000000000000000e+00,1.000000000000000000e+00,0.000000000000000000e+00,9.090909090909089774e-02,5.555555555555571901e-02,8.786127167630061185e-01,9.943117178612057572e-01,1.000000000000000000e+00,0.000000000000000000e+00,0.000000000000000000e+00,1.000000000000000000e+00,0.000000000000000000e+00,1.000000000000000000e+00,0.000000000000000000e+00,9.883666821777570277e-01,9.527720739219713852e-01,5.243445692883899611e-02,0.000000000000000000e+00,1.000000000000000000e+00,0.000000000000000000e+00,4.999999999999998890e-01,0.000000000000000000e+00,1.000000000000000000e+00,4.999999999999997224e-01,8.066037735849055368e-01,6.363636363636363535e-01,1.385767790262172616e-01,0.000000000000000000e+00,0.000000000000000000e+00,0.000000000000000000e+00,0.000000000000000000e+00,0.000000000000000000e+00,3.571428571428572063e-01,7.481481481481483398e-01,2.175925925925927262e-01,3.859649122807017885e-01,6.249999999999998890e-01,4.655172413793112196e-01,8.571428571428570953e-01,6.666666666666667407e-01,0.000000000000000000e+00,0.000000000000000000e+00,5.000000000000000000e-01,5.371900826446276422e-01,1.666666666666666574e-01,0.000000000000000000e+00,0.000000000000000000e+00,0.000000000000000000e+00,0.000000000000000000e+00,0.000000000000000000e+00
0.000000000000000000e+00,4.770992366412213359e-01,0.000000000000000000e+00,1.000000000000000000e+00,0.000000000000000000e+00,9.090909090909089774e-02,5.555555555555571901e-02,8.786127167630061185e-01,9.943117178612057572e-01,1.000000000000000000e+00,0.000000000000000000e+00,0.000000000000000000e+00,1.000000000000000000e+00,0.000000000000000000e+00,1.000000000000000000e+00,0.000000000000000000e+00,9.883666821777570277e-01,9.517453798767968598e-01,5.617977528089889566e-02,0.000000000000000000e+00,1.000000000000000000e+00,0.000000000000000000e+00,4.999999999999998890e-01,0.000000000000000000e+00,1.000000000000000000e+00,4.999999999999997224e-01,7.594339622641509413e-01,6.363636363636363535e-01,1.385767790262172616e-01,0.000000000000000000e+00,0.000000000000000000e+00,0.000000000000000000e+00,0.000000000000000000e+00,0.000000000000000000e+00,3.571428571428572063e-01,7.481481481481483398e-01,2.175925925925927262e-01,3.859649122807017885e-01,6.249999999999998890e-01,3.448275862068971853e-01,1.000000000000000000e+00,6.666666666666667407e-01,0.000000000000000000e+00,0.000000000000000000e+00,2.500000000000000555e-01,5.371900826446276422e-01,1.666666666666666574e-01,0.000000000000000000e+00,0.000000000000000000e+00,0.000000000000000000e+00,0.000000000000000000e+00,0.000000000000000000e+00
0.000000000000000000e+00,4.770992366412213359e-01,0.000000000000000000e+00,1.000000000000000000e+00,0.000000000000000000e+00,9.090909090909089774e-02,8.333333333333363402e-02,8.786127167630061185e-01,9.943117178612057572e-01,1.000000000000000000e+00,0.000000000000000000e+00,0.000000000000000000e+00,1.000000000000000000e+00,0.000000000000000000e+00,1.000000000000000000e+00,0.000000000000000000e+00,9.883666821777570277e-01,9.517453798767968598e-01,5.617977528089889566e-02,0.000000000000000000e+00,1.000000000000000000e+00,0.000000000000000000e+00,4.999999999999998890e-01,0.000000000000000000e+00,1.000000000000000000e+00,4.999999999999997224e-01,7.500000000000001110e-01,6.363636363636363535e-01,1.367041198501873223e-01,0.000000000000000000e+00,0.000000000000000000e+00,0.000000000000000000e+00,0.000000000000000000e+00,0.000000000000000000e+00,3.571428571428572063e-01,7.481481481481483398e-01,2.175925925925927262e-01,3.859649122807017885e-01,6.249999999999998890e-01,2.586206896551728751e-01,1.000000000000000000e+00,6.666666666666667407e-01,0.000000000000000000e+00,0.000000000000000000e+00,2.500000000000000555e-01,5.371900826446276422e-01,1.666666666666666574e-01,0.000000000000000000e+00,0.000000000000000000e+00,0.000000000000000000e+00,0.000000000000000000e+00,0.000000000000000000e+00
0.000000000000000000e+00,4.732824427480915586e-01,0.000000000000000000e+00,1.000000000000000000e+00,0.000000000000000000e+00,9.090909090909089774e-02,8.333333333333363402e-02,8.786127167630061185e-01,9.943117178612057572e-01,1.000000000000000000e+00,0.000000000000000000e+00,0.000000000000000000e+00,1.000000000000000000e+00,0.000000000000000000e+00,1.000000000000000000e+00,0.000000000000000000e+00,9.883666821777570277e-01,9.517453798767968598e-01,5.617977528089889566e-02,0.000000000000000000e+00,1.000000000000000000e+00,0.000000000000000000e+00,4.999999999999998890e-01,0.000000000000000000e+00,1.000000000000000000e+00,4.999999999999997224e-01,7.500000000000001110e-01,5.454545454545454142e-01,1.385767790262172616e-01,0.000000000000000000e+00,0.000000000000000000e+00,0.000000000000000000e+00,0.000000000000000000e+00,0.000000000000000000e+00,3.571428571428572063e-01,7.481481481481483398e-01,2.175925925925927262e-01,3.859649122807017885e-01,6.249999999999998890e-01,3.275862068965523233e-01,1.000000000000000000e+00,6.666666666666667407e-01,0.000000000000000000e+00,0.000000000000000000e+00,2.500000000000000555e-01,5.371900826446276422e-01,1.666666666666666574e-01,0.000000000000000000e+00,0.000000000000000000e+00,0.000000000000000000e+00,0.000000000000000000e+00,0.000000000000000000e+00
0.000000000000000000e+00,4.694656488549617812e-01,0.000000000000000000e+00,1.000000000000000000e+00,0.000000000000000000e+00,9.090909090909089774e-02,8.333333333333363402e-02,8.786127167630061185e-01,9.943117178612057572e-01,1.000000000000000000e+00,0.000000000000000000e+00,0.000000000000000000e+00,1.000000000000000000e+00,0.000000000000000000e+00,1.000000000000000000e+00,0.000000000000000000e+00,9.883666821777570277e-01,9.517453798767968598e-01,5.617977528089889566e-02,0.000000000000000000e+00,1.000000000000000000e+00,0.000000000000000000e+00,4.999999999999998890e-01,0.000000000000000000e+00,1.000000000000000000e+00,4.999999999999997224e-01,7.500000000000001110e-01,4.545454545454545303e-01,1.385767790262172616e-01,0.000000000000000000e+00,0.000000000000000000e+00,0.000000000000000000e+00,0.000000000000000000e+00,0.000000000000000000e+00,3.571428571428572063e-01,7.481481481481483398e-01,2.175925925925927262e-01,3.859649122807017885e-01,6.249999999999998890e-01,3.620689655172420474e-01,1.000000000000000000e+00,6.666666666666667407e-01,0.000000000000000000e+00,0.000000000000000000e+00,2.500000000000000555e-01,5.371900826446276422e-01,3.333333333333333703e-01,0.000000000000000000e+00,0.000000000000000000e+00,0.000000000000000000e+00,0.000000000000000000e+00,0.000000000000000000e+00
0.000000000000000000e+00,4.694656488549617812e-01,0.000000000000000000e+00,1.000000000000000000e+00,0.000000000000000000e+00,9.090909090909089774e-02,8.333333333333363402e-02,8.843930635838153087e-01,9.943117178612057572e-01,1.000000000000000000e+00,0.000000000000000000e+00,0.000000000000000000e+00,1.000000000000000000e+00,0.000000000000000000e+00,1.000000000000000000e+00,0.000000000000000000e+00,9.883666821777570277e-01,9.517453798767968598e-01,5.617977528089889566e-02,0.000000000000000000e+00,1.000000000000000000e+00,0.000000000000000000e+00,4.999999999999998890e-01,0.000000000000000000e+00,1.000000000000000000e+00,4.999999999999997224e-01,7.500000000000001110e-01,4.545454545454545303e-01,1.385767790262172616e-01,0.000000000000000000e+00,0.000000000000000000e+00,0.000000000000000000e+00,0.000000000000000000e+00,0.000000000000000000e+00,3.571428571428572063e-01,7.481481481481483398e-01,2.175925925925927262e-01,3.859649122807017885e-01,6.249999999999998890e-01,3.620689655172420474e-01,1.000000000000000000e+00,6.666666666666667407e-01,0.000000000000000000e+00,0.000000000000000000e+00,2.500000000000000555e-01,5.371900826446276422e-01,3.333333333333333703e-01,0.000000000000000000e+00,0.000000000000000000e+00,0.000000000000000000e+00,0.000000000000000000e+00,0.000000000000000000e+00
0.000000000000000000e+00,4.656488549618320594e-01,0.000000000000000000e+00,1.000000000000000000e+00,0.000000000000000000e+00,9.090909090909089774e-02,8.333333333333363402e-02,8.843930635838153087e-01,9.943117178612057572e-01,1.000000000000000000e+00,0.000000000000000000e+00,0.000000000000000000e+00,1.000000000000000000e+00,0.000000000000000000e+00,1.000000000000000000e+00,0.000000000000000000e+00,9.883666821777570277e-01,9.517453798767968598e-01,5.992509363295883684e-02,0.000000000000000000e+00,1.000000000000000000e+00,0.000000000000000000e+00,4.999999999999998890e-01,0.000000000000000000e+00,1.000000000000000000e+00,4.999999999999997224e-01,7.500000000000001110e-01,4.545454545454545303e-01,1.385767790262172616e-01,0.000000000000000000e+00,0.000000000000000000e+00,0.000000000000000000e+00,0.000000000000000000e+00,0.000000000000000000e+00,3.571428571428572063e-01,7.481481481481483398e-01,2.175925925925927262e-01,3.859649122807017885e-01,6.249999999999998890e-01,5.689655172413785600e-01,7.142857142857143016e-01,6.666666666666667407e-01,0.000000000000000000e+00,0.000000000000000000e+00,5.000000000000000000e-01,5.371900826446276422e-01,3.333333333333333703e-01,0.000000000000000000e+00,0.000000000000000000e+00,0.000000000000000000e+00,0.000000000000000000e+00,0.000000000000000000e+00
0.000000000000000000e+00,4.618320610687022265e-01,0.000000000000000000e+00,1.000000000000000000e+00,0.000000000000000000e+00,9.090909090909089774e-02,8.333333333333363402e-02,8.843930635838153087e-01,9.943117178612057572e-01,1.000000000000000000e+00,0.000000000000000000e+00,0.000000000000000000e+00,1.000000000000000000e+00,0.000000000000000000e+00,1.000000000000000000e+00,0.000000000000000000e+00,9.883666821777570277e-01,9.517453798767968598e-01,5.617977528089889566e-02,0.000000000000000000e+00,1.000000000000000000e+00,0.000000000000000000e+00,4.999999999999998890e-01,0.000000000000000000e+00,1.000000000000000000e+00,4.999999999999997224e-01,7.500000000000001110e-01,4.545454545454545303e-01,1.385767790262172616e-01,0.000000000000000000e+00,0.000000000000000000e+00,0.000000000000000000e+00,0.000000000000000000e+00,0.000000000000000000e+00,3.571428571428572063e-01,7.481481481481483398e-01,2.175925925925927262e-01,3.859649122807017885e-01,6.249999999999998890e-01,4.827586206896560816e-01,7.142857142857143016e-01,6.666666666666667407e-01,0.000000000000000000e+00,0.000000000000000000e+00,5.000000000000000000e-01,5.371900826446276422e-01,3.333333333333333703e-01,0.000000000000000000e+00,0.000000000000000000e+00,0.000000000000000000e+00,0.000000000000000000e+00,0.000000000000000000e+00
0.000000000000000000e+00,4.618320610687022265e-01,0.000000000000000000e+00,1.000000000000000000e+00,0.000000000000000000e+00,9.090909090909089774e-02,1.388888888888893391e-01,8.843930635838153087e-01,9.943117178612057572e-01,1.000000000000000000e+00,0.000000000000000000e+00,0.000000000000000000e+00,1.000000000000000000e+00,0.000000000000000000e+00,1.000000000000000000e+00,0.000000000000000000e+00,9.883666821777570277e-01,9.517453798767968598e-01,5.617977528089889566e-02,0.000000000000000000e+00,1.000000000000000000e+00,0.000000000000000000e+00,4.999999999999998890e-01,0.000000000000000000e+00,1.000000000000000000e+00,4.999999999999997224e-01,7.500000000000001110e-01,4.545454545454545303e-01,1.385767790262172616e-01,0.000000000000000000e+00,0.000000000000000000e+00,0.000000000000000000e+00,0.000000000000000000e+00,0.000000000000000000e+00,3.571428571428572063e-01,7.481481481481483398e-01,2.175925925925927262e-01,3.859649122807017885e-01,6.249999999999998890e-01,3.448275862068971853e-01,2.857142857142857539e-01,6.666666666666667407e-01,0.000000000000000000e+00,0.000000000000000000e+00,5.000000000000000000e-01,5.371900826446276422e-01,3.333333333333333703e-01,0.000000000000000000e+00,0.000000000000000000e+00,0.000000000000000000e+00,0.000000000000000000e+00,0.000000000000000000e+00
0.000000000000000000e+00,4.580152671755725047e-01,0.000000000000000000e+00,1.000000000000000000e+00,0.000000000000000000e+00,9.090909090909089774e-02,1.388888888888893391e-01,8.843930635838153087e-01,9.943117178612057572e-01,1.000000000000000000e+00,0.000000000000000000e+00,0.000000000000000000e+00,1.000000000000000000e+00,0.000000000000000000e+00,1.000000000000000000e+00,0.000000000000000000e+00,9.883666821777570277e-01,9.517453798767968598e-01,5.617977528089889566e-02,0.000000000000000000e+00,1.000000000000000000e+00,0.000000000000000000e+00,4.999999999999998890e-01,0.000000000000000000e+00,1.000000000000000000e+00,4.999999999999997224e-01,7.594339622641509413e-01,4.545454545454545303e-01,1.385767790262172616e-01,0.000000000000000000e+00,0.000000000000000000e+00,0.000000000000000000e+00,0.000000000000000000e+00,0.000000000000000000e+00,3.571428571428572063e-01,7.481481481481483398e-01,2.175925925925927262e-01,3.859649122807017885e-01,6.249999999999998890e-01,3.448275862068971853e-01,2.857142857142857539e-01,6.666666666666667407e-01,0.000000000000000000e+00,0.000000000000000000e+00,5.000000000000000000e-01,5.371900826446276422e-01,3.333333333333333703e-01,0.000000000000000000e+00,0.000000000000000000e+00,0.000000000000000000e+00,0.000000000000000000e+00,0.000000000000000000e+00
0.000000000000000000e+00,4.580152671755725047e-01,0.000000000000000000e+00,1.000000000000000000e+00,0.000000000000000000e+00,9.090909090909089774e-02,1.388888888888893391e-01,8.843930635838153087e-01,9.943117178612057572e-01,1.000000000000000000e+00,0.000000000000000000e+00,0.000000000000000000e+00,1.000000000000000000e+00,0.000000000000000000e+00,1.000000000000000000e+00,0.000000000000000000e+00,9.883666821777570277e-01,9.517453798767968598e-01,5.992509363295883684e-02,0.000000000000000000e+00,1.000000000000000000e+00,0.000000000000000000e+00,4.999999999999998890e-01,0.000000000000000000e+00,1.000000000000000000e+00,4.999999999999997224e-01,8.066037735849055368e-01,5.454545454545454142e-01,1.404494382022472287e-01,0.000000000000000000e+00,0.000000000000000000e+00,0.000000000000000000e+00,0.000000000000000000e+00,0.000000000000000000e+00,3.571428571428572063e-01,7.481481481481483398e-01,2.175925925925927262e-01,3.859649122807017885e-01,6.249999999999998890e-01,2.586206896551728751e-01,2.857142857142857539e-01,6.666666666666667407e-01,0.000000000000000000e+00,0.000000000000000000e+00,5.000000000000000000e-01,5.371900826446276422e-01,3.333333333333333703e-01,0.000000000000000000e+00,0.000000000000000000e+00,0.000000000000000000e+00,0.000000000000000000e+00,0.000000000000000000e+00
0.000000000000000000e+00,4.541984732824427273e-01,0.000000000000000000e+00,1.000000000000000000e+00,0.000000000000000000e+00,4.545454545454544193e-02,1.388888888888893391e-01,8.786127167630061185e-01,9.943117178612057572e-01,1.000000000000000000e+00,0.000000000000000000e+00,0.000000000000000000e+00,1.000000000000000000e+00,0.000000000000000000e+00,1.000000000000000000e+00,0.000000000000000000e+00,9.906933457422055778e-01,9.517453798767968598e-01,5.617977528089889566e-02,0.000000000000000000e+00,1.000000000000000000e+00,0.000000000000000000e+00,4.999999999999998890e-01,0.000000000000000000e+00,1.000000000000000000e+00,4.999999999999997224e-01,8.066037735849055368e-01,6.363636363636363535e-01,1.404494382022472287e-01,0.000000000000000000e+00,0.000000000000000000e+00,0.000000000000000000e+00,0.000000000000000000e+00,0.000000000000000000e+00,3.571428571428572063e-01,7.481481481481483398e-01,2.175925925925927262e-01,3.859649122807017885e-01,6.249999999999998890e-01,3.275862068965523233e-01,1.428571428571428770e-01,6.666666666666667407e-01,0.000000000000000000e+00,0.000000000000000000e+00,5.000000000000000000e-01,5.371900826446276422e-01,3.333333333333333703e-01,0.000000000000000000e+00,0.000000000000000000e+00,0.000000000000000000e+00,0.000000000000000000e+00,0.000000000000000000e+00
0.000000000000000000e+00,4.503816793893128945e-01,0.000000000000000000e+00,1.000000000000000000e+00,0.000000000000000000e+00,4.545454545454544193e-02,1.388888888888893391e-01,8.786127167630061185e-01,9.943117178612057572e-01,1.000000000000000000e+00,0.000000000000000000e+00,0.000000000000000000e+00,1.000000000000000000e+00,0.000000000000000000e+00,1.000000000000000000e+00,0.000000000000000000e+00,9.906933457422055778e-01,9.517453798767968598e-01,5.992509363295883684e-02,0.000000000000000000e+00,1.000000000000000000e+00,0.000000000000000000e+00,4.999999999999998890e-01,0.000000000000000000e+00,1.000000000000000000e+00,4.999999999999997224e-01,8.066037735849055368e-01,6.363636363636363535e-01,1.423220973782771959e-01,0.000000000000000000e+00,0.000000000000000000e+00,0.000000000000000000e+00,0.000000000000000000e+00,0.000000000000000000e+00,3.571428571428572063e-01,7.481481481481483398e-01,2.175925925925927262e-01,3.859649122807017885e-01,5.000000000000000000e-01,3.620689655172420474e-01,1.428571428571428770e-01,6.666666666666667407e-01,0.000000000000000000e+00,0.000000000000000000e+00,5.000000000000000000e-01,5.371900826446276422e-01,3.333333333333333703e-01,0.000000000000000000e+00,0.000000000000000000e+00,0.000000000000000000e+00,0.000000000000000000e+00,0.000000000000000000e+00
0.000000000000000000e+00,4.465648854961831726e-01,0.000000000000000000e+00,1.000000000000000000e+00,0.000000000000000000e+00,4.545454545454544193e-02,1.388888888888893391e-01,8.786127167630061185e-01,9.931740614334468864e-01,1.000000000000000000e+00,0.000000000000000000e+00,0.000000000000000000e+00,1.000000000000000000e+00,0.000000000000000000e+00,1.000000000000000000e+00,0.000000000000000000e+00,9.906933457422055778e-01,9.517453798767968598e-01,5.992509363295883684e-02,0.000000000000000000e+00,1.000000000000000000e+00,0.000000000000000000e+00,4.999999999999998890e-01,0.000000000000000000e+00,1.000000000000000000e+00,4.999999999999997224e-01,8.066037735849055368e-01,6.363636363636363535e-01,1.423220973782771959e-01,0.000000000000000000e+00,0.000000000000000000e+00,0.000000000000000000e+00,0.000000000000000000e+00,0.000000000000000000e+00,3.571428571428572063e-01,7.481481481481483398e-01,2.175925925925927262e-01,3.859649122807017885e-01,5.000000000000000000e-01,4.482758620689663576e-01,1.428571428571428770e-01,6.666666666666667407e-01,0.000000000000000000e+00,0.000000000000000000e+00,5.000000000000000000e-01,5.371900826446276422e-01,3.333333333333333703e-01,0.000000000000000000e+00,0.000000000000000000e+00,0.000000000000000000e+00,0.000000000000000000e+00,0.000000000000000000e+00
0.000000000000000000e+00,4.465648854961831726e-01,0.000000000000000000e+00,1.000000000000000000e+00,0.000000000000000000e+00,4.545454545454544193e-02,1.388888888888893391e-01,8.786127167630061185e-01,9.931740614334468864e-01,1.000000000000000000e+00,0.000000000000000000e+00,0.000000000000000000e+00,1.000000000000000000e+00,0.000000000000000000e+00,1.000000000000000000e+00,0.000000000000000000e+00,9.906933457422055778e-01,9.517453798767968598e-01,5.992509363295883684e-02,0.000000000000000000e+00,1.000000000000000000e+00,0.000000000000000000e+00,4.999999999999998890e-01,0.000000000000000000e+00,1.000000000000000000e+00,4.999999999999997224e-01,8.066037735849055368e-01,6.363636363636363535e-01,1.423220973782771959e-01,0.000000000000000000e+00,0.000000000000000000e+00,0.000000000000000000e+00,0.000000000000000000e+00,0.000000000000000000e+00,3.571428571428572063e-01,7.481481481481483398e-01,2.175925925925927262e-01,3.859649122807017885e-01,5.000000000000000000e-01,4.827586206896560816e-01,1.428571428571428770e-01,6.666666666666667407e-01,0.000000000000000000e+00,0.000000000000000000e+00,5.000000000000000000e-01,5.371900826446276422e-01,3.333333333333333703e-01,0.000000000000000000e+00,0.000000000000000000e+00,0.000000000000000000e+00,0.000000000000000000e+00,0.000000000000000000e+00
0.000000000000000000e+00,4.427480916030533398e-01,0.000000000000000000e+00,1.000000000000000000e+00,0.000000000000000000e+00,4.545454545454544193e-02,8.333333333333363402e-02,8.786127167630061185e-01,9.931740614334468864e-01,1.000000000000000000e+00,0.000000000000000000e+00,0.000000000000000000e+00,1.000000000000000000e+00,0.000000000000000000e+00,1.000000000000000000e+00,0.000000000000000000e+00,9.906933457422055778e-01,9.517453798767968598e-01,5.992509363295883684e-02,0.000000000000000000e+00,1.000000000000000000e+00,0.000000000000000000e+00,4.999999999999998890e-01,0.000000000000000000e+00,1.000000000000000000e+00,4.999999999999997224e-01,8.066037735849055368e-01,5.454545454545454142e-01,1.423220973782771959e-01,0.000000000000000000e+00,0.000000000000000000e+00,0.000000000000000000e+00,0.000000000000000000e+00,0.000000000000000000e+00,3.571428571428572063e-01,7.481481481481483398e-01,2.175925925925927262e-01,3.859649122807017885e-01,5.000000000000000000e-01,5.862068965517233110e-01,5.714285714285715079e-01,5.000000000000000000e-01,0.000000000000000000e+00,0.000000000000000000e+00,5.000000000000000000e-01,5.371900826446276422e-01,3.333333333333333703e-01,0.000000000000000000e+00,0.000000000000000000e+00,0.000000000000000000e+00,0.000000000000000000e+00,0.000000000000000000e+00
0.000000000000000000e+00,4.427480916030533398e-01,0.000000000000000000e+00,1.000000000000000000e+00,0.000000000000000000e+00,4.545454545454544193e-02,8.333333333333363402e-02,8.786127167630061185e-01,9.931740614334468864e-01,1.000000000000000000e+00,0.000000000000000000e+00,0.000000000000000000e+00,1.000000000000000000e+00,0.000000000000000000e+00,1.000000000000000000e+00,0.000000000000000000e+00,9.906933457422055778e-01,9.517453798767968598e-01,5.992509363295883684e-02,0.000000000000000000e+00,1.000000000000000000e+00,0.000000000000000000e+00,4.999999999999998890e-01,0.000000000000000000e+00,1.000000000000000000e+00,4.999999999999997224e-01,8.066037735849055368e-01,4.545454545454545303e-01,1.423220973782771959e-01,0.000000000000000000e+00,0.000000000000000000e+00,0.000000000000000000e+00,0.000000000000000000e+00,0.000000000000000000e+00,3.571428571428572063e-01,7.481481481481483398e-01,2.175925925925927262e-01,3.859649122807017885e-01,5.000000000000000000e-01,6.206896551724130351e-01,7.142857142857143016e-01,2.499999999999999722e-01,0.000000000000000000e+00,0.000000000000000000e+00,5.000000000000000000e-01,5.371900826446276422e-01,3.333333333333333703e-01,0.000000000000000000e+00,0.000000000000000000e+00,0.000000000000000000e+00,0.000000000000000000e+00,0.000000000000000000e+00
0.000000000000000000e+00,4.427480916030533398e-01,0.000000000000000000e+00,1.000000000000000000e+00,0.000000000000000000e+00,4.545454545454544193e-02,8.333333333333363402e-02,8.786127167630061185e-01,9.943117178612057572e-01,1.000000000000000000e+00,0.000000000000000000e+00,0.000000000000000000e+00,1.000000000000000000e+00,0.000000000000000000e+00,1.000000000000000000e+00,0.000000000000000000e+00,9.906933457422055778e-01,9.507186858316222233e-01,5.992509363295883684e-02,0.000000000000000000e+00,1.000000000000000000e+00,0.000000000000000000e+00,4.999999999999998890e-01,0.000000000000000000e+00,1.000000000000000000e+00,4.999999999999997224e-01,8.066037735849055368e-01,5.454545454545454142e-01,1.423220973782771959e-01,0.000000000000000000e+00,0.000000000000000000e+00,0.000000000000000000e+00,0.000000000000000000e+00,0.000000000000000000e+00,3.571428571428572063e-01,7.481481481481483398e-01,2.175925925925927262e-01,3.859649122807017885e-01,5.000000000000000000e-01,3.965517241379317714e-01,7.142857142857143016e-01,2.499999999999999722e-01,0.000000000000000000e+00,0.000000000000000000e+00,5.000000000000000000e-01,5.371900826446276422e-01,6.666666666666667407e-01,0.000000000000000000e+00,0.000000000000000000e+00,0.000000000000000000e+00,0.000000000000000000e+00,0.000000000000000000e+00
0.000000000000000000e+00,4.427480916030533398e-01,0.000000000000000000e+00,1.000000000000000000e+00,0.000000000000000000e+00,4.545454545454544193e-02,8.333333333333363402e-02,8.786127167630061185e-01,9.943117178612057572e-01,1.000000000000000000e+00,0.000000000000000000e+00,0.000000000000000000e+00,1.000000000000000000e+00,0.000000000000000000e+00,1.000000000000000000e+00,0.000000000000000000e+00,9.906933457422055778e-01,9.507186858316222233e-01,5.992509363295883684e-02,0.000000000000000000e+00,1.000000000000000000e+00,0.000000000000000000e+00,4.999999999999998890e-01,0.000000000000000000e+00,1.000000000000000000e+00,4.999999999999997224e-01,8.066037735849055368e-01,5.454545454545454142e-01,1.423220973782771959e-01,0.000000000000000000e+00,0.000000000000000000e+00,0.000000000000000000e+00,0.000000000000000000e+00,0.000000000000000000e+00,3.571428571428572063e-01,7.481481481481483398e-01,2.175925925925927262e-01,3.859649122807017885e-01,5.000000000000000000e-01,3.965517241379317714e-01,7.142857142857143016e-01,2.499999999999999722e-01,0.000000000000000000e+00,0.000000000000000000e+00,5.000000000000000000e-01,5.371900826446276422e-01,6.666666666666667407e-01,0.000000000000000000e+00,0.000000000000000000e+00,0.000000000000000000e+00,0.000000000000000000e+00,0.000000000000000000e+00
0.000000000000000000e+00,4.389312977099236179e-01,0.000000000000000000e+00,1.000000000000000000e+00,0.000000000000000000e+00,4.545454545454544193e-02,8.333333333333363402e-02,8.786127167630061185e-01,9.943117178612057572e-01,1.000000000000000000e+00,0.000000000000000000e+00,0.000000000000000000e+00,1.000000000000000000e+00,0.000000000000000000e+00,1.000000000000000000e+00,0.000000000000000000e+00,9.906933457422055778e-01,9.507186858316222233e-01,5.992509363295883684e-02,0.000000000000000000e+00,1.000000000000000000e+00,0.000000000000000000e+00,4.999999999999998890e-01,0.000000000000000000e+00,1.000000000000000000e+00,4.999999999999997224e-01,8.066037735849055368e-01,6.363636363636363535e-01,1.404494382022472287e-01,0.000000000000000000e+00,0.000000000000000000e+00,0.000000000000000000e+00,0.000000000000000000e+00,0.000000000000000000e+00,3.571428571428572063e-01,7.555555555555555358e-01,2.175925925925927262e-01,3.859649122807017885e-01,6.249999999999998890e-01,3.620689655172420474e-01,7.142857142857143016e-01,2.499999999999999722e-01,0.000000000000000000e+00,0.000000000000000000e+00,5.000000000000000000e-01,5.371900826446276422e-01,6.666666666666667407e-01,0.000000000000000000e+00,0.000000000000000000e+00,0.000000000000000000e+00,0.000000000000000000e+00,0.000000000000000000e+00
0.000000000000000000e+00,4.351145038167938406e-01,0.000000000000000000e+00,1.000000000000000000e+00,0.000000000000000000e+00,4.545454545454544193e-02,8.333333333333363402e-02,8.786127167630061185e-01,9.943117178612057572e-01,1.000000000000000000e+00,0.000000000000000000e+00,0.000000000000000000e+00,1.000000000000000000e+00,0.000000000000000000e+00,1.000000000000000000e+00,0.000000000000000000e+00,9.906933457422055778e-01,9.507186858316222233e-01,5.992509363295883684e-02,0.000000000000000000e+00,1.000000000000000000e+00,0.000000000000000000e+00,4.999999999999998890e-01,0.000000000000000000e+00,1.000000000000000000e+00,4.999999999999997224e-01,8.066037735849055368e-01,7.272727272727271819e-01,1.423220973782771959e-01,0.000000000000000000e+00,0.000000000000000000e+00,0.000000000000000000e+00,0.000000000000000000e+00,0.000000000000000000e+00,3.571428571428572063e-01,7.962962962962962798e-01,2.175925925925927262e-01,3.859649122807017885e-01,6.249999999999998890e-01,2.758620689655177372e-01,1.428571428571428770e-01,2.499999999999999722e-01,0.000000000000000000e+00,0.000000000000000000e+00,5.000000000000000000e-01,5.371900826446276422e-01,6.666666666666667407e-01,0.000000000000000000e+00,0.000000000000000000e+00,0.000000000000000000e+00,0.000000000000000000e+00,0.000000000000000000e+00
0.000000000000000000e+00,4.351145038167938406e-01,0.000000000000000000e+00,1.000000000000000000e+00,0.000000000000000000e+00,4.545454545454544193e-02,8.333333333333363402e-02,8.786127167630061185e-01,9.943117178612057572e-01,1.000000000000000000e+00,0.000000000000000000e+00,0.000000000000000000e+00,1.000000000000000000e+00,0.000000000000000000e+00,1.000000000000000000e+00,0.000000000000000000e+00,9.906933457422055778e-01,9.507186858316222233e-01,6.367041198501878496e-02,0.000000000000000000e+00,1.000000000000000000e+00,0.000000000000000000e+00,4.999999999999998890e-01,0.000000000000000000e+00,1.000000000000000000e+00,4.999999999999997224e-01,8.066037735849055368e-01,7.272727272727271819e-01,1.423220973782771959e-01,0.000000000000000000e+00,0.000000000000000000e+00,0.000000000000000000e+00,0.000000000000000000e+00,0.000000000000000000e+00,3.571428571428572063e-01,7.962962962962962798e-01,2.175925925925927262e-01,3.859649122807017885e-01,7.500000000000000000e-01,2.758620689655177372e-01,1.428571428571428770e-01,6.666666666666667407e-01,0.000000000000000000e+00,0.000000000000000000e+00,7.500000000000000000e-01,5.371900826446276422e-01,6.666666666666667407e-01,0.000000000000000000e+00,0.000000000000000000e+00,0.000000000000000000e+00,0.000000000000000000e+00,0.000000000000000000e+00
0.000000000000000000e+00,4.312977099236640632e-01,0.000000000000000000e+00,1.000000000000000000e+00,0.000000000000000000e+00,4.545454545454544193e-02,8.333333333333363402e-02,8.786127167630061185e-01,9.943117178612057572e-01,1.000000000000000000e+00,0.000000000000000000e+00,0.000000000000000000e+00,1.000000000000000000e+00,0.000000000000000000e+00,1.000000000000000000e+00,0.000000000000000000e+00,9.906933457422055778e-01,9.517453798767968598e-01,5.992509363295883684e-02,0.000000000000000000e+00,1.000000000000000000e+00,0.000000000000000000e+00,4.999999999999998890e-01,0.000000000000000000e+00,1.000000000000000000e+00,4.999999999999997224e-01,8.066037735849055368e-01,8.181818181818181213e-01,1.423220973782771959e-01,0.000000000000000000e+00,0.000000000000000000e+00,0.000000000000000000e+00,0.000000000000000000e+00,0.000000000000000000e+00,3.571428571428572063e-01,7.962962962962962798e-01,2.175925925925927262e-01,3.859649122807017885e-01,7.500000000000000000e-01,4.482758620689663576e-01,4.285714285714285476e-01,6.666666666666667407e-01,0.000000000000000000e+00,0.000000000000000000e+00,7.500000000000000000e-01,5.371900826446276422e-01,6.666666666666667407e-01,0.000000000000000000e+00,0.000000000000000000e+00,0.000000000000000000e+00,0.000000000000000000e+00,0.000000000000000000e+00
0.000000000000000000e+00,4.312977099236640632e-01,0.000000000000000000e+00,1.000000000000000000e+00,0.000000000000000000e+00,4.545454545454544193e-02,8.333333333333363402e-02,8.670520231213875162e-01,9.943117178612057572e-01,1.000000000000000000e+00,0.000000000000000000e+00,0.000000000000000000e+00,1.000000000000000000e+00,0.000000000000000000e+00,1.000000000000000000e+00,0.000000000000000000e+00,9.906933457422055778e-01,9.517453798767968598e-01,6.367041198501878496e-02,0.000000000000000000e+00,1.000000000000000000e+00,0.000000000000000000e+00,4.999999999999998890e-01,0.000000000000000000e+00,1.000000000000000000e+00,4.999999999999997224e-01,8.066037735849055368e-01,9.090909090909090606e-01,1.423220973782771959e-01,0.000000000000000000e+00,0.000000000000000000e+00,0.000000000000000000e+00,0.000000000000000000e+00,0.000000000000000000e+00,3.571428571428572063e-01,7.962962962962962798e-01,2.083333333333334814e-01,3.859649122807017885e-01,7.500000000000000000e-01,6.034482758620682841e-01,7.142857142857143016e-01,6.666666666666667407e-01,0.000000000000000000e+00,0.000000000000000000e+00,7.500000000000000000e-01,5.371900826446276422e-01,6.666666666666667407e-01,0.000000000000000000e+00,0.000000000000000000e+00,0.000000000000000000e+00,0.000000000000000000e+00,0.000000000000000000e+00
0.000000000000000000e+00,4.274809160305342859e-01,0.000000000000000000e+00,1.000000000000000000e+00,0.000000000000000000e+00,4.545454545454544193e-02,8.333333333333363402e-02,8.670520231213875162e-01,9.943117178612057572e-01,1.000000000000000000e+00,0.000000000000000000e+00,0.000000000000000000e+00,1.000000000000000000e+00,0.000000000000000000e+00,1.000000000000000000e+00,0.000000000000000000e+00,9.930200093066542388e-01,9.527720739219713852e-01,6.367041198501878496e-02,0.000000000000000000e+00,1.000000000000000000e+00,0.000000000000000000e+00,4.999999999999998890e-01,0.000000000000000000e+00,1.000000000000000000e+00,4.999999999999997224e-01,8.066037735849055368e-01,9.090909090909090606e-01,1.404494382022472287e-01,0.000000000000000000e+00,0.000000000000000000e+00,0.000000000000000000e+00,0.000000000000000000e+00,0.000000000000000000e+00,3.571428571428572063e-01,7.962962962962962798e-01,1.898148148148149361e-01,3.859649122807017885e-01,7.500000000000000000e-01,7.241379310344822073e-01,1.428571428571428770e-01,6.666666666666667407e-01,0.000000000000000000e+00,0.000000000000000000e+00,7.500000000000000000e-01,5.371900826446276422e-01,6.666666666666667407e-01,0.000000000000000000e+00,0.000000000000000000e+00,0.000000000000000000e+00,0.000000000000000000e+00,0.000000000000000000e+00
0.000000000000000000e+00,4.236641221374044530e-01,0.000000000000000000e+00,1.000000000000000000e+00,0.000000000000000000e+00,4.545454545454544193e-02,8.333333333333363402e-02,8.670520231213875162e-01,9.943117178612057572e-01,1.000000000000000000e+00,0.000000000000000000e+00,0.000000000000000000e+00,1.000000000000000000e+00,0.000000000000000000e+00,1.000000000000000000e+00,0.000000000000000000e+00,9.930200093066542388e-01,9.527720739219713852e-01,6.367041198501878496e-02,0.000000000000000000e+00,1.000000000000000000e+00,0.000000000000000000e+00,4.999999999999998890e-01,0.000000000000000000e+00,1.000000000000000000e+00,4.999999999999997224e-01,8.066037735849055368e-01,9.090909090909090606e-01,1.423220973782771959e-01,0.000000000000000000e+00,0.000000000000000000e+00,0.000000000000000000e+00,0.000000000000000000e+00,0.000000000000000000e+00,3.571428571428572063e-01,7.962962962962962798e-01,1.898148148148149361e-01,1.535087719298250941e-01,7.500000000000000000e-01,7.241379310344822073e-01,1.428571428571428770e-01,6.666666666666667407e-01,0.000000000000000000e+00,0.000000000000000000e+00,7.500000000000000000e-01,5.371900826446276422e-01,6.666666666666667407e-01,0.000000000000000000e+00,0.000000000000000000e+00,0.000000000000000000e+00,0.000000000000000000e+00,0.000000000000000000e+00
0.000000000000000000e+00,4.236641221374044530e-01,0.000000000000000000e+00,1.000000000000000000e+00,0.000000000000000000e+00,4.545454545454544193e-02,8.333333333333363402e-02,8.670520231213875162e-01,9.943117178612057572e-01,1.000000000000000000e+00,0.000000000000000000e+00,0.000000000000000000e+00,1.000000000000000000e+00,0.000000000000000000e+00,1.000000000000000000e+00,0.000000000000000000e+00,9.930200093066542388e-01,9.537987679671459107e-01,6.367041198501878496e-02,0.000000000000000000e+00,1.000000000000000000e+00,0.000000000000000000e+00,4.999999999999998890e-01,0.000000000000000000e+00,1.000000000000000000e+00,4.999999999999997224e-01,8.066037735849055368e-01,9.090909090909090606e-01,1.423220973782771959e-01,0.000000000000000000e+00,0.000000000000000000e+00,0.000000000000000000e+00,0.000000000000000000e+00,0.000000000000000000e+00,3.571428571428572063e-01,7.962962962962962798e-01,1.898148148148149361e-01,1.535087719298250941e-01,7.500000000000000000e-01,6.206896551724130351e-01,1.428571428571428770e-01,6.666666666666667407e-01,0.000000000000000000e+00,0.000000000000000000e+00,7.500000000000000000e-01,5.371900826446276422e-01,6.666666666666667407e-01,0.000000000000000000e+00,0.000000000000000000e+00,0.000000000000000000e+00,0.000000000000000000e+00,0.000000000000000000e+00
0.000000000000000000e+00,4.160305343511449538e-01,0.000000000000000000e+00,1.000000000000000000e+00,0.000000000000000000e+00,4.545454545454544193e-02,8.333333333333363402e-02,8.670520231213875162e-01,9.943117178612057572e-01,1.000000000000000000e+00,0.000000000000000000e+00,0.000000000000000000e+00,1.000000000000000000e+00,0.000000000000000000e+00,1.000000000000000000e+00,0.000000000000000000e+00,9.906933457422055778e-01,9.537987679671459107e-01,6.367041198501878496e-02,0.000000000000000000e+00,1.000000000000000000e+00,0.000000000000000000e+00,4.999999999999998890e-01,0.000000000000000000e+00,1.000000000000000000e+00,4.999999999999997224e-01,8.066037735849055368e-01,7.272727272727271819e-01,1.423220973782771959e-01,0.000000000000000000e+00,0.000000000000000000e+00,0.000000000000000000e+00,0.000000000000000000e+00,0.000000000000000000e+00,3.571428571428572063e-01,7.962962962962962798e-01,1.898148148148149361e-01,1.535087719298250941e-01,7.500000000000000000e-01,4.827586206896560816e-01,1.428571428571428770e-01,6.666666666666667407e-01,0.000000000000000000e+00,0.000000000000000000e+00,7.500000000000000000e-01,5.371900826446276422e-01,6.666666666666667407e-01,0.000000000000000000e+00,0.000000000000000000e+00,0.000000000000000000e+00,0.000000000000000000e+00,0.000000000000000000e+00
0.000000000000000000e+00,4.160305343511449538e-01,0.000000000000000000e+00,1.000000000000000000e+00,0.000000000000000000e+00,4.545454545454544193e-02,8.333333333333363402e-02,8.670520231213875162e-01,9.943117178612057572e-01,1.000000000000000000e+00,0.000000000000000000e+00,0.000000000000000000e+00,1.000000000000000000e+00,0.000000000000000000e+00,1.000000000000000000e+00,0.000000000000000000e+00,9.906933457422055778e-01,9.537987679671459107e-01,6.367041198501878496e-02,0.000000000000000000e+00,1.000000000000000000e+00,0.000000000000000000e+00,4.999999999999998890e-01,0.000000000000000000e+00,1.000000000000000000e+00,4.999999999999997224e-01,8.066037735849055368e-01,7.272727272727271819e-01,1.404494382022472287e-01,0.000000000000000000e+00,0.000000000000000000e+00,0.000000000000000000e+00,0.000000000000000000e+00,0.000000000000000000e+00,3.571428571428572063e-01,7.962962962962962798e-01,1.898148148148149361e-01,1.535087719298250941e-01,7.500000000000000000e-01,3.620689655172420474e-01,5.714285714285715079e-01,6.666666666666667407e-01,0.000000000000000000e+00,0.000000000000000000e+00,5.000000000000000000e-01,5.371900826446276422e-01,6.666666666666667407e-01,0.000000000000000000e+00,0.000000000000000000e+00,0.000000000000000000e+00,0.000000000000000000e+00,0.000000000000000000e+00
0.000000000000000000e+00,4.160305343511449538e-01,0.000000000000000000e+00,1.000000000000000000e+00,0.000000000000000000e+00,4.545454545454544193e-02,8.333333333333363402e-02,8.670520231213875162e-01,9.943117178612057572e-01,1.000000000000000000e+00,0.000000000000000000e+00,0.000000000000000000e+00,1.000000000000000000e+00,0.000000000000000000e+00,1.000000000000000000e+00,0.000000000000000000e+00,9.906933457422055778e-01,9.537987679671459107e-01,6.367041198501878496e-02,0.000000000000000000e+00,1.000000000000000000e+00,0.000000000000000000e+00,4.999999999999998890e-01,0.000000000000000000e+00,1.000000000000000000e+00,4.999999999999997224e-01,8.066037735849055368e-01,7.272727272727271819e-01,1.423220973782771959e-01,0.000000000000000000e+00,0.000000000000000000e+00,0.000000000000000000e+00,0.000000000000000000e+00,0.000000000000000000e+00,3.571428571428572063e-01,7.962962962962962798e-01,1.898148148148149361e-01,1.535087719298250941e-01,7.500000000000000000e-01,3.448275862068971853e-01,1.428571428571428770e-01,6.666666666666667407e-01,0.000000000000000000e+00,0.000000000000000000e+00,5.000000000000000000e-01,5.371900826446276422e-01,6.666666666666667407e-01,0.000000000000000000e+00,0.000000000000000000e+00,0.000000000000000000e+00,0.000000000000000000e+00,0.000000000000000000e+00
0.000000000000000000e+00,4.122137404580152320e-01,0.000000000000000000e+00,1.000000000000000000e+00,0.000000000000000000e+00,4.545454545454544193e-02,8.333333333333363402e-02,8.670520231213875162e-01,9.943117178612057572e-01,1.000000000000000000e+00,0.000000000000000000e+00,0.000000000000000000e+00,1.000000000000000000e+00,0.000000000000000000e+00,1.000000000000000000e+00,0.000000000000000000e+00,9.883666821777570277e-01,9.537987679671459107e-01,6.741573033707871920e-02,0.000000000000000000e+00,1.000000000000000000e+00,0.000000000000000000e+00,4.999999999999998890e-01,0.000000000000000000e+00,1.000000000000000000e+00,4.999999999999997224e-01,8.066037735849055368e-01,5.454545454545454142e-01,1.423220973782771959e-01,0.000000000000000000e+00,0.000000000000000000e+00,0.000000000000000000e+00,0.000000000000000000e+00,0.000000000000000000e+00,3.571428571428572063e-01,7.962962962962962798e-01,1.898148148148149361e-01,1.535087719298250941e-01,7.500000000000000000e-01,2.586206896551728751e-01,0.000000000000000000e+00,6.666666666666667407e-01,0.000000000000000000e+00,0.000000000000000000e+00,5.000000000000000000e-01,5.371900826446276422e-01,3.333333333333333703e-01,0.000000000000000000e+00,0.000000000000000000e+00,0.000000000000000000e+00,0.000000000000000000e+00,0.000000000000000000e+00
0.000000000000000000e+00,4.083969465648853991e-01,0.000000000000000000e+00,1.000000000000000000e+00,0.000000000000000000e+00,4.545454545454544193e-02,8.333333333333363402e-02,8.670520231213875162e-01,9.943117178612057572e-01,1.000000000000000000e+00,0.000000000000000000e+00,0.000000000000000000e+00,1.000000000000000000e+00,0.000000000000000000e+00,1.000000000000000000e+00,0.000000000000000000e+00,9.883666821777570277e-01,9.527720739219713852e-01,6.741573033707871920e-02,0.000000000000000000e+00,1.000000000000000000e+00,0.000000000000000000e+00,4.999999999999998890e-01,0.000000000000000000e+00,1.000000000000000000e+00,4.999999999999997224e-01,8.066037735849055368e-01,4.545454545454545303e-01,1.423220973782771959e-01,0.000000000000000000e+00,0.000000000000000000e+00,0.000000000000000000e+00,0.000000000000000000e+00,0.000000000000000000e+00,3.571428571428572063e-01,7.962962962962962798e-01,1.898148148148149361e-01,3.114035087719299044e-01,7.500000000000000000e-01,3.448275862068971853e-01,0.000000000000000000e+00,6.666666666666667407e-01,0.000000000000000000e+00,0.000000000000000000e+00,5.000000000000000000e-01,5.371900826446276422e-01,3.333333333333333703e-01,0.000000000000000000e+00,0.000000000000000000e+00,0.000000000000000000e+00,0.000000000000000000e+00,0.000000000000000000e+00
0.000000000000000000e+00,4.045801526717556773e-01,0.000000000000000000e+00,1.000000000000000000e+00,0.000000000000000000e+00,4.545454545454544193e-02,1.111111111111114380e-01,8.670520231213875162e-01,9.943117178612057572e-01,1.000000000000000000e+00,0.000000000000000000e+00,0.000000000000000000e+00,1.000000000000000000e+00,0.000000000000000000e+00,1.000000000000000000e+00,0.000000000000000000e+00,9.883666821777570277e-01,9.527720739219713852e-01,6.741573033707871920e-02,0.000000000000000000e+00,1.000000000000000000e+00,0.000000000000000000e+00,4.999999999999998890e-01,0.000000000000000000e+00,1.000000000000000000e+00,4.999999999999997224e-01,8.066037735849055368e-01,2.727272727272727071e-01,1.423220973782771959e-01,0.000000000000000000e+00,0.000000000000000000e+00,0.000000000000000000e+00,0.000000000000000000e+00,0.000000000000000000e+00,3.571428571428572063e-01,7.962962962962962798e-01,1.898148148148149361e-01,3.114035087719299044e-01,6.249999999999998890e-01,2.758620689655177372e-01,7.142857142857143016e-01,6.666666666666667407e-01,0.000000000000000000e+00,0.000000000000000000e+00,5.000000000000000000e-01,5.371900826446276422e-01,3.333333333333333703e-01,0.000000000000000000e+00,0.000000000000000000e+00,0.000000000000000000e+00,0.000000000000000000e+00,0.000000000000000000e+00
0.000000000000000000e+00,4.007633587786258444e-01,0.000000000000000000e+00,1.000000000000000000e+00,0.000000000000000000e+00,4.545454545454544193e-02,1.111111111111114380e-01,8.670520231213875162e-01,9.943117178612057572e-01,1.000000000000000000e+00,0.000000000000000000e+00,0.000000000000000000e+00,1.000000000000000000e+00,0.000000000000000000e+00,1.000000000000000000e+00,0.000000000000000000e+00,9.883666821777570277e-01,9.527720739219713852e-01,6.741573033707871920e-02,0.000000000000000000e+00,1.000000000000000000e+00,0.000000000000000000e+00,4.999999999999998890e-01,0.000000000000000000e+00,1.000000000000000000e+00,4.999999999999997224e-01,8.066037735849055368e-01,1.818181818181817955e-01,1.441947565543071630e-01,0.000000000000000000e+00,0.000000000000000000e+00,0.000000000000000000e+00,0.000000000000000000e+00,0.000000000000000000e+00,3.571428571428572063e-01,7.962962962962962798e-01,1.898148148148149361e-01,3.114035087719299044e-01,6.249999999999998890e-01,2.586206896551728751e-01,7.142857142857143016e-01,6.666666666666667407e-01,0.000000000000000000e+00,0.000000000000000000e+00,5.000000000000000000e-01,5.371900826446276422e-01,3.333333333333333703e-01,0.000000000000000000e+00,0.000000000000000000e+00,0.000000000000000000e+00,0.000000000000000000e+00,0.000000000000000000e+00
0.000000000000000000e+00,4.007633587786258444e-01,0.000000000000000000e+00,1.000000000000000000e+00,0.000000000000000000e+00,4.545454545454544193e-02,1.111111111111114380e-01,8.670520231213875162e-01,9.931740614334468864e-01,1.000000000000000000e+00,0.000000000000000000e+00,0.000000000000000000e+00,1.000000000000000000e+00,0.000000000000000000e+00,1.000000000000000000e+00,0.000000000000000000e+00,9.883666821777570277e-01,9.527720739219713852e-01,6.741573033707871920e-02,0.000000000000000000e+00,1.000000000000000000e+00,0.000000000000000000e+00,4.999999999999998890e-01,0.000000000000000000e+00,1.000000000000000000e+00,4.999999999999997224e-01,8.301886792452830566e-01,1.818181818181817955e-01,1.441947565543071630e-01,0.000000000000000000e+00,0.000000000000000000e+00,0.000000000000000000e+00,0.000000000000000000e+00,0.000000000000000000e+00,3.571428571428572063e-01,7.962962962962962798e-01,1.898148148148149361e-01,3.114035087719299044e-01,5.000000000000000000e-01,2.586206896551728751e-01,7.142857142857143016e-01,6.666666666666667407e-01,0.000000000000000000e+00,0.000000000000000000e+00,5.000000000000000000e-01,5.371900826446276422e-01,5.000000000000001110e-01,0.000000000000000000e+00,0.000000000000000000e+00,0.000000000000000000e+00,0.000000000000000000e+00,0.000000000000000000e+00
0.000000000000000000e+00,3.969465648854960671e-01,0.000000000000000000e+00,1.000000000000000000e+00,0.000000000000000000e+00,4.545454545454544193e-02,1.111111111111114380e-01,8.670520231213875162e-01,9.931740614334468864e-01,1.000000000000000000e+00,0.000000000000000000e+00,0.000000000000000000e+00,1.000000000000000000e+00,0.000000000000000000e+00,1.000000000000000000e+00,0.000000000000000000e+00,9.906933457422055778e-01,9.527720739219713852e-01,7.116104868913861181e-02,0.000000000000000000e+00,1.000000000000000000e+00,0.000000000000000000e+00,4.999999999999998890e-01,0.000000000000000000e+00,1.000000000000000000e+00,4.999999999999997224e-01,8.301886792452830566e-01,9.090909090909086998e-02,1.441947565543071630e-01,0.000000000000000000e+00,0.000000000000000000e+00,0.000000000000000000e+00,0.000000000000000000e+00,0.000000000000000000e+00,3.571428571428572063e-01,7.962962962962962798e-01,1.898148148148149361e-01,3.114035087719299044e-01,5.000000000000000000e-01,2.586206896551728751e-01,1.428571428571428770e-01,6.666666666666667407e-01,0.000000000000000000e+00,0.000000000000000000e+00,5.000000000000000000e-01,5.371900826446276422e-01,5.000000000000001110e-01,0.000000000000000000e+00,0.000000000000000000e+00,0.000000000000000000e+00,0.000000000000000000e+00,0.000000000000000000e+00
0.000000000000000000e+00,3.969465648854960671e-01,0.000000000000000000e+00,1.000000000000000000e+00,0.000000000000000000e+00,4.545454545454544193e-02,1.111111111111114380e-01,8.670520231213875162e-01,9.931740614334468864e-01,1.000000000000000000e+00,0.000000000000000000e+00,0.000000000000000000e+00,1.000000000000000000e+00,0.000000000000000000e+00,1.000000000000000000e+00,0.000000000000000000e+00,9.906933457422055778e-01,9.527720739219713852e-01,7.116104868913861181e-02,0.000000000000000000e+00,1.000000000000000000e+00,0.000000000000000000e+00,4.999999999999998890e-01,0.000000000000000000e+00,1.000000000000000000e+00,4.999999999999997224e-01,8.301886792452830566e-01,9.090909090909086998e-02,1.460674157303371301e-01,0.000000000000000000e+00,0.000000000000000000e+00,0.000000000000000000e+00,0.000000000000000000e+00,0.000000000000000000e+00,3.571428571428572063e-01,7.962962962962962798e-01,1.898148148148149361e-01,3.114035087719299044e-01,5.000000000000000000e-01,4.137931034482766335e-01,1.428571428571428770e-01,6.666666666666667407e-01,0.000000000000000000e+00,0.000000000000000000e+00,5.000000000000000000e-01,5.371900826446276422e-01,3.333333333333333703e-01,0.000000000000000000e+00,0.000000000000000000e+00,0.000000000000000000e+00,0.000000000000000000e+00,0.000000000000000000e+00
0.000000000000000000e+00,3.931297709923663453e-01,0.000000000000000000e+00,1.000000000000000000e+00,0.000000000000000000e+00,4.545454545454544193e-02,1.111111111111114380e-01,8.670520231213875162e-01,9.931740614334468864e-01,1.000000000000000000e+00,0.000000000000000000e+00,0.000000000000000000e+00,1.000000000000000000e+00,0.000000000000000000e+00,1.000000000000000000e+00,0.000000000000000000e+00,9.883666821777570277e-01,9.527720739219713852e-01,7.116104868913861181e-02,0.000000000000000000e+00,1.000000000000000000e+00,0.000000000000000000e+00,4.999999999999998890e-01,0.000000000000000000e+00,1.000000000000000000e+00,4.999999999999997224e-01,8.301886792452830566e-01,9.090909090909086998e-02,1.460674157303371301e-01,0.000000000000000000e+00,0.000000000000000000e+00,0.000000000000000000e+00,0.000000000000000000e+00,0.000000000000000000e+00,3.571428571428572063e-01,8.481481481481480955e-01,1.898148148148149361e-01,3.114035087719299044e-01,5.000000000000000000e-01,4.827586206896560816e-01,1.428571428571428770e-01,6.666666666666667407e-01,0.000000000000000000e+00,0.000000000000000000e+00,5.000000000000000000e-01,5.371900826446276422e-01,3.333333333333333703e-01,0.000000000000000000e+00,0.000000000000000000e+00,0.000000000000000000e+00,0.000000000000000000e+00,0.000000000000000000e+00
0.000000000000000000e+00,3.931297709923663453e-01,0.000000000000000000e+00,1.000000000000000000e+00,0.000000000000000000e+00,4.545454545454544193e-02,8.333333333333363402e-02,8.670520231213875162e-01,9.931740614334468864e-01,1.000000000000000000e+00,0.000000000000000000e+00,0.000000000000000000e+00,1.000000000000000000e+00,0.000000000000000000e+00,1.000000000000000000e+00,0.000000000000000000e+00,9.883666821777570277e-01,9.527720739219713852e-01,7.116104868913861181e-02,0.000000000000000000e+00,1.000000000000000000e+00,0.000000000000000000e+00,4.999999999999998890e-01,0.000000000000000000e+00,1.000000000000000000e+00,4.999999999999997224e-01,8.490566037735848282e-01,3.636363636363635909e-01,1.460674157303371301e-01,0.000000000000000000e+00,0.000000000000000000e+00,0.000000000000000000e+00,0.000000000000000000e+00,0.000000000000000000e+00,3.571428571428572063e-01,8.629629629629627097e-01,1.898148148148149361e-01,3.114035087719299044e-01,5.000000000000000000e-01,3.793103448275869649e-01,1.428571428571428770e-01,6.666666666666667407e-01,0.000000000000000000e+00,0.000000000000000000e+00,5.000000000000000000e-01,5.371900826446276422e-01,3.333333333333333703e-01,0.000000000000000000e+00,0.000000000000000000e+00,0.000000000000000000e+00,0.000000000000000000e+00,0.000000000000000000e+00
0.000000000000000000e+00,3.931297709923663453e-01,0.000000000000000000e+00,1.000000000000000000e+00,0.000000000000000000e+00,4.545454545454544193e-02,5.555555555555571901e-02,8.554913294797691359e-01,9.931740614334468864e-01,1.000000000000000000e+00,0.000000000000000000e+00,0.000000000000000000e+00,1.000000000000000000e+00,0.000000000000000000e+00,1.000000000000000000e+00,0.000000000000000000e+00,9.837133550488598166e-01,9.527720739219713852e-01,7.116104868913861181e-02,0.000000000000000000e+00,1.000000000000000000e+00,0.000000000000000000e+00,4.999999999999998890e-01,0.000000000000000000e+00,1.000000000000000000e+00,4.999999999999997224e-01,8.490566037735848282e-01,4.545454545454545303e-01,1.460674157303371301e-01,0.000000000000000000e+00,0.000000000000000000e+00,0.000000000000000000e+00,0.000000000000000000e+00,0.000000000000000000e+00,3.571428571428572063e-01,8.629629629629627097e-01,1.898148148148149361e-01,3.114035087719299044e-01,5.000000000000000000e-01,3.620689655172420474e-01,0.000000000000000000e+00,6.666666666666667407e-01,0.000000000000000000e+00,0.000000000000000000e+00,5.000000000000000000e-01,5.371900826446276422e-01,3.333333333333333703e-01,0.000000000000000000e+00,0.000000000000000000e+00,0.000000000000000000e+00,0.000000000000000000e+00,0.000000000000000000e+00
0.000000000000000000e+00,3.893129770992365124e-01,0.000000000000000000e+00,1.000000000000000000e+00,0.000000000000000000e+00,4.545454545454544193e-02,5.555555555555571901e-02,8.554913294797691359e-01,9.931740614334468864e-01,1.000000000000000000e+00,0.000000000000000000e+00,0.000000000000000000e+00,1.000000000000000000e+00,0.000000000000000000e+00,1.000000000000000000e+00,0.000000000000000000e+00,9.837133550488598166e-01,9.527720739219713852e-01,7.116104868913861181e-02,0.000000000000000000e+00,1.000000000000000000e+00,0.000000000000000000e+00,4.999999999999998890e-01,0.000000000000000000e+00,1.000000000000000000e+00,4.999999999999997224e-01,8.490566037735848282e-01,6.363636363636363535e-01,1.460674157303371301e-01,0.000000000000000000e+00,0.000000000000000000e+00,0.000000000000000000e+00,0.000000000000000000e+00,0.000000000000000000e+00,3.571428571428572063e-01,8.629629629629627097e-01,1.898148148148149361e-01,3.114035087719299044e-01,5.000000000000000000e-01,3.448275862068971853e-01,0.000000000000000000e+00,6.666666666666667407e-01,0.000000000000000000e+00,0.000000000000000000e+00,5.000000000000000000e-01,5.371900826446276422e-01,3.333333333333333703e-01,0.000000000000000000e+00,0.000000000000000000e+00,0.000000000000000000e+00,0.000000000000000000e+00,0.000000000000000000e+00
0.000000000000000000e+00,3.854961832061067906e-01,0.000000000000000000e+00,1.000000000000000000e+00,0.000000000000000000e+00,4.545454545454544193e-02,5.555555555555571901e-02,8.554913294797691359e-01,9.931740614334468864e-01,1.000000000000000000e+00,0.000000000000000000e+00,0.000000000000000000e+00,1.000000000000000000e+00,0.000000000000000000e+00,1.000000000000000000e+00,0.000000000000000000e+00,9.837133550488598166e-01,9.527720739219713852e-01,7.116104868913861181e-02,0.000000000000000000e+00,1.000000000000000000e+00,0.000000000000000000e+00,4.999999999999998890e-01,0.000000000000000000e+00,1.000000000000000000e+00,4.999999999999997224e-01,8.490566037735848282e-01,6.363636363636363535e-01,1.460674157303371301e-01,0.000000000000000000e+00,0.000000000000000000e+00,0.000000000000000000e+00,0.000000000000000000e+00,0.000000000000000000e+00,3.571428571428572063e-01,8.629629629629627097e-01,1.898148148148149361e-01,3.114035087719299044e-01,5.000000000000000000e-01,4.482758620689663576e-01,0.000000000000000000e+00,6.666666666666667407e-01,0.000000000000000000e+00,0.000000000000000000e+00,2.500000000000000555e-01,5.371900826446276422e-01,3.333333333333333703e-01,0.000000000000000000e+00,0.000000000000000000e+00,0.000000000000000000e+00,0.000000000000000000e+00,0.000000000000000000e+00
0.000000000000000000e+00,3.816793893129774018e-01,0.000000000000000000e+00,1.000000000000000000e+00,0.000000000000000000e+00,4.545454545454544193e-02,5.555555555555571901e-02,8.554913294797691359e-01,9.931740614334468864e-01,1.000000000000000000e+00,0.000000000000000000e+00,0.000000000000000000e+00,1.000000000000000000e+00,0.000000000000000000e+00,1.000000000000000000e+00,0.000000000000000000e+00,9.860400186133084777e-01,9.527720739219713852e-01,7.116104868913861181e-02,0.000000000000000000e+00,1.000000000000000000e+00,0.000000000000000000e+00,4.999999999999998890e-01,0.000000000000000000e+00,1.000000000000000000e+00,4.999999999999997224e-01,8.490566037735848282e-01,6.363636363636363535e-01,1.479400749063670972e-01,0.000000000000000000e+00,0.000000000000000000e+00,0.000000000000000000e+00,0.000000000000000000e+00,0.000000000000000000e+00,3.571428571428572063e-01,8.629629629629627097e-01,1.898148148148149361e-01,3.114035087719299044e-01,5.000000000000000000e-01,4.827586206896560816e-01,0.000000000000000000e+00,6.666666666666667407e-01,0.000000000000000000e+00,0.000000000000000000e+00,2.500000000000000555e-01,5.371900826446276422e-01,3.333333333333333703e-01,0.000000000000000000e+00,0.000000000000000000e+00,0.000000000000000000e+00,0.000000000000000000e+00,0.000000000000000000e+00
0.000000000000000000e+00,3.778625954198476800e-01,0.000000000000000000e+00,1.000000000000000000e+00,0.000000000000000000e+00,4.545454545454544193e-02,5.555555555555571901e-02,8.612716763005782150e-01,9.931740614334468864e-01,1.000000000000000000e+00,0.000000000000000000e+00,0.000000000000000000e+00,1.000000000000000000e+00,0.000000000000000000e+00,1.000000000000000000e+00,0.000000000000000000e+00,9.860400186133084777e-01,9.527720739219713852e-01,7.116104868913861181e-02,0.000000000000000000e+00,1.000000000000000000e+00,0.000000000000000000e+00,4.999999999999998890e-01,0.000000000000000000e+00,1.000000000000000000e+00,4.999999999999997224e-01,8.490566037735848282e-01,6.363636363636363535e-01,1.479400749063670972e-01,0.000000000000000000e+00,0.000000000000000000e+00,0.000000000000000000e+00,0.000000000000000000e+00,0.000000000000000000e+00,3.571428571428572063e-01,8.629629629629627097e-01,1.898148148148149361e-01,3.114035087719299044e-01,5.000000000000000000e-01,4.137931034482766335e-01,0.000000000000000000e+00,6.666666666666667407e-01,0.000000000000000000e+00,0.000000000000000000e+00,2.500000000000000555e-01,5.371900826446276422e-01,3.333333333333333703e-01,0.000000000000000000e+00,0.000000000000000000e+00,0.000000000000000000e+00,0.000000000000000000e+00,0.000000000000000000e+00
0.000000000000000000e+00,3.778625954198476800e-01,0.000000000000000000e+00,1.000000000000000000e+00,0.000000000000000000e+00,4.545454545454544193e-02,5.555555555555571901e-02,8.612716763005782150e-01,9.931740614334468864e-01,1.000000000000000000e+00,0.000000000000000000e+00,0.000000000000000000e+00,1.000000000000000000e+00,0.000000000000000000e+00,1.000000000000000000e+00,0.000000000000000000e+00,9.860400186133084777e-01,9.517453798767968598e-01,7.116104868913861181e-02,0.000000000000000000e+00,1.000000000000000000e+00,0.000000000000000000e+00,4.999999999999998890e-01,0.000000000000000000e+00,1.000000000000000000e+00,4.999999999999997224e-01,8.490566037735848282e-01,6.363636363636363535e-01,1.479400749063670972e-01,0.000000000000000000e+00,0.000000000000000000e+00,0.000000000000000000e+00,0.000000000000000000e+00,0.000000000000000000e+00,3.571428571428572063e-01,8.629629629629627097e-01,1.805555555555556912e-01,3.114035087719299044e-01,5.000000000000000000e-01,4.827586206896560816e-01,0.000000000000000000e+00,6.666666666666667407e-01,0.000000000000000000e+00,0.000000000000000000e+00,2.500000000000000555e-01,5.371900826446276422e-01,3.333333333333333703e-01,0.000000000000000000e+00,0.000000000000000000e+00,0.000000000000000000e+00,0.000000000000000000e+00,0.000000000000000000e+00
0.000000000000000000e+00,3.740458015267178471e-01,0.000000000000000000e+00,1.000000000000000000e+00,0.000000000000000000e+00,4.545454545454544193e-02,5.555555555555571901e-02,8.670520231213875162e-01,9.931740614334468864e-01,1.000000000000000000e+00,0.000000000000000000e+00,0.000000000000000000e+00,1.000000000000000000e+00,0.000000000000000000e+00,1.000000000000000000e+00,0.000000000000000000e+00,9.860400186133084777e-01,9.517453798767968598e-01,7.490636704119855993e-02,0.000000000000000000e+00,1.000000000000000000e+00,0.000000000000000000e+00,4.999999999999998890e-01,0.000000000000000000e+00,1.000000000000000000e+00,4.999999999999997224e-01,8.490566037735848282e-01,6.363636363636363535e-01,1.479400749063670972e-01,0.000000000000000000e+00,0.000000000000000000e+00,0.000000000000000000e+00,0.000000000000000000e+00,0.000000000000000000e+00,3.571428571428572063e-01,8.629629629629627097e-01,1.805555555555556912e-01,3.114035087719299044e-01,5.000000000000000000e-01,4.827586206896560816e-01,5.714285714285715079e-01,6.666666666666667407e-01,0.000000000000000000e+00,0.000000000000000000e+00,0.000000000000000000e+00,5.371900826446276422e-01,1.666666666666666574e-01,0.000000000000000000e+00,0.000000000000000000e+00,0.000000000000000000e+00,0.000000000000000000e+00,0.000000000000000000e+00
0.000000000000000000e+00,3.702290076335881253e-01,0.000000000000000000e+00,1.000000000000000000e+00,0.000000000000000000e+00,4.545454545454544193e-02,5.555555555555571901e-02,8.670520231213875162e-01,9.931740614334468864e-01,1.000000000000000000e+00,0.000000000000000000e+00,0.000000000000000000e+00,1.000000000000000000e+00,0.000000000000000000e+00,1.000000000000000000e+00,0.000000000000000000e+00,9.860400186133084777e-01,9.517453798767968598e-01,7.490636704119855993e-02,0.000000000000000000e+00,1.000000000000000000e+00,0.000000000000000000e+00,4.999999999999998890e-01,0.000000000000000000e+00,1.000000000000000000e+00,4.999999999999997224e-01,8.490566037735848282e-01,4.545454545454545303e-01,1.479400749063670972e-01,0.000000000000000000e+00,0.000000000000000000e+00,0.000000000000000000e+00,0.000000000000000000e+00,0.000000000000000000e+00,3.571428571428572063e-01,8.629629629629627097e-01,1.666666666666667684e-01,3.114035087719299044e-01,5.000000000000000000e-01,5.000000000000008882e-01,5.714285714285715079e-01,6.666666666666667407e-01,0.000000000000000000e+00,0.000000000000000000e+00,0.000000000000000000e+00,5.371900826446276422e-01,1.666666666666666574e-01,0.000000000000000000e+00,0.000000000000000000e+00,0.000000000000000000e+00,0.000000000000000000e+00,0.000000000000000000e+00
0.000000000000000000e+00,3.702290076335881253e-01,0.000000000000000000e+00,1.000000000000000000e+00,0.000000000000000000e+00,4.545454545454544193e-02,5.555555555555571901e-02,8.670520231213875162e-01,9.931740614334468864e-01,1.000000000000000000e+00,0.000000000000000000e+00,0.000000000000000000e+00,1.000000000000000000e+00,0.000000000000000000e+00,1.000000000000000000e+00,0.000000000000000000e+00,9.860400186133084777e-01,9.527720739219713852e-01,7.490636704119855993e-02,0.000000000000000000e+00,1.000000000000000000e+00,0.000000000000000000e+00,4.999999999999998890e-01,0.000000000000000000e+00,1.000000000000000000e+00,0.000000000000000000e+00,8.490566037735848282e-01,2.727272727272727071e-01,1.479400749063670972e-01,0.000000000000000000e+00,0.000000000000000000e+00,0.000000000000000000e+00,0.000000000000000000e+00,0.000000000000000000e+00,3.571428571428572063e-01,8.629629629629627097e-01,1.666666666666667684e-01,3.114035087719299044e-01,5.000000000000000000e-01,5.862068965517233110e-01,5.714285714285715079e-01,6.666666666666667407e-01,0.000000000000000000e+00,0.000000000000000000e+00,0.000000000000000000e+00,2.644628099173546576e-01,1.666666666666666574e-01,0.000000000000000000e+00,0.000000000000000000e+00,0.000000000000000000e+00,0.000000000000000000e+00,0.000000000000000000e+00
0.000000000000000000e+00,3.664122137404582924e-01,0.000000000000000000e+00,1.000000000000000000e+00,0.000000000000000000e+00,4.545454545454544193e-02,5.555555555555571901e-02,8.670520231213875162e-01,9.931740614334468864e-01,1.000000000000000000e+00,0.000000000000000000e+00,0.000000000000000000e+00,1.000000000000000000e+00,0.000000000000000000e+00,1.000000000000000000e+00,0.000000000000000000e+00,9.860400186133084777e-01,9.527720739219713852e-01,7.490636704119855993e-02,0.000000000000000000e+00,1.000000000000000000e+00,0.000000000000000000e+00,4.999999999999998890e-01,0.000000000000000000e+00,1.000000000000000000e+00,0.000000000000000000e+00,8.490566037735848282e-01,2.727272727272727071e-01,1.498127340823970644e-01,0.000000000000000000e+00,0.000000000000000000e+00,0.000000000000000000e+00,0.000000000000000000e+00,0.000000000000000000e+00,3.571428571428572063e-01,8.629629629629627097e-01,1.666666666666667684e-01,3.114035087719299044e-01,5.000000000000000000e-01,4.310344827586214955e-01,5.714285714285715079e-01,6.666666666666667407e-01,0.000000000000000000e+00,0.000000000000000000e+00,0.000000000000000000e+00,2.644628099173546576e-01,1.666666666666666574e-01,0.000000000000000000e+00,0.000000000000000000e+00,0.000000000000000000e+00,0.000000000000000000e+00,0.000000000000000000e+00
0.000000000000000000e+00,3.625954198473285151e-01,0.000000000000000000e+00,1.000000000000000000e+00,0.000000000000000000e+00,1.363636363636363535e-01,5.555555555555571901e-02,8.670520231213875162e-01,9.931740614334468864e-01,1.000000000000000000e+00,0.000000000000000000e+00,0.000000000000000000e+00,1.000000000000000000e+00,0.000000000000000000e+00,1.000000000000000000e+00,0.000000000000000000e+00,9.860400186133084777e-01,9.527720739219713852e-01,7.116104868913861181e-02,0.000000000000000000e+00,1.000000000000000000e+00,0.000000000000000000e+00,4.999999999999998890e-01,0.000000000000000000e+00,1.000000000000000000e+00,0.000000000000000000e+00,8.490566037735848282e-01,3.636363636363635909e-01,1.498127340823970644e-01,0.000000000000000000e+00,0.000000000000000000e+00,0.000000000000000000e+00,0.000000000000000000e+00,0.000000000000000000e+00,3.571428571428572063e-01,8.629629629629627097e-01,1.666666666666667684e-01,3.114035087719299044e-01,5.000000000000000000e-01,3.620689655172420474e-01,5.714285714285715079e-01,6.666666666666667407e-01,0.000000000000000000e+00,0.000000000000000000e+00,0.000000000000000000e+00,2.644628099173546576e-01,1.666666666666666574e-01,0.000000000000000000e+00,0.000000000000000000e+00,0.000000000000000000e+00,0.000000000000000000e+00,0.000000000000000000e+00
0.000000000000000000e+00,3.587786259541987932e-01,0.000000000000000000e+00,1.000000000000000000e+00,0.000000000000000000e+00,1.363636363636363535e-01,5.555555555555571901e-02,8.670520231213875162e-01,9.931740614334468864e-01,1.000000000000000000e+00,0.000000000000000000e+00,0.000000000000000000e+00,1.000000000000000000e+00,0.000000000000000000e+00,1.000000000000000000e+00,0.000000000000000000e+00,9.860400186133084777e-01,9.537987679671459107e-01,7.116104868913861181e-02,0.000000000000000000e+00,1.000000000000000000e+00,0.000000000000000000e+00,4.999999999999998890e-01,0.000000000000000000e+00,1.000000000000000000e+00,0.000000000000000000e+00,8.490566037735848282e-01,5.454545454545454142e-01,1.498127340823970644e-01,0.000000000000000000e+00,0.000000000000000000e+00,0.000000000000000000e+00,0.000000000000000000e+00,0.000000000000000000e+00,3.571428571428572063e-01,8.629629629629627097e-01,1.666666666666667684e-01,3.114035087719299044e-01,5.000000000000000000e-01,4.827586206896560816e-01,5.714285714285715079e-01,6.666666666666667407e-01,0.000000000000000000e+00,0.000000000000000000e+00,5.000000000000000000e-01,6.694214876033053319e-01,5.000000000000001110e-01,0.000000000000000000e+00,0.000000000000000000e+00,0.000000000000000000e+00,0.000000000000000000e+00,0.000000000000000000e+00
0.000000000000000000e+00,3.587786259541987932e-01,0.000000000000000000e+00,1.000000000000000000e+00,0.000000000000000000e+00,1.363636363636363535e-01,5.555555555555571901e-02,8.670520231213875162e-01,9.931740614334468864e-01,1.000000000000000000e+00,0.000000000000000000e+00,0.000000000000000000e+00,1.000000000000000000e+00,0.000000000000000000e+00,1.000000000000000000e+00,0.000000000000000000e+00,9.860400186133084777e-01,9.537987679671459107e-01,7.490636704119855993e-02,0.000000000000000000e+00,1.000000000000000000e+00,0.000000000000000000e+00,4.999999999999998890e-01,0.000000000000000000e+00,1.000000000000000000e+00,0.000000000000000000e+00,8.490566037735848282e-01,6.363636363636363535e-01,1.498127340823970644e-01,0.000000000000000000e+00,0.000000000000000000e+00,0.000000000000000000e+00,0.000000000000000000e+00,0.000000000000000000e+00,3.571428571428572063e-01,8.629629629629627097e-01,1.574074074074075236e-01,3.114035087719299044e-01,5.000000000000000000e-01,5.517241379310335869e-01,5.714285714285715079e-01,6.666666666666667407e-01,0.000000000000000000e+00,0.000000000000000000e+00,5.000000000000000000e-01,6.694214876033053319e-01,5.000000000000001110e-01,0.000000000000000000e+00,0.000000000000000000e+00,0.000000000000000000e+00,0.000000000000000000e+00,0.000000000000000000e+00
0.000000000000000000e+00,3.549618320610689604e-01,0.000000000000000000e+00,1.000000000000000000e+00,0.000000000000000000e+00,1.363636363636363535e-01,5.555555555555571901e-02,8.786127167630061185e-01,9.931740614334468864e-01,1.000000000000000000e+00,0.000000000000000000e+00,0.000000000000000000e+00,1.000000000000000000e+00,0.000000000000000000e+00,1.000000000000000000e+00,0.000000000000000000e+00,9.860400186133084777e-01,9.527720739219713852e-01,7.116104868913861181e-02,0.000000000000000000e+00,1.000000000000000000e+00,0.000000000000000000e+00,4.999999999999998890e-01,0.000000000000000000e+00,1.000000000000000000e+00,0.000000000000000000e+00,8.490566037735848282e-01,6.363636363636363535e-01,1.516853932584270315e-01,0.000000000000000000e+00,0.000000000000000000e+00,0.000000000000000000e+00,0.000000000000000000e+00,0.000000000000000000e+00,3.571428571428572063e-01,8.629629629629627097e-01,1.527777777777779011e-01,3.114035087719299044e-01,6.249999999999998890e-01,6.206896551724130351e-01,5.714285714285715079e-01,6.666666666666667407e-01,0.000000000000000000e+00,0.000000000000000000e+00,7.500000000000000000e-01,6.694214876033053319e-01,5.000000000000001110e-01,0.000000000000000000e+00,0.000000000000000000e+00,0.000000000000000000e+00,0.000000000000000000e+00,0.000000000000000000e+00
0.000000000000000000e+00,3.511450381679392385e-01,0.000000000000000000e+00,1.000000000000000000e+00,0.000000000000000000e+00,1.363636363636363535e-01,5.555555555555571901e-02,8.786127167630061185e-01,9.920364050056881267e-01,1.000000000000000000e+00,0.000000000000000000e+00,0.000000000000000000e+00,1.000000000000000000e+00,0.000000000000000000e+00,1.000000000000000000e+00,0.000000000000000000e+00,9.860400186133084777e-01,9.527720739219713852e-01,7.116104868913861181e-02,0.000000000000000000e+00,1.000000000000000000e+00,0.000000000000000000e+00,4.999999999999998890e-01,0.000000000000000000e+00,1.000000000000000000e+00,0.000000000000000000e+00,8.490566037735848282e-01,7.272727272727271819e-01,1.498127340823970644e-01,0.000000000000000000e+00,0.000000000000000000e+00,0.000000000000000000e+00,0.000000000000000000e+00,0.000000000000000000e+00,3.571428571428572063e-01,8.629629629629627097e-01,1.527777777777779011e-01,3.114035087719299044e-01,7.500000000000000000e-01,6.034482758620682841e-01,2.857142857142857539e-01,6.666666666666667407e-01,0.000000000000000000e+00,0.000000000000000000e+00,7.500000000000000000e-01,6.694214876033053319e-01,6.666666666666667407e-01,0.000000000000000000e+00,0.000000000000000000e+00,0.000000000000000000e+00,0.000000000000000000e+00,0.000000000000000000e+00
0.000000000000000000e+00,3.511450381679392385e-01,0.000000000000000000e+00,1.000000000000000000e+00,0.000000000000000000e+00,1.363636363636363535e-01,5.555555555555571901e-02,8.786127167630061185e-01,9.920364050056881267e-01,1.000000000000000000e+00,0.000000000000000000e+00,0.000000000000000000e+00,1.000000000000000000e+00,0.000000000000000000e+00,1.000000000000000000e+00,0.000000000000000000e+00,9.883666821777570277e-01,9.527720739219713852e-01,7.116104868913861181e-02,0.000000000000000000e+00,1.000000000000000000e+00,0.000000000000000000e+00,4.999999999999998890e-01,0.000000000000000000e+00,1.000000000000000000e+00,0.000000000000000000e+00,8.490566037735848282e-01,7.272727272727271819e-01,1.516853932584270315e-01,0.000000000000000000e+00,0.000000000000000000e+00,0.000000000000000000e+00,0.000000000000000000e+00,0.000000000000000000e+00,3.571428571428572063e-01,8.629629629629627097e-01,1.527777777777779011e-01,5.833333333333335924e-01,7.500000000000000000e-01,3.620689655172420474e-01,0.000000000000000000e+00,6.666666666666667407e-01,0.000000000000000000e+00,0.000000000000000000e+00,7.500000000000000000e-01,6.694214876033053319e-01,6.666666666666667407e-01,0.000000000000000000e+00,0.000000000000000000e+00,0.000000000000000000e+00,0.000000000000000000e+00,0.000000000000000000e+00
0.000000000000000000e+00,3.473282442748094612e-01,0.000000000000000000e+00,1.000000000000000000e+00,0.000000000000000000e+00,1.363636363636363535e-01,5.555555555555571901e-02,8.786127167630061185e-01,9.920364050056881267e-01,1.000000000000000000e+00,0.000000000000000000e+00,0.000000000000000000e+00,1.000000000000000000e+00,0.000000000000000000e+00,1.000000000000000000e+00,0.000000000000000000e+00,9.906933457422055778e-01,9.527720739219713852e-01,7.116104868913861181e-02,0.000000000000000000e+00,1.000000000000000000e+00,0.000000000000000000e+00,4.999999999999998890e-01,0.000000000000000000e+00,1.000000000000000000e+00,0.000000000000000000e+00,8.490566037735848282e-01,9.090909090909090606e-01,1.516853932584270315e-01,0.000000000000000000e+00,0.000000000000000000e+00,0.000000000000000000e+00,0.000000000000000000e+00,0.000000000000000000e+00,3.571428571428572063e-01,8.629629629629627097e-01,1.527777777777779011e-01,5.833333333333335924e-01,7.500000000000000000e-01,2.068965517241383167e-01,0.000000000000000000e+00,6.666666666666667407e-01,0.000000000000000000e+00,0.000000000000000000e+00,7.500000000000000000e-01,6.694214876033053319e-01,6.666666666666667407e-01,0.000000000000000000e+00,0.000000000000000000e+00,0.000000000000000000e+00,0.000000000000000000e+00,0.000000000000000000e+00
0.000000000000000000e+00,3.435114503816796838e-01,0.000000000000000000e+00,1.000000000000000000e+00,0.000000000000000000e+00,1.363636363636363535e-01,8.333333333333363402e-02,8.786127167630061185e-01,9.931740614334468864e-01,1.000000000000000000e+00,0.000000000000000000e+00,0.000000000000000000e+00,1.000000000000000000e+00,0.000000000000000000e+00,1.000000000000000000e+00,0.000000000000000000e+00,9.906933457422055778e-01,9.527720739219713852e-01,7.490636704119855993e-02,0.000000000000000000e+00,1.000000000000000000e+00,0.000000000000000000e+00,4.999999999999998890e-01,0.000000000000000000e+00,1.000000000000000000e+00,0.000000000000000000e+00,8.490566037735848282e-01,9.090909090909090606e-01,1.516853932584270315e-01,0.000000000000000000e+00,0.000000000000000000e+00,0.000000000000000000e+00,0.000000000000000000e+00,0.000000000000000000e+00,3.571428571428572063e-01,8.629629629629627097e-01,1.527777777777779011e-01,5.833333333333335924e-01,8.749999999999998890e-01,5.172413793103458612e-02,2.857142857142857539e-01,6.666666666666667407e-01,0.000000000000000000e+00,0.000000000000000000e+00,7.500000000000000000e-01,4.628099173553713586e-01,6.666666666666667407e-01,0.000000000000000000e+00,0.000000000000000000e+00,0.000000000000000000e+00,0.000000000000000000e+00,0.000000000000000000e+00
0.000000000000000000e+00,3.396946564885499065e-01,0.000000000000000000e+00,1.000000000000000000e+00,0.000000000000000000e+00,1.363636363636363535e-01,8.333333333333363402e-02,8.786127167630061185e-01,9.931740614334468864e-01,1.000000000000000000e+00,0.000000000000000000e+00,0.000000000000000000e+00,1.000000000000000000e+00,0.000000000000000000e+00,1.000000000000000000e+00,0.000000000000000000e+00,9.906933457422055778e-01,9.527720739219713852e-01,7.116104868913861181e-02,0.000000000000000000e+00,1.000000000000000000e+00,0.000000000000000000e+00,4.999999999999998890e-01,0.000000000000000000e+00,1.000000000000000000e+00,0.000000000000000000e+00,8.490566037735848282e-01,9.090909090909090606e-01,1.516853932584270315e-01,0.000000000000000000e+00,0.000000000000000000e+00,0.000000000000000000e+00,0.000000000000000000e+00,0.000000000000000000e+00,3.571428571428572063e-01,8.629629629629627097e-01,1.527777777777779011e-01,5.833333333333335924e-01,8.749999999999998890e-01,1.724137931034486204e-02,4.285714285714285476e-01,2.499999999999999722e-01,0.000000000000000000e+00,0.000000000000000000e+00,7.500000000000000000e-01,4.628099173553713586e-01,6.666666666666667407e-01,0.000000000000000000e+00,0.000000000000000000e+00,0.000000000000000000e+00,0.000000000000000000e+00,0.000000000000000000e+00
0.000000000000000000e+00,3.358778625954200736e-01,0.000000000000000000e+00,1.000000000000000000e+00,0.000000000000000000e+00,1.363636363636363535e-01,8.333333333333363402e-02,8.612716763005782150e-01,9.931740614334468864e-01,1.000000000000000000e+00,0.000000000000000000e+00,0.000000000000000000e+00,1.000000000000000000e+00,0.000000000000000000e+00,1.000000000000000000e+00,0.000000000000000000e+00,9.883666821777570277e-01,9.527720739219713852e-01,7.116104868913861181e-02,0.000000000000000000e+00,1.000000000000000000e+00,0.000000000000000000e+00,4.999999999999998890e-01,0.000000000000000000e+00,1.000000000000000000e+00,0.000000000000000000e+00,8.490566037735848282e-01,1.000000000000000000e+00,1.516853932584270315e-01,0.000000000000000000e+00,0.000000000000000000e+00,0.000000000000000000e+00,0.000000000000000000e+00,0.000000000000000000e+00,3.571428571428572063e-01,8.629629629629627097e-01,1.527777777777779011e-01,5.833333333333335924e-01,8.749999999999998890e-01,2.068965517241383167e-01,5.714285714285715079e-01,2.499999999999999722e-01,0.000000000000000000e+00,0.000000000000000000e+00,7.500000000000000000e-01,4.628099173553713586e-01,6.666666666666667407e-01,0.000000000000000000e+00,0.000000000000000000e+00,0.000000000000000000e+00,0.000000000000000000e+00,0.000000000000000000e+00
0.000000000000000000e+00,3.282442748091605744e-01,0.000000000000000000e+00,1.000000000000000000e+00,0.000000000000000000e+00,1.363636363636363535e-01,8.333333333333363402e-02,8.612716763005782150e-01,9.931740614334468864e-01,1.000000000000000000e+00,0.000000000000000000e+00,0.000000000000000000e+00,1.000000000000000000e+00,0.000000000000000000e+00,1.000000000000000000e+00,0.000000000000000000e+00,9.883666821777570277e-01,9.517453798767968598e-01,7.490636704119855993e-02,0.000000000000000000e+00,1.000000000000000000e+00,0.000000000000000000e+00,4.999999999999998890e-01,0.000000000000000000e+00,1.000000000000000000e+00,0.000000000000000000e+00,8.490566037735848282e-01,1.000000000000000000e+00,1.516853932584270315e-01,0.000000000000000000e+00,0.000000000000000000e+00,0.000000000000000000e+00,0.000000000000000000e+00,0.000000000000000000e+00,3.571428571428572063e-01,8.814814814814813104e-01,1.527777777777779011e-01,5.043859649122804933e-01,8.749999999999998890e-01,2.586206896551728751e-01,5.714285714285715079e-01,2.499999999999999722e-01,0.000000000000000000e+00,0.000000000000000000e+00,7.500000000000000000e-01,4.628099173553713586e-01,6.666666666666667407e-01,0.000000000000000000e+00,0.000000000000000000e+00,0.000000000000000000e+00,0.000000000000000000e+00,0.000000000000000000e+00
0.000000000000000000e+00,3.282442748091605744e-01,0.000000000000000000e+00,1.000000000000000000e+00,0.000000000000000000e+00,4.545454545454544193e-02,8.333333333333363402e-02,8.612716763005782150e-01,9.931740614334468864e-01,1.000000000000000000e+00,0.000000000000000000e+00,0.000000000000000000e+00,1.000000000000000000e+00,0.000000000000000000e+00,1.000000000000000000e+00,0.000000000000000000e+00,9.930200093066542388e-01,9.517453798767968598e-01,7.490636704119855993e-02,0.000000000000000000e+00,1.000000000000000000e+00,0.000000000000000000e+00,4.999999999999998890e-01,0.000000000000000000e+00,1.000000000000000000e+00,0.000000000000000000e+00,8.490566037735848282e-01,8.181818181818181213e-01,1.535580524344569986e-01,0.000000000000000000e+00,0.000000000000000000e+00,0.000000000000000000e+00,0.000000000000000000e+00,0.000000000000000000e+00,3.571428571428572063e-01,8.814814814814813104e-01,1.527777777777779011e-01,5.043859649122804933e-01,8.749999999999998890e-01,3.448275862068971853e-01,5.714285714285715079e-01,1.666666666666666574e-01,0.000000000000000000e+00,0.000000000000000000e+00,7.500000000000000000e-01,4.628099173553713586e-01,6.666666666666667407e-01,0.000000000000000000e+00,0.000000000000000000e+00,0.000000000000000000e+00,0.000000000000000000e+00,0.000000000000000000e+00
0.000000000000000000e+00,3.244274809160307971e-01,0.000000000000000000e+00,1.000000000000000000e+00,0.000000000000000000e+00,4.545454545454544193e-02,8.333333333333363402e-02,8.612716763005782150e-01,9.931740614334468864e-01,1.000000000000000000e+00,0.000000000000000000e+00,0.000000000000000000e+00,1.000000000000000000e+00,0.000000000000000000e+00,1.000000000000000000e+00,0.000000000000000000e+00,9.953466728711027889e-01,9.517453798767968598e-01,7.116104868913861181e-02,0.000000000000000000e+00,1.000000000000000000e+00,0.000000000000000000e+00,4.999999999999998890e-01,0.000000000000000000e+00,1.000000000000000000e+00,0.000000000000000000e+00,8.490566037735848282e-01,8.181818181818181213e-01,1.535580524344569986e-01,0.000000000000000000e+00,0.000000000000000000e+00,0.000000000000000000e+00,0.000000000000000000e+00,0.000000000000000000e+00,3.571428571428572063e-01,8.814814814814813104e-01,1.527777777777779011e-01,5.043859649122804933e-01,8.749999999999998890e-01,4.827586206896560816e-01,5.714285714285715079e-01,5.833333333333333703e-01,0.000000000000000000e+00,0.000000000000000000e+00,7.500000000000000000e-01,4.628099173553713586e-01,6.666666666666667407e-01,0.000000000000000000e+00,0.000000000000000000e+00,0.000000000000000000e+00,0.000000000000000000e+00,0.000000000000000000e+00
0.000000000000000000e+00,3.244274809160307971e-01,0.000000000000000000e+00,1.000000000000000000e+00,0.000000000000000000e+00,4.545454545454544193e-02,8.333333333333363402e-02,8.612716763005782150e-01,9.931740614334468864e-01,1.000000000000000000e+00,0.000000000000000000e+00,0.000000000000000000e+00,1.000000000000000000e+00,0.000000000000000000e+00,1.000000000000000000e+00,0.000000000000000000e+00,9.953466728711027889e-01,9.517453798767968598e-01,7.116104868913861181e-02,0.000000000000000000e+00,1.000000000000000000e+00,0.000000000000000000e+00,4.999999999999998890e-01,0.000000000000000000e+00,1.000000000000000000e+00,0.000000000000000000e+00,8.632075471698111846e-01,9.090909090909090606e-01,1.535580524344569986e-01,0.000000000000000000e+00,0.000000000000000000e+00,0.000000000000000000e+00,0.000000000000000000e+00,0.000000000000000000e+00,3.571428571428572063e-01,8.814814814814813104e-01,1.527777777777779011e-01,5.043859649122804933e-01,8.749999999999998890e-01,4.655172413793112196e-01,5.714285714285715079e-01,2.499999999999999722e-01,0.000000000000000000e+00,0.000000000000000000e+00,7.500000000000000000e-01,4.628099173553713586e-01,6.666666666666667407e-01,0.000000000000000000e+00,0.000000000000000000e+00,0.000000000000000000e+00,0.000000000000000000e+00,0.000000000000000000e+00
0.000000000000000000e+00,3.206106870229010197e-01,0.000000000000000000e+00,1.000000000000000000e+00,0.000000000000000000e+00,4.545454545454544193e-02,8.333333333333363402e-02,8.786127167630061185e-01,9.931740614334468864e-01,1.000000000000000000e+00,0.000000000000000000e+00,0.000000000000000000e+00,1.000000000000000000e+00,0.000000000000000000e+00,1.000000000000000000e+00,0.000000000000000000e+00,9.953466728711027889e-01,9.517453798767968598e-01,7.116104868913861181e-02,0.000000000000000000e+00,1.000000000000000000e+00,0.000000000000000000e+00,4.999999999999998890e-01,0.000000000000000000e+00,1.000000000000000000e+00,0.000000000000000000e+00,8.679245283018864887e-01,8.181818181818181213e-01,1.516853932584270315e-01,0.000000000000000000e+00,0.000000000000000000e+00,0.000000000000000000e+00,0.000000000000000000e+00,0.000000000000000000e+00,3.571428571428572063e-01,8.814814814814813104e-01,1.527777777777779011e-01,2.324561403508774993e-01,8.749999999999998890e-01,4.310344827586214955e-01,5.714285714285715079e-01,1.666666666666666574e-01,0.000000000000000000e+00,0.000000000000000000e+00,7.500000000000000000e-01,4.628099173553713586e-01,6.666666666666667407e-01,0.000000000000000000e+00,0.000000000000000000e+00,0.000000000000000000e+00,0.000000000000000000e+00,0.000000000000000000e+00
0.000000000000000000e+00,3.206106870229010197e-01,0.000000000000000000e+00,1.000000000000000000e+00,0.000000000000000000e+00,4.545454545454544193e-02,8.333333333333363402e-02,8.786127167630061185e-01,9.931740614334468864e-01,1.000000000000000000e+00,0.000000000000000000e+00,0.000000000000000000e+00,1.000000000000000000e+00,0.000000000000000000e+00,1.000000000000000000e+00,0.000000000000000000e+00,9.953466728711027889e-01,9.517453798767968598e-01,7.490636704119855993e-02,0.000000000000000000e+00,1.000000000000000000e+00,0.000000000000000000e+00,4.999999999999998890e-01,0.000000000000000000e+00,1.000000000000000000e+00,0.000000000000000000e+00,8.679245283018864887e-01,6.363636363636363535e-01,1.535580524344569986e-01,0.000000000000000000e+00,0.000000000000000000e+00,0.000000000000000000e+00,0.000000000000000000e+00,0.000000000000000000e+00,3.571428571428572063e-01,8.814814814814813104e-01,1.527777777777779011e-01,2.324561403508774993e-01,8.749999999999998890e-01,5.862068965517233110e-01,5.714285714285715079e-01,1.666666666666666574e-01,0.000000000000000000e+00,0.000000000000000000e+00,7.500000000000000000e-01,4.628099173553713586e-01,5.000000000000001110e-01,0.000000000000000000e+00,0.000000000000000000e+00,0.000000000000000000e+00,0.000000000000000000e+00,0.000000000000000000e+00
0.000000000000000000e+00,3.129770992366414650e-01,0.000000000000000000e+00,1.000000000000000000e+00,0.000000000000000000e+00,4.545454545454544193e-02,8.333333333333363402e-02,8.670520231213875162e-01,9.931740614334468864e-01,1.000000000000000000e+00,0.000000000000000000e+00,0.000000000000000000e+00,1.000000000000000000e+00,0.000000000000000000e+00,1.000000000000000000e+00,0.000000000000000000e+00,9.953466728711027889e-01,9.517453798767968598e-01,7.490636704119855993e-02,0.000000000000000000e+00,1.000000000000000000e+00,0.000000000000000000e+00,4.999999999999998890e-01,0.000000000000000000e+00,1.000000000000000000e+00,0.000000000000000000e+00,8.679245283018864887e-01,5.454545454545454142e-01,1.535580524344569986e-01,0.000000000000000000e+00,0.000000000000000000e+00,0.000000000000000000e+00,0.000000000000000000e+00,0.000000000000000000e+00,3.571428571428572063e-01,8.814814814814813104e-01,1.527777777777779011e-01,2.324561403508774993e-01,8.749999999999998890e-01,5.862068965517233110e-01,2.857142857142857539e-01,1.666666666666666574e-01,0.000000000000000000e+00,0.000000000000000000e+00,5.000000000000000000e-01,4.628099173553713586e-01,5.000000000000001110e-01,0.000000000000000000e+00,0.000000000000000000e+00,0.000000000000000000e+00,0.000000000000000000e+00,0.000000000000000000e+00
0.000000000000000000e+00,3.129770992366414650e-01,0.000000000000000000e+00,1.000000000000000000e+00,0.000000000000000000e+00,4.545454545454544193e-02,8.333333333333363402e-02,8.554913294797691359e-01,9.931740614334468864e-01,1.000000000000000000e+00,0.000000000000000000e+00,0.000000000000000000e+00,1.000000000000000000e+00,0.000000000000000000e+00,1.000000000000000000e+00,0.000000000000000000e+00,9.930200093066542388e-01,9.517453798767968598e-01,7.116104868913861181e-02,0.000000000000000000e+00,1.000000000000000000e+00,0.000000000000000000e+00,4.999999999999998890e-01,0.000000000000000000e+00,1.000000000000000000e+00,0.000000000000000000e+00,8.679245283018864887e-01,5.454545454545454142e-01,1.535580524344569986e-01,0.000000000000000000e+00,0.000000000000000000e+00,0.000000000000000000e+00,0.000000000000000000e+00,0.000000000000000000e+00,3.571428571428572063e-01,8.814814814814813104e-01,1.527777777777779011e-01,2.324561403508774993e-01,7.500000000000000000e-01,5.344827586206888359e-01,1.428571428571428770e-01,1.666666666666666574e-01,0.000000000000000000e+00,0.000000000000000000e+00,5.000000000000000000e-01,4.628099173553713586e-01,5.000000000000001110e-01,0.000000000000000000e+00,0.000000000000000000e+00,0.000000000000000000e+00,0.000000000000000000e+00,0.000000000000000000e+00
0.000000000000000000e+00,3.091603053435116877e-01,0.000000000000000000e+00,1.000000000000000000e+00,0.000000000000000000e+00,4.545454545454544193e-02,8.333333333333363402e-02,8.554913294797691359e-01,9.931740614334468864e-01,1.000000000000000000e+00,0.000000000000000000e+00,0.000000000000000000e+00,1.000000000000000000e+00,0.000000000000000000e+00,1.000000000000000000e+00,0.000000000000000000e+00,9.930200093066542388e-01,9.517453798767968598e-01,7.490636704119855993e-02,0.000000000000000000e+00,1.000000000000000000e+00,0.000000000000000000e+00,4.999999999999998890e-01,0.000000000000000000e+00,1.000000000000000000e+00,0.000000000000000000e+00,8.679245283018864887e-01,5.454545454545454142e-01,1.516853932584270315e-01,0.000000000000000000e+00,0.000000000000000000e+00,0.000000000000000000e+00,0.000000000000000000e+00,0.000000000000000000e+00,3.571428571428572063e-01,8.814814814814813104e-01,1.527777777777779011e-01,2.324561403508774993e-01,7.500000000000000000e-01,5.172413793103457502e-01,1.428571428571428770e-01,1.666666666666666574e-01,0.000000000000000000e+00,0.000000000000000000e+00,5.000000000000000000e-01,4.628099173553713586e-01,5.000000000000001110e-01,0.000000000000000000e+00,0.000000000000000000e+00,0.000000000000000000e+00,0.000000000000000000e+00,0.000000000000000000e+00
0.000000000000000000e+00,3.053435114503819658e-01,0.000000000000000000e+00,1.000000000000000000e+00,0.000000000000000000e+00,4.545454545454544193e-02,1.111111111111114380e-01,8.554913294797691359e-01,9.931740614334468864e-01,1.000000000000000000e+00,0.000000000000000000e+00,0.000000000000000000e+00,1.000000000000000000e+00,0.000000000000000000e+00,1.000000000000000000e+00,0.000000000000000000e+00,9.930200093066542388e-01,9.517453798767968598e-01,7.490636704119855993e-02,0.000000000000000000e+00,1.000000000000000000e+00,0.000000000000000000e+00,4.999999999999998890e-01,0.000000000000000000e+00,1.000000000000000000e+00,0.000000000000000000e+00,8.679245283018864887e-01,5.454545454545454142e-01,1.535580524344569986e-01,0.000000000000000000e+00,0.000000000000000000e+00,0.000000000000000000e+00,0.000000000000000000e+00,0.000000000000000000e+00,3.571428571428572063e-01,8.814814814814813104e-01,1.527777777777779011e-01,2.324561403508774993e-01,7.500000000000000000e-01,4.655172413793112196e-01,1.428571428571428770e-01,1.666666666666666574e-01,0.000000000000000000e+00,0.000000000000000000e+00,5.000000000000000000e-01,4.628099173553713586e-01,5.000000000000001110e-01,0.000000000000000000e+00,0.000000000000000000e+00,0.000000000000000000e+00,0.000000000000000000e+00,0.000000000000000000e+00
0.000000000000000000e+00,3.053435114503819658e-01,0.000000000000000000e+00,1.000000000000000000e+00,0.000000000000000000e+00,4.545454545454544193e-02,1.111111111111114380e-01,8.554913294797691359e-01,9.920364050056881267e-01,1.000000000000000000e+00,0.000000000000000000e+00,0.000000000000000000e+00,1.000000000000000000e+00,0.000000000000000000e+00,1.000000000000000000e+00,0.000000000000000000e+00,9.906933457422055778e-01,9.517453798767968598e-01,7.490636704119855993e-02,0.000000000000000000e+00,1.000000000000000000e+00,0.000000000000000000e+00,4.999999999999998890e-01,0.000000000000000000e+00,1.000000000000000000e+00,0.000000000000000000e+00,8.679245283018864887e-01,5.454545454545454142e-01,1.516853932584270315e-01,0.000000000000000000e+00,0.000000000000000000e+00,0.000000000000000000e+00,0.000000000000000000e+00,0.000000000000000000e+00,3.571428571428572063e-01,8.814814814814813104e-01,1.527777777777779011e-01,2.324561403508774993e-01,7.500000000000000000e-01,5.689655172413785600e-01,1.428571428571428770e-01,7.500000000000000000e-01,0.000000000000000000e+00,0.000000000000000000e+00,5.000000000000000000e-01,4.628099173553713586e-01,5.000000000000001110e-01,0.000000000000000000e+00,0.000000000000000000e+00,0.000000000000000000e+00,0.000000000000000000e+00,0.000000000000000000e+00
0.000000000000000000e+00,3.015267175572521330e-01,0.000000000000000000e+00,1.000000000000000000e+00,0.000000000000000000e+00,4.545454545454544193e-02,1.111111111111114380e-01,8.554913294797691359e-01,9.920364050056881267e-01,1.000000000000000000e+00,0.000000000000000000e+00,0.000000000000000000e+00,1.000000000000000000e+00,0.000000000000000000e+00,1.000000000000000000e+00,0.000000000000000000e+00,9.883666821777570277e-01,9.517453798767968598e-01,7.490636704119855993e-02,0.000000000000000000e+00,1.000000000000000000e+00,0.000000000000000000e+00,4.999999999999998890e-01,0.000000000000000000e+00,1.000000000000000000e+00,0.000000000000000000e+00,8.679245283018864887e-01,5.454545454545454142e-01,1.516853932584270315e-01,0.000000000000000000e+00,0.000000000000000000e+00,0.000000000000000000e+00,0.000000000000000000e+00,0.000000000000000000e+00,3.571428571428572063e-01,8.814814814814813104e-01,1.527777777777779011e-01,2.324561403508774993e-01,6.249999999999998890e-01,7.241379310344822073e-01,1.428571428571428770e-01,7.500000000000000000e-01,0.000000000000000000e+00,0.000000000000000000e+00,5.000000000000000000e-01,4.628099173553713586e-01,5.000000000000001110e-01,0.000000000000000000e+00,0.000000000000000000e+00,0.000000000000000000e+00,0.000000000000000000e+00,0.000000000000000000e+00
0.000000000000000000e+00,2.977099236641224111e-01,0.000000000000000000e+00,1.000000000000000000e+00,0.000000000000000000e+00,4.545454545454544193e-02,1.111111111111114380e-01,8.554913294797691359e-01,9.931740614334468864e-01,1.000000000000000000e+00,0.000000000000000000e+00,0.000000000000000000e+00,1.000000000000000000e+00,0.000000000000000000e+00,1.000000000000000000e+00,0.000000000000000000e+00,9.860400186133084777e-01,9.517453798767968598e-01,7.490636704119855993e-02,0.000000000000000000e+00,1.000000000000000000e+00,0.000000000000000000e+00,4.999999999999998890e-01,0.000000000000000000e+00,1.000000000000000000e+00,0.000000000000000000e+00,8.679245283018864887e-01,5.454545454545454142e-01,1.516853932584270315e-01,0.000000000000000000e+00,0.000000000000000000e+00,0.000000000000000000e+00,0.000000000000000000e+00,0.000000000000000000e+00,3.571428571428572063e-01,8.370370370370371349e-01,1.527777777777779011e-01,2.324561403508774993e-01,6.249999999999998890e-01,8.448275862068963526e-01,1.428571428571428770e-01,7.500000000000000000e-01,0.000000000000000000e+00,0.000000000000000000e+00,5.000000000000000000e-01,4.628099173553713586e-01,3.333333333333333703e-01,0.000000000000000000e+00,0.000000000000000000e+00,0.000000000000000000e+00,0.000000000000000000e+00,0.000000000000000000e+00
0.000000000000000000e+00,2.938931297709925783e-01,0.000000000000000000e+00,1.000000000000000000e+00,0.000000000000000000e+00,4.545454545454544193e-02,1.111111111111114380e-01,8.554913294797691359e-01,9.931740614334468864e-01,1.000000000000000000e+00,0.000000000000000000e+00,0.000000000000000000e+00,1.000000000000000000e+00,0.000000000000000000e+00,1.000000000000000000e+00,0.000000000000000000e+00,9.860400186133084777e-01,9.527720739219713852e-01,7.865168539325849417e-02,0.000000000000000000e+00,1.000000000000000000e+00,0.000000000000000000e+00,4.999999999999998890e-01,0.000000000000000000e+00,1.000000000000000000e+00,0.000000000000000000e+00,8.679245283018864887e-01,6.363636363636363535e-01,1.535580524344569986e-01,0.000000000000000000e+00,0.000000000000000000e+00,0.000000000000000000e+00,0.000000000000000000e+00,0.000000000000000000e+00,3.571428571428572063e-01,8.370370370370371349e-01,1.527777777777779011e-01,2.324561403508774993e-01,6.249999999999998890e-01,8.103448275862064065e-01,1.428571428571428770e-01,7.500000000000000000e-01,0.000000000000000000e+00,0.000000000000000000e+00,5.000000000000000000e-01,4.628099173553713586e-01,3.333333333333333703e-01,0.000000000000000000e+00,0.000000000000000000e+00,0.000000000000000000e+00,0.000000000000000000e+00,0.000000000000000000e+00
0.000000000000000000e+00,2.938931297709925783e-01,0.000000000000000000e+00,1.000000000000000000e+00,0.000000000000000000e+00,4.545454545454544193e-02,1.111111111111114380e-01,8.554913294797691359e-01,9.920364050056881267e-01,1.000000000000000000e+00,0.000000000000000000e+00,0.000000000000000000e+00,1.000000000000000000e+00,0.000000000000000000e+00,1.000000000000000000e+00,0.000000000000000000e+00,9.837133550488598166e-01,9.527720739219713852e-01,7.865168539325849417e-02,0.000000000000000000e+00,1.000000000000000000e+00,0.000000000000000000e+00,4.999999999999998890e-01,0.000000000000000000e+00,1.000000000000000000e+00,0.000000000000000000e+00,8.679245283018864887e-01,7.272727272727271819e-01,1.516853932584270315e-01,0.000000000000000000e+00,0.000000000000000000e+00,0.000000000000000000e+00,0.000000000000000000e+00,0.000000000000000000e+00,3.571428571428572063e-01,8.370370370370371349e-01,1.527777777777779011e-01,2.324561403508774993e-01,6.249999999999998890e-01,6.206896551724130351e-01,1.428571428571428770e-01,7.500000000000000000e-01,0.000000000000000000e+00,0.000000000000000000e+00,5.000000000000000000e-01,4.628099173553713586e-01,3.333333333333333703e-01,0.000000000000000000e+00,0.000000000000000000e+00,0.000000000000000000e+00,0.000000000000000000e+00,0.000000000000000000e+00
0.000000000000000000e+00,2.938931297709925783e-01,0.000000000000000000e+00,1.000000000000000000e+00,0.000000000000000000e+00,4.545454545454544193e-02,1.111111111111114380e-01,8.554913294797691359e-01,9.908987485779293669e-01,1.000000000000000000e+00,0.000000000000000000e+00,0.000000000000000000e+00,1.000000000000000000e+00,0.000000000000000000e+00,1.000000000000000000e+00,0.000000000000000000e+00,9.837133550488598166e-01,9.527720739219713852e-01,7.865168539325849417e-02,0.000000000000000000e+00,1.000000000000000000e+00,0.000000000000000000e+00,4.999999999999998890e-01,0.000000000000000000e+00,1.000000000000000000e+00,0.000000000000000000e+00,8.679245283018864887e-01,7.272727272727271819e-01,1.516853932584270315e-01,0.000000000000000000e+00,0.000000000000000000e+00,0.000000000000000000e+00,0.000000000000000000e+00,0.000000000000000000e+00,3.571428571428572063e-01,8.370370370370371349e-01,1.527777777777779011e-01,3.114035087719299044e-01,6.249999999999998890e-01,3.965517241379317714e-01,1.428571428571428770e-01,7.500000000000000000e-01,0.000000000000000000e+00,0.000000000000000000e+00,5.000000000000000000e-01,4.628099173553713586e-01,3.333333333333333703e-01,0.000000000000000000e+00,0.000000000000000000e+00,0.000000000000000000e+00,0.000000000000000000e+00,0.000000000000000000e+00
0.000000000000000000e+00,2.900763358778628009e-01,0.000000000000000000e+00,1.000000000000000000e+00,0.000000000000000000e+00,4.545454545454544193e-02,1.111111111111114380e-01,8.497109826589598347e-01,9.908987485779293669e-01,1.000000000000000000e+00,0.000000000000000000e+00,0.000000000000000000e+00,1.000000000000000000e+00,0.000000000000000000e+00,1.000000000000000000e+00,0.000000000000000000e+00,9.837133550488598166e-01,9.527720739219713852e-01,7.865168539325849417e-02,0.000000000000000000e+00,1.000000000000000000e+00,0.000000000000000000e+00,4.999999999999998890e-01,0.000000000000000000e+00,1.000000000000000000e+00,0.000000000000000000e+00,8.679245283018864887e-01,7.272727272727271819e-01,1.535580524344569986e-01,0.000000000000000000e+00,0.000000000000000000e+00,0.000000000000000000e+00,0.000000000000000000e+00,0.000000000000000000e+00,3.571428571428572063e-01,8.370370370370371349e-01,1.527777777777779011e-01,3.114035087719299044e-01,6.249999999999998890e-01,2.758620689655177372e-01,1.428571428571428770e-01,7.500000000000000000e-01,0.000000000000000000e+00,0.000000000000000000e+00,5.000000000000000000e-01,4.628099173553713586e-01,3.333333333333333703e-01,0.000000000000000000e+00,0.000000000000000000e+00,0.000000000000000000e+00,0.000000000000000000e+00,0.000000000000000000e+00
0.000000000000000000e+00,2.862595419847330791e-01,0.000000000000000000e+00,1.000000000000000000e+00,0.000000000000000000e+00,4.545454545454544193e-02,5.555555555555571901e-02,8.497109826589598347e-01,9.908987485779293669e-01,1.000000000000000000e+00,0.000000000000000000e+00,0.000000000000000000e+00,1.000000000000000000e+00,0.000000000000000000e+00,1.000000000000000000e+00,0.000000000000000000e+00,9.837133550488598166e-01,9.527720739219713852e-01,7.865168539325849417e-02,0.000000000000000000e+00,1.000000000000000000e+00,0.000000000000000000e+00,4.999999999999998890e-01,0.000000000000000000e+00,1.000000000000000000e+00,0.000000000000000000e+00,8.679245283018864887e-01,7.272727272727271819e-01,1.535580524344569986e-01,0.000000000000000000e+00,0.000000000000000000e+00,0.000000000000000000e+00,0.000000000000000000e+00,0.000000000000000000e+00,3.571428571428572063e-01,8.370370370370371349e-01,1.527777777777779011e-01,3.114035087719299044e-01,6.249999999999998890e-01,2.586206896551728751e-01,1.428571428571428770e-01,7.500000000000000000e-01,0.000000000000000000e+00,0.000000000000000000e+00,5.000000000000000000e-01,4.628099173553713586e-01,3.333333333333333703e-01,0.000000000000000000e+00,0.000000000000000000e+00,0.000000000000000000e+00,0.000000000000000000e+00,0.000000000000000000e+00
0.000000000000000000e+00,2.862595419847330791e-01,0.000000000000000000e+00,1.000000000000000000e+00,0.000000000000000000e+00,4.545454545454544193e-02,5.555555555555571901e-02,8.497109826589598347e-01,9.920364050056881267e-01,1.000000000000000000e+00,0.000000000000000000e+00,0.000000000000000000e+00,1.000000000000000000e+00,0.000000000000000000e+00,1.000000000000000000e+00,0.000000000000000000e+00,9.837133550488598166e-01,9.527720739219713852e-01,7.865168539325849417e-02,0.000000000000000000e+00,1.000000000000000000e+00,0.000000000000000000e+00,4.999999999999998890e-01,0.000000000000000000e+00,1.000000000000000000e+00,0.000000000000000000e+00,8.679245283018864887e-01,7.272727272727271819e-01,1.535580524344569986e-01,0.000000000000000000e+00,0.000000000000000000e+00,0.000000000000000000e+00,0.000000000000000000e+00,0.000000000000000000e+00,3.571428571428572063e-01,8.370370370370371349e-01,1.527777777777779011e-01,3.114035087719299044e-01,6.249999999999998890e-01,2.931034482758625992e-01,1.428571428571428770e-01,3.333333333333333148e-01,0.000000000000000000e+00,0.000000000000000000e+00,5.000000000000000000e-01,4.628099173553713586e-01,3.333333333333333703e-01,0.000000000000000000e+00,0.000000000000000000e+00,0.000000000000000000e+00,0.000000000000000000e+00,0.000000000000000000e+00
0.000000000000000000e+00,2.862595419847330791e-01,0.000000000000000000e+00,1.000000000000000000e+00,0.000000000000000000e+00,4.545454545454544193e-02,5.555555555555571901e-02,8.497109826589598347e-01,9.920364050056881267e-01,1.000000000000000000e+00,0.000000000000000000e+00,0.000000000000000000e+00,1.000000000000000000e+00,0.000000000000000000e+00,1.000000000000000000e+00,0.000000000000000000e+00,9.837133550488598166e-01,9.527720739219713852e-01,7.865168539325849417e-02,0.000000000000000000e+00,1.000000000000000000e+00,0.000000000000000000e+00,4.999999999999998890e-01,0.000000000000000000e+00,1.000000000000000000e+00,0.000000000000000000e+00,8.679245283018864887e-01,7.272727272727271819e-01,1.535580524344569986e-01,0.000000000000000000e+00,0.000000000000000000e+00,0.000000000000000000e+00,0.000000000000000000e+00,0.000000000000000000e+00,3.571428571428572063e-01,8.370370370370371349e-01,1.527777777777779011e-01,3.114035087719299044e-01,6.249999999999998890e-01,2.931034482758625992e-01,1.428571428571428770e-01,3.333333333333333148e-01,0.000000000000000000e+00,0.000000000000000000e+00,5.000000000000000000e-01,4.628099173553713586e-01,3.333333333333333703e-01,0.000000000000000000e+00,0.000000000000000000e+00,0.000000000000000000e+00,0.000000000000000000e+00,0.000000000000000000e+00
0.000000000000000000e+00,2.862595419847330791e-01,0.000000000000000000e+00,1.000000000000000000e+00,0.000000000000000000e+00,4.545454545454544193e-02,5.555555555555571901e-02,8.497109826589598347e-01,9.920364050056881267e-01,1.000000000000000000e+00,0.000000000000000000e+00,0.000000000000000000e+00,1.000000000000000000e+00,0.000000000000000000e+00,1.000000000000000000e+00,0.000000000000000000e+00,9.860400186133084777e-01,9.527720739219713852e-01,7.865168539325849417e-02,0.000000000000000000e+00,1.000000000000000000e+00,0.000000000000000000e+00,4.999999999999998890e-01,0.000000000000000000e+00,1.000000000000000000e+00,0.000000000000000000e+00,8.679245283018864887e-01,7.272727272727271819e-01,1.535580524344569986e-01,0.000000000000000000e+00,0.000000000000000000e+00,0.000000000000000000e+00,0.000000000000000000e+00,0.000000000000000000e+00,3.571428571428572063e-01,8.370370370370371349e-01,1.388888888888889783e-01,3.114035087719299044e-01,6.249999999999998890e-01,3.448275862068971853e-01,1.428571428571428770e-01,0.000000000000000000e+00,0.000000000000000000e+00,0.000000000000000000e+00,5.000000000000000000e-01,4.628099173553713586e-01,3.333333333333333703e-01,0.000000000000000000e+00,0.000000000000000000e+00,0.000000000000000000e+00,0.000000000000000000e+00,0.000000000000000000e+00
0.000000000000000000e+00,2.824427480916032462e-01,0.000000000000000000e+00,1.000000000000000000e+00,0.000000000000000000e+00,4.545454545454544193e-02,5.555555555555571901e-02,8.497109826589598347e-01,9.908987485779293669e-01,1.000000000000000000e+00,0.000000000000000000e+00,0.000000000000000000e+00,1.000000000000000000e+00,0.000000000000000000e+00,1.000000000000000000e+00,0.000000000000000000e+00,9.883666821777570277e-01,9.527720739219713852e-01,7.865168539325849417e-02,0.000000000000000000e+00,1.000000000000000000e+00,0.000000000000000000e+00,4.999999999999998890e-01,0.000000000000000000e+00,1.000000000000000000e+00,0.000000000000000000e+00,8.679245283018864887e-01,6.363636363636363535e-01,1.535580524344569986e-01,0.000000000000000000e+00,0.000000000000000000e+00,0.000000000000000000e+00,0.000000000000000000e+00,0.000000000000000000e+00,3.571428571428572063e-01,8.703703703703702388e-01,1.250000000000000278e-01,3.114035087719299044e-01,6.249999999999998890e-01,4.827586206896560816e-01,1.428571428571428770e-01,4.166666666666666852e-01,0.000000000000000000e+00,0.000000000000000000e+00,5.000000000000000000e-01,4.628099173553713586e-01,3.333333333333333703e-01,0.000000000000000000e+00,0.000000000000000000e+00,0.000000000000000000e+00,0.000000000000000000e+00,0.000000000000000000e+00
0.000000000000000000e+00,2.824427480916032462e-01,0.000000000000000000e+00,1.000000000000000000e+00,0.000000000000000000e+00,4.545454545454544193e-02,5.555555555555571901e-02,8.497109826589598347e-01,9.908987485779293669e-01,1.000000000000000000e+00,0.000000000000000000e+00,0.000000000000000000e+00,1.000000000000000000e+00,0.000000000000000000e+00,1.000000000000000000e+00,0.000000000000000000e+00,9.883666821777570277e-01,9.527720739219713852e-01,7.865168539325849417e-02,0.000000000000000000e+00,1.000000000000000000e+00,0.000000000000000000e+00,4.999999999999998890e-01,0.000000000000000000e+00,1.000000000000000000e+00,0.000000000000000000e+00,8.679245283018864887e-01,5.454545454545454142e-01,1.535580524344569986e-01,0.000000000000000000e+00,0.000000000000000000e+00,0.000000000000000000e+00,0.000000000000000000e+00,0.000000000000000000e+00,3.571428571428572063e-01,8.703703703703702388e-01,1.250000000000000278e-01,3.114035087719299044e-01,6.249999999999998890e-01,3.965517241379317714e-01,1.428571428571428770e-01,7.500000000000000000e-01,0.000000000000000000e+00,0.000000000000000000e+00,5.000000000000000000e-01,4.628099173553713586e-01,3.333333333333333703e-01,0.000000000000000000e+00,0.000000000000000000e+00,0.000000000000000000e+00,0.000000000000000000e+00,0.000000000000000000e+00
0.000000000000000000e+00,2.824427480916032462e-01,0.000000000000000000e+00,1.000000000000000000e+00,0.000000000000000000e+00,4.545454545454544193e-02,5.555555555555571901e-02,8.497109826589598347e-01,9.908987485779293669e-01,1.000000000000000000e+00,0.000000000000000000e+00,0.000000000000000000e+00,1.000000000000000000e+00,0.000000000000000000e+00,1.000000000000000000e+00,0.000000000000000000e+00,9.906933457422055778e-01,9.537987679671459107e-01,7.865168539325849417e-02,0.000000000000000000e+00,1.000000000000000000e+00,0.000000000000000000e+00,4.999999999999998890e-01,0.000000000000000000e+00,1.000000000000000000e+00,0.000000000000000000e+00,8.679245283018864887e-01,5.454545454545454142e-01,1.535580524344569986e-01,0.000000000000000000e+00,0.000000000000000000e+00,0.000000000000000000e+00,0.000000000000000000e+00,0.000000000000000000e+00,3.571428571428572063e-01,8.703703703703702388e-01,1.250000000000000278e-01,3.114035087719299044e-01,3.750000000000000000e-01,2.586206896551728751e-01,1.428571428571428770e-01,7.500000000000000000e-01,0.000000000000000000e+00,0.000000000000000000e+00,2.500000000000000555e-01,4.628099173553713586e-01,3.333333333333333703e-01,0.000000000000000000e+00,0.000000000000000000e+00,0.000000000000000000e+00,0.000000000000000000e+00,0.000000000000000000e+00
0.000000000000000000e+00,2.786259541984735244e-01,0.000000000000000000e+00,1.000000000000000000e+00,0.000000000000000000e+00,4.545454545454544193e-02,5.555555555555571901e-02,8.497109826589598347e-01,9.908987485779293669e-01,1.000000000000000000e+00,0.000000000000000000e+00,0.000000000000000000e+00,1.000000000000000000e+00,0.000000000000000000e+00,1.000000000000000000e+00,0.000000000000000000e+00,9.906933457422055778e-01,9.537987679671459107e-01,8.239700374531840066e-02,0.000000000000000000e+00,1.000000000000000000e+00,0.000000000000000000e+00,4.999999999999998890e-01,0.000000000000000000e+00,1.000000000000000000e+00,0.000000000000000000e+00,8.679245283018864887e-01,5.454545454545454142e-01,1.516853932584270315e-01,0.000000000000000000e+00,0.000000000000000000e+00,0.000000000000000000e+00,0.000000000000000000e+00,0.000000000000000000e+00,3.571428571428572063e-01,8.703703703703702388e-01,1.250000000000000278e-01,3.114035087719299044e-01,3.750000000000000000e-01,3.448275862068971853e-01,2.857142857142857539e-01,7.500000000000000000e-01,0.000000000000000000e+00,0.000000000000000000e+00,0.000000000000000000e+00,4.628099173553713586e-01,3.333333333333333703e-01,0.000000000000000000e+00,0.000000000000000000e+00,0.000000000000000000e+00,0.000000000000000000e+00,0.000000000000000000e+00
0.000000000000000000e+00,2.748091603053437471e-01,0.000000000000000000e+00,1.000000000000000000e+00,0.000000000000000000e+00,4.545454545454544193e-02,5.555555555555571901e-02,8.497109826589598347e-01,9.908987485779293669e-01,1.000000000000000000e+00,0.000000000000000000e+00,0.000000000000000000e+00,1.000000000000000000e+00,0.000000000000000000e+00,1.000000000000000000e+00,0.000000000000000000e+00,9.906933457422055778e-01,9.537987679671459107e-01,7.865168539325849417e-02,0.000000000000000000e+00,1.000000000000000000e+00,0.000000000000000000e+00,4.999999999999998890e-01,0.000000000000000000e+00,1.000000000000000000e+00,0.000000000000000000e+00,8.679245283018864887e-01,6.363636363636363535e-01,1.535580524344569986e-01,0.000000000000000000e+00,0.000000000000000000e+00,0.000000000000000000e+00,0.000000000000000000e+00,0.000000000000000000e+00,3.571428571428572063e-01,8.703703703703702388e-01,1.250000000000000278e-01,3.114035087719299044e-01,3.750000000000000000e-01,5.172413793103457502e-01,2.857142857142857539e-01,7.500000000000000000e-01,0.000000000000000000e+00,0.000000000000000000e+00,0.000000000000000000e+00,4.628099173553713586e-01,0.000000000000000000e+00,0.000000000000000000e+00,0.000000000000000000e+00,0.000000000000000000e+00,0.000000000000000000e+00,0.000000000000000000e+00
0.000000000000000000e+00,2.748091603053437471e-01,0.000000000000000000e+00,1.000000000000000000e+00,0.000000000000000000e+00,4.545454545454544193e-02,5.555555555555571901e-02,8.497109826589598347e-01,9.908987485779293669e-01,1.000000000000000000e+00,0.000000000000000000e+00,0.000000000000000000e+00,1.000000000000000000e+00,0.000000000000000000e+00,1.000000000000000000e+00,0.000000000000000000e+00,9.906933457422055778e-01,9.537987679671459107e-01,7.865168539325849417e-02,0.000000000000000000e+00,1.000000000000000000e+00,0.000000000000000000e+00,4.999999999999998890e-01,0.000000000000000000e+00,1.000000000000000000e+00,0.000000000000000000e+00,8.679245283018864887e-01,6.363636363636363535e-01,1.535580524344569986e-01,0.000000000000000000e+00,0.000000000000000000e+00,0.000000000000000000e+00,0.000000000000000000e+00,0.000000000000000000e+00,3.571428571428572063e-01,8.703703703703702388e-01,1.250000000000000278e-01,3.114035087719299044e-01,3.750000000000000000e-01,6.034482758620682841e-01,4.285714285714285476e-01,7.500000000000000000e-01,0.000000000000000000e+00,0.000000000000000000e+00,0.000000000000000000e+00,4.628099173553713586e-01,0.000000000000000000e+00,0.000000000000000000e+00,0.000000000000000000e+00,0.000000000000000000e+00,0.000000000000000000e+00,0.000000000000000000e+00
0.000000000000000000e+00,2.709923664122139697e-01,0.000000000000000000e+00,1.000000000000000000e+00,0.000000000000000000e+00,4.545454545454544193e-02,5.555555555555571901e-02,8.497109826589598347e-01,9.908987485779293669e-01,1.000000000000000000e+00,0.000000000000000000e+00,0.000000000000000000e+00,1.000000000000000000e+00,0.000000000000000000e+00,1.000000000000000000e+00,0.000000000000000000e+00,9.906933457422055778e-01,9.537987679671459107e-01,7.865168539325849417e-02,0.000000000000000000e+00,1.000000000000000000e+00,0.000000000000000000e+00,4.999999999999998890e-01,0.000000000000000000e+00,1.000000000000000000e+00,0.000000000000000000e+00,8.679245283018864887e-01,6.363636363636363535e-01,1.535580524344569986e-01,0.000000000000000000e+00,0.000000000000000000e+00,0.000000000000000000e+00,0.000000000000000000e+00,0.000000000000000000e+00,3.571428571428572063e-01,8.703703703703702388e-01,1.250000000000000278e-01,3.114035087719299044e-01,3.750000000000000000e-01,6.034482758620682841e-01,7.142857142857143016e-01,7.500000000000000000e-01,0.000000000000000000e+00,0.000000000000000000e+00,0.000000000000000000e+00,4.628099173553713586e-01,0.000000000000000000e+00,0.000000000000000000e+00,0.000000000000000000e+00,0.000000000000000000e+00,0.000000000000000000e+00,0.000000000000000000e+00
0.000000000000000000e+00,2.671755725190841924e-01,0.000000000000000000e+00,1.000000000000000000e+00,0.000000000000000000e+00,4.545454545454544193e-02,5.555555555555571901e-02,8.554913294797691359e-01,9.908987485779293669e-01,1.000000000000000000e+00,0.000000000000000000e+00,0.000000000000000000e+00,1.000000000000000000e+00,0.000000000000000000e+00,1.000000000000000000e+00,0.000000000000000000e+00,9.906933457422055778e-01,9.537987679671459107e-01,7.865168539325849417e-02,0.000000000000000000e+00,1.000000000000000000e+00,0.000000000000000000e+00,4.999999999999998890e-01,0.000000000000000000e+00,1.000000000000000000e+00,0.000000000000000000e+00,8.679245283018864887e-01,6.363636363636363535e-01,1.516853932584270315e-01,0.000000000000000000e+00,0.000000000000000000e+00,0.000000000000000000e+00,0.000000000000000000e+00,0.000000000000000000e+00,3.571428571428572063e-01,8.703703703703702388e-01,1.250000000000000278e-01,3.114035087719299044e-01,3.750000000000000000e-01,6.034482758620682841e-01,4.285714285714285476e-01,7.500000000000000000e-01,0.000000000000000000e+00,0.000000000000000000e+00,0.000000000000000000e+00,4.628099173553713586e-01,0.000000000000000000e+00,0.000000000000000000e+00,0.000000000000000000e+00,0.000000000000000000e+00,0.000000000000000000e+00,0.000000000000000000e+00
0.000000000000000000e+00,2.633587786259543595e-01,0.000000000000000000e+00,1.000000000000000000e+00,0.000000000000000000e+00,4.545454545454544193e-02,5.555555555555571901e-02,8.612716763005782150e-01,9.908987485779293669e-01,1.000000000000000000e+00,0.000000000000000000e+00,0.000000000000000000e+00,1.000000000000000000e+00,0.000000000000000000e+00,1.000000000000000000e+00,0.000000000000000000e+00,9.906933457422055778e-01,9.537987679671459107e-01,7.865168539325849417e-02,0.000000000000000000e+00,1.000000000000000000e+00,0.000000000000000000e+00,4.999999999999998890e-01,0.000000000000000000e+00,1.000000000000000000e+00,0.000000000000000000e+00,8.490566037735848282e-01,6.363636363636363535e-01,1.535580524344569986e-01,0.000000000000000000e+00,0.000000000000000000e+00,0.000000000000000000e+00,0.000000000000000000e+00,0.000000000000000000e+00,3.571428571428572063e-01,8.703703703703702388e-01,1.250000000000000278e-01,3.114035087719299044e-01,3.750000000000000000e-01,5.172413793103457502e-01,4.285714285714285476e-01,7.500000000000000000e-01,0.000000000000000000e+00,0.000000000000000000e+00,0.000000000000000000e+00,4.628099173553713586e-01,0.000000000000000000e+00,0.000000000000000000e+00,0.000000000000000000e+00,0.000000000000000000e+00,0.000000000000000000e+00,0.000000000000000000e+00
0.000000000000000000e+00,2.595419847328246377e-01,0.000000000000000000e+00,1.000000000000000000e+00,0.000000000000000000e+00,4.545454545454544193e-02,5.555555555555571901e-02,8.612716763005782150e-01,9.908987485779293669e-01,1.000000000000000000e+00,0.000000000000000000e+00,0.000000000000000000e+00,1.000000000000000000e+00,0.000000000000000000e+00,1.000000000000000000e+00,0.000000000000000000e+00,9.906933457422055778e-01,9.527720739219713852e-01,7.865168539325849417e-02,0.000000000000000000e+00,1.000000000000000000e+00,0.000000000000000000e+00,4.999999999999998890e-01,0.000000000000000000e+00,1.000000000000000000e+00,0.000000000000000000e+00,8.490566037735848282e-01,6.363636363636363535e-01,1.535580524344569986e-01,0.000000000000000000e+00,0.000000000000000000e+00,0.000000000000000000e+00,0.000000000000000000e+00,0.000000000000000000e+00,3.571428571428572063e-01,8.703703703703702388e-01,1.250000000000000278e-01,3.114035087719299044e-01,6.249999999999998890e-01,5.689655172413785600e-01,4.285714285714285476e-01,6.666666666666667407e-01,0.000000000000000000e+00,0.000000000000000000e+00,0.000000000000000000e+00,4.628099173553713586e-01,1.666666666666666574e-01,0.000000000000000000e+00,0.000000000000000000e+00,0.000000000000000000e+00,0.000000000000000000e+00,0.000000000000000000e+00
0.000000000000000000e+00,2.595419847328246377e-01,0.000000000000000000e+00,1.000000000000000000e+00,0.000000000000000000e+00,4.545454545454544193e-02,5.555555555555571901e-02,8.612716763005782150e-01,9.908987485779293669e-01,1.000000000000000000e+00,0.000000000000000000e+00,0.000000000000000000e+00,1.000000000000000000e+00,0.000000000000000000e+00,1.000000000000000000e+00,0.000000000000000000e+00,9.883666821777570277e-01,9.527720739219713852e-01,7.490636704119855993e-02,0.000000000000000000e+00,1.000000000000000000e+00,0.000000000000000000e+00,4.999999999999998890e-01,0.000000000000000000e+00,1.000000000000000000e+00,0.000000000000000000e+00,7.830188679245283501e-01,5.454545454545454142e-01,1.535580524344569986e-01,0.000000000000000000e+00,0.000000000000000000e+00,0.000000000000000000e+00,0.000000000000000000e+00,0.000000000000000000e+00,3.571428571428572063e-01,8.703703703703702388e-01,1.250000000000000278e-01,3.114035087719299044e-01,6.249999999999998890e-01,7.241379310344822073e-01,4.285714285714285476e-01,3.333333333333333148e-01,0.000000000000000000e+00,0.000000000000000000e+00,2.500000000000000555e-01,4.628099173553713586e-01,3.333333333333333703e-01,0.000000000000000000e+00,0.000000000000000000e+00,0.000000000000000000e+00,0.000000000000000000e+00,0.000000000000000000e+00
0.000000000000000000e+00,2.595419847328246377e-01,0.000000000000000000e+00,1.000000000000000000e+00,0.000000000000000000e+00,4.545454545454544193e-02,5.555555555555571901e-02,8.612716763005782150e-01,9.908987485779293669e-01,1.000000000000000000e+00,0.000000000000000000e+00,0.000000000000000000e+00,1.000000000000000000e+00,0.000000000000000000e+00,1.000000000000000000e+00,0.000000000000000000e+00,9.883666821777570277e-01,9.527720739219713852e-01,7.865168539325849417e-02,0.000000000000000000e+00,1.000000000000000000e+00,0.000000000000000000e+00,4.999999999999998890e-01,0.000000000000000000e+00,1.000000000000000000e+00,0.000000000000000000e+00,7.830188679245283501e-01,4.545454545454545303e-01,1.554307116104869380e-01,0.000000000000000000e+00,0.000000000000000000e+00,0.000000000000000000e+00,0.000000000000000000e+00,0.000000000000000000e+00,3.571428571428572063e-01,8.703703703703702388e-01,1.250000000000000278e-01,3.114035087719299044e-01,6.249999999999998890e-01,6.551724137931027592e-01,4.285714285714285476e-01,2.499999999999999722e-01,0.000000000000000000e+00,0.000000000000000000e+00,2.500000000000000555e-01,4.628099173553713586e-01,3.333333333333333703e-01,0.000000000000000000e+00,0.000000000000000000e+00,0.000000000000000000e+00,0.000000000000000000e+00,0.000000000000000000e+00
0.000000000000000000e+00,2.557251908396948603e-01,0.000000000000000000e+00,1.000000000000000000e+00,0.000000000000000000e+00,4.545454545454544193e-02,5.555555555555571901e-02,8.612716763005782150e-01,9.908987485779293669e-01,1.000000000000000000e+00,0.000000000000000000e+00,0.000000000000000000e+00,1.000000000000000000e+00,0.000000000000000000e+00,1.000000000000000000e+00,0.000000000000000000e+00,9.883666821777570277e-01,9.527720739219713852e-01,7.865168539325849417e-02,0.000000000000000000e+00,1.000000000000000000e+00,0.000000000000000000e+00,4.999999999999998890e-01,0.000000000000000000e+00,1.000000000000000000e+00,0.000000000000000000e+00,7.830188679245283501e-01,4.545454545454545303e-01,1.554307116104869380e-01,0.000000000000000000e+00,0.000000000000000000e+00,0.000000000000000000e+00,0.000000000000000000e+00,0.000000000000000000e+00,3.571428571428572063e-01,9.222222222222221655e-01,1.250000000000000278e-01,3.114035087719299044e-01,6.249999999999998890e-01,6.034482758620682841e-01,1.428571428571428770e-01,7.500000000000000000e-01,0.000000000000000000e+00,0.000000000000000000e+00,2.500000000000000555e-01,4.628099173553713586e-01,3.333333333333333703e-01,0.000000000000000000e+00,0.000000000000000000e+00,0.000000000000000000e+00,0.000000000000000000e+00,0.000000000000000000e+00
0.000000000000000000e+00,2.557251908396948603e-01,0.000000000000000000e+00,1.000000000000000000e+00,0.000000000000000000e+00,4.545454545454544193e-02,8.333333333333363402e-02,8.612716763005782150e-01,9.908987485779293669e-01,1.000000000000000000e+00,0.000000000000000000e+00,0.000000000000000000e+00,1.000000000000000000e+00,0.000000000000000000e+00,1.000000000000000000e+00,0.000000000000000000e+00,9.883666821777570277e-01,9.527720739219713852e-01,7.490636704119855993e-02,0.000000000000000000e+00,1.000000000000000000e+00,0.000000000000000000e+00,4.999999999999998890e-01,0.000000000000000000e+00,1.000000000000000000e+00,0.000000000000000000e+00,7.830188679245283501e-01,6.363636363636363535e-01,1.554307116104869380e-01,0.000000000000000000e+00,0.000000000000000000e+00,0.000000000000000000e+00,0.000000000000000000e+00,0.000000000000000000e+00,3.571428571428572063e-01,9.222222222222221655e-01,1.250000000000000278e-01,3.114035087719299044e-01,6.249999999999998890e-01,4.655172413793112196e-01,1.428571428571428770e-01,7.500000000000000000e-01,0.000000000000000000e+00,0.000000000000000000e+00,2.500000000000000555e-01,8.677685950413221994e-01,3.333333333333333703e-01,0.000000000000000000e+00,0.000000000000000000e+00,0.000000000000000000e+00,0.000000000000000000e+00,0.000000000000000000e+00
0.000000000000000000e+00,2.519083969465650830e-01,0.000000000000000000e+00,1.000000000000000000e+00,0.000000000000000000e+00,4.545454545454544193e-02,8.333333333333363402e-02,8.612716763005782150e-01,9.908987485779293669e-01,1.000000000000000000e+00,0.000000000000000000e+00,0.000000000000000000e+00,1.000000000000000000e+00,0.000000000000000000e+00,1.000000000000000000e+00,0.000000000000000000e+00,9.906933457422055778e-01,9.527720739219713852e-01,7.865168539325849417e-02,0.000000000000000000e+00,1.000000000000000000e+00,0.000000000000000000e+00,4.999999999999998890e-01,0.000000000000000000e+00,1.000000000000000000e+00,0.000000000000000000e+00,7.830188679245283501e-01,6.363636363636363535e-01,1.573033707865169051e-01,0.000000000000000000e+00,0.000000000000000000e+00,0.000000000000000000e+00,0.000000000000000000e+00,0.000000000000000000e+00,3.571428571428572063e-01,9.222222222222221655e-01,1.250000000000000278e-01,3.114035087719299044e-01,6.249999999999998890e-01,3.448275862068971853e-01,1.428571428571428770e-01,7.500000000000000000e-01,0.000000000000000000e+00,0.000000000000000000e+00,2.500000000000000555e-01,8.677685950413221994e-01,3.333333333333333703e-01,0.000000000000000000e+00,0.000000000000000000e+00,0.000000000000000000e+00,0.000000000000000000e+00,0.000000000000000000e+00
0.000000000000000000e+00,2.442748091603055560e-01,0.000000000000000000e+00,1.000000000000000000e+00,0.000000000000000000e+00,4.545454545454544193e-02,8.333333333333363402e-02,8.612716763005782150e-01,9.908987485779293669e-01,1.000000000000000000e+00,0.000000000000000000e+00,0.000000000000000000e+00,1.000000000000000000e+00,0.000000000000000000e+00,1.000000000000000000e+00,0.000000000000000000e+00,9.930200093066542388e-01,9.527720739219713852e-01,7.865168539325849417e-02,0.000000000000000000e+00,1.000000000000000000e+00,0.000000000000000000e+00,4.999999999999998890e-01,0.000000000000000000e+00,1.000000000000000000e+00,0.000000000000000000e+00,7.877358490566035432e-01,6.363636363636363535e-01,1.573033707865169051e-01,0.000000000000000000e+00,0.000000000000000000e+00,0.000000000000000000e+00,0.000000000000000000e+00,0.000000000000000000e+00,3.571428571428572063e-01,9.222222222222221655e-01,1.250000000000000278e-01,3.114035087719299044e-01,6.249999999999998890e-01,2.586206896551728751e-01,1.428571428571428770e-01,7.500000000000000000e-01,0.000000000000000000e+00,0.000000000000000000e+00,5.000000000000000000e-01,8.677685950413221994e-01,3.333333333333333703e-01,0.000000000000000000e+00,0.000000000000000000e+00,0.000000000000000000e+00,0.000000000000000000e+00,0.000000000000000000e+00
0.000000000000000000e+00,2.442748091603055560e-01,0.000000000000000000e+00,1.000000000000000000e+00,0.000000000000000000e+00,4.545454545454544193e-02,8.333333333333363402e-02,8.612716763005782150e-01,9.908987485779293669e-01,1.000000000000000000e+00,0.000000000000000000e+00,0.000000000000000000e+00,1.000000000000000000e+00,0.000000000000000000e+00,1.000000000000000000e+00,0.000000000000000000e+00,9.930200093066542388e-01,9.517453798767968598e-01,7.865168539325849417e-02,0.000000000000000000e+00,1.000000000000000000e+00,0.000000000000000000e+00,4.999999999999998890e-01,0.000000000000000000e+00,1.000000000000000000e+00,0.000000000000000000e+00,7.877358490566035432e-01,6.363636363636363535e-01,1.573033707865169051e-01,0.000000000000000000e+00,0.000000000000000000e+00,0.000000000000000000e+00,0.000000000000000000e+00,0.000000000000000000e+00,3.571428571428572063e-01,9.222222222222221655e-01,1.250000000000000278e-01,3.114035087719299044e-01,6.249999999999998890e-01,1.206896551724140343e-01,1.428571428571428770e-01,7.500000000000000000e-01,0.000000000000000000e+00,0.000000000000000000e+00,5.000000000000000000e-01,8.677685950413221994e-01,5.000000000000001110e-01,0.000000000000000000e+00,0.000000000000000000e+00,0.000000000000000000e+00,0.000000000000000000e+00,0.000000000000000000e+00
0.000000000000000000e+00,2.404580152671757787e-01,0.000000000000000000e+00,1.000000000000000000e+00,0.000000000000000000e+00,4.545454545454544193e-02,8.333333333333363402e-02,8.612716763005782150e-01,9.908987485779293669e-01,1.000000000000000000e+00,0.000000000000000000e+00,0.000000000000000000e+00,1.000000000000000000e+00,0.000000000000000000e+00,1.000000000000000000e+00,0.000000000000000000e+00,9.930200093066542388e-01,9.517453798767968598e-01,7.865168539325849417e-02,0.000000000000000000e+00,1.000000000000000000e+00,0.000000000000000000e+00,4.999999999999998890e-01,0.000000000000000000e+00,1.000000000000000000e+00,0.000000000000000000e+00,8.113207547169808409e-01,6.363636363636363535e-01,1.573033707865169051e-01,0.000000000000000000e+00,0.000000000000000000e+00,0.000000000000000000e+00,0.000000000000000000e+00,0.000000000000000000e+00,3.571428571428572063e-01,9.222222222222221655e-01,1.250000000000000278e-01,3.114035087719299044e-01,6.249999999999998890e-01,1.724137931034486204e-02,1.428571428571428770e-01,7.500000000000000000e-01,0.000000000000000000e+00,0.000000000000000000e+00,5.000000000000000000e-01,3.305785123966935024e-01,5.000000000000001110e-01,0.000000000000000000e+00,0.000000000000000000e+00,0.000000000000000000e+00,0.000000000000000000e+00,0.000000000000000000e+00
0.000000000000000000e+00,2.404580152671757787e-01,0.000000000000000000e+00,1.000000000000000000e+00,0.000000000000000000e+00,4.545454545454544193e-02,8.333333333333363402e-02,8.612716763005782150e-01,9.908987485779293669e-01,1.000000000000000000e+00,0.000000000000000000e+00,0.000000000000000000e+00,1.000000000000000000e+00,0.000000000000000000e+00,1.000000000000000000e+00,0.000000000000000000e+00,9.906933457422055778e-01,9.517453798767968598e-01,7.865168539325849417e-02,0.000000000000000000e+00,1.000000000000000000e+00,0.000000000000000000e+00,4.999999999999998890e-01,0.000000000000000000e+00,1.000000000000000000e+00,0.000000000000000000e+00,8.113207547169808409e-01,7.272727272727271819e-01,1.573033707865169051e-01,0.000000000000000000e+00,0.000000000000000000e+00,0.000000000000000000e+00,0.000000000000000000e+00,0.000000000000000000e+00,3.571428571428572063e-01,9.222222222222221655e-01,1.250000000000000278e-01,3.114035087719299044e-01,6.249999999999998890e-01,0.000000000000000000e+00,1.428571428571428770e-01,7.500000000000000000e-01,0.000000000000000000e+00,0.000000000000000000e+00,5.000000000000000000e-01,3.305785123966935024e-01,5.000000000000001110e-01,0.000000000000000000e+00,0.000000000000000000e+00,0.000000000000000000e+00,0.000000000000000000e+00,0.000000000000000000e+00
0.000000000000000000e+00,2.366412213740459736e-01,0.000000000000000000e+00,1.000000000000000000e+00,0.000000000000000000e+00,4.545454545454544193e-02,8.333333333333363402e-02,8.497109826589598347e-01,9.908987485779293669e-01,1.000000000000000000e+00,0.000000000000000000e+00,0.000000000000000000e+00,1.000000000000000000e+00,0.000000000000000000e+00,1.000000000000000000e+00,0.000000000000000000e+00,9.906933457422055778e-01,9.517453798767968598e-01,7.865168539325849417e-02,0.000000000000000000e+00,1.000000000000000000e+00,0.000000000000000000e+00,4.999999999999998890e-01,0.000000000000000000e+00,1.000000000000000000e+00,0.000000000000000000e+00,8.113207547169808409e-01,7.272727272727271819e-01,1.573033707865169051e-01,0.000000000000000000e+00,0.000000000000000000e+00,0.000000000000000000e+00,0.000000000000000000e+00,0.000000000000000000e+00,3.571428571428572063e-01,9.222222222222221655e-01,1.250000000000000278e-01,3.114035087719299044e-01,6.249999999999998890e-01,0.000000000000000000e+00,1.428571428571428770e-01,7.500000000000000000e-01,0.000000000000000000e+00,0.000000000000000000e+00,5.000000000000000000e-01,3.305785123966935024e-01,5.000000000000001110e-01,0.000000000000000000e+00,0.000000000000000000e+00,0.000000000000000000e+00,0.000000000000000000e+00,0.000000000000000000e+00
0.000000000000000000e+00,2.366412213740459736e-01,0.000000000000000000e+00,1.000000000000000000e+00,0.000000000000000000e+00,4.545454545454544193e-02,8.333333333333363402e-02,8.497109826589598347e-01,9.908987485779293669e-01,1.000000000000000000e+00,0.000000000000000000e+00,0.000000000000000000e+00,1.000000000000000000e+00,0.000000000000000000e+00,1.000000000000000000e+00,0.000000000000000000e+00,9.906933457422055778e-01,9.517453798767968598e-01,7.865168539325849417e-02,0.000000000000000000e+00,1.000000000000000000e+00,0.000000000000000000e+00,4.999999999999998890e-01,0.000000000000000000e+00,1.000000000000000000e+00,0.000000000000000000e+00,8.679245283018864887e-01,7.272727272727271819e-01,1.591760299625468722e-01,0.000000000000000000e+00,0.000000000000000000e+00,0.000000000000000000e+00,0.000000000000000000e+00,0.000000000000000000e+00,3.571428571428572063e-01,9.222222222222221655e-01,1.018518518518519295e-01,3.114035087719299044e-01,7.500000000000000000e-01,0.000000000000000000e+00,2.857142857142857539e-01,7.500000000000000000e-01,0.000000000000000000e+00,0.000000000000000000e+00,5.000000000000000000e-01,3.305785123966935024e-01,5.000000000000001110e-01,0.000000000000000000e+00,0.000000000000000000e+00,0.000000000000000000e+00,0.000000000000000000e+00,0.000000000000000000e+00
0.000000000000000000e+00,2.328244274809162240e-01,0.000000000000000000e+00,1.000000000000000000e+00,0.000000000000000000e+00,4.545454545454544193e-02,8.333333333333363402e-02,8.439306358381504225e-01,9.908987485779293669e-01,1.000000000000000000e+00,0.000000000000000000e+00,0.000000000000000000e+00,1.000000000000000000e+00,0.000000000000000000e+00,1.000000000000000000e+00,0.000000000000000000e+00,9.906933457422055778e-01,9.517453798767968598e-01,8.239700374531840066e-02,0.000000000000000000e+00,1.000000000000000000e+00,0.000000000000000000e+00,4.999999999999998890e-01,0.000000000000000000e+00,1.000000000000000000e+00,0.000000000000000000e+00,8.679245283018864887e-01,6.363636363636363535e-01,1.573033707865169051e-01,0.000000000000000000e+00,0.000000000000000000e+00,0.000000000000000000e+00,0.000000000000000000e+00,0.000000000000000000e+00,3.571428571428572063e-01,9.222222222222221655e-01,1.018518518518519295e-01,3.114035087719299044e-01,7.500000000000000000e-01,1.896551724137934547e-01,4.285714285714285476e-01,7.500000000000000000e-01,0.000000000000000000e+00,0.000000000000000000e+00,5.000000000000000000e-01,3.305785123966935024e-01,5.000000000000001110e-01,0.000000000000000000e+00,0.000000000000000000e+00,0.000000000000000000e+00,0.000000000000000000e+00,0.000000000000000000e+00
0.000000000000000000e+00,2.290076335877864189e-01,0.000000000000000000e+00,1.000000000000000000e+00,0.000000000000000000e+00,4.545454545454544193e-02,8.333333333333363402e-02,8.439306358381504225e-01,9.920364050056881267e-01,1.000000000000000000e+00,0.000000000000000000e+00,0.000000000000000000e+00,1.000000000000000000e+00,0.000000000000000000e+00,1.000000000000000000e+00,0.000000000000000000e+00,9.906933457422055778e-01,9.517453798767968598e-01,8.239700374531840066e-02,0.000000000000000000e+00,1.000000000000000000e+00,0.000000000000000000e+00,4.999999999999998890e-01,0.000000000000000000e+00,1.000000000000000000e+00,0.000000000000000000e+00,8.679245283018864887e-01,5.454545454545454142e-01,1.573033707865169051e-01,0.000000000000000000e+00,0.000000000000000000e+00,0.000000000000000000e+00,0.000000000000000000e+00,0.000000000000000000e+00,3.571428571428572063e-01,8.962962962962960356e-01,1.018518518518519295e-01,3.114035087719299044e-01,7.500000000000000000e-01,2.586206896551728751e-01,2.857142857142857539e-01,7.500000000000000000e-01,0.000000000000000000e+00,0.000000000000000000e+00,5.000000000000000000e-01,3.305785123966935024e-01,3.333333333333333703e-01,0.000000000000000000e+00,0.000000000000000000e+00,0.000000000000000000e+00,0.000000000000000000e+00,0.000000000000000000e+00
0.000000000000000000e+00,2.290076335877864189e-01,0.000000000000000000e+00,1.000000000000000000e+00,0.000000000000000000e+00,4.545454545454544193e-02,8.333333333333363402e-02,8.439306358381504225e-01,9.920364050056881267e-01,1.000000000000000000e+00,0.000000000000000000e+00,0.000000000000000000e+00,1.000000000000000000e+00,0.000000000000000000e+00,1.000000000000000000e+00,0.000000000000000000e+00,9.883666821777570277e-01,9.517453798767968598e-01,8.239700374531840066e-02,0.000000000000000000e+00,1.000000000000000000e+00,0.000000000000000000e+00,4.999999999999998890e-01,0.000000000000000000e+00,1.000000000000000000e+00,0.000000000000000000e+00,8.679245283018864887e-01,5.454545454545454142e-01,1.573033707865169051e-01,0.000000000000000000e+00,0.000000000000000000e+00,0.000000000000000000e+00,0.000000000000000000e+00,0.000000000000000000e+00,3.571428571428572063e-01,8.703703703703702388e-01,1.018518518518519295e-01,3.114035087719299044e-01,7.500000000000000000e-01,3.965517241379317714e-01,2.857142857142857539e-01,7.500000000000000000e-01,0.000000000000000000e+00,0.000000000000000000e+00,5.000000000000000000e-01,6.694214876033053319e-01,3.333333333333333703e-01,0.000000000000000000e+00,0.000000000000000000e+00,0.000000000000000000e+00,0.000000000000000000e+00,0.000000000000000000e+00
0.000000000000000000e+00,2.251908396946566970e-01,0.000000000000000000e+00,1.000000000000000000e+00,0.000000000000000000e+00,4.545454545454544193e-02,5.555555555555571901e-02,8.439306358381504225e-01,9.920364050056881267e-01,1.000000000000000000e+00,0.000000000000000000e+00,0.000000000000000000e+00,1.000000000000000000e+00,0.000000000000000000e+00,1.000000000000000000e+00,0.000000000000000000e+00,9.860400186133084777e-01,9.517453798767968598e-01,8.239700374531840066e-02,0.000000000000000000e+00,1.000000000000000000e+00,0.000000000000000000e+00,4.999999999999998890e-01,0.000000000000000000e+00,1.000000000000000000e+00,0.000000000000000000e+00,8.679245283018864887e-01,4.545454545454545303e-01,1.591760299625468722e-01,0.000000000000000000e+00,0.000000000000000000e+00,0.000000000000000000e+00,0.000000000000000000e+00,0.000000000000000000e+00,3.571428571428572063e-01,8.703703703703702388e-01,1.018518518518519295e-01,3.114035087719299044e-01,7.500000000000000000e-01,5.862068965517233110e-01,2.857142857142857539e-01,5.000000000000000000e-01,0.000000000000000000e+00,0.000000000000000000e+00,5.000000000000000000e-01,6.694214876033053319e-01,3.333333333333333703e-01,0.000000000000000000e+00,0.000000000000000000e+00,0.000000000000000000e+00,0.000000000000000000e+00,0.000000000000000000e+00
0.000000000000000000e+00,2.213740458015268919e-01,0.000000000000000000e+00,1.000000000000000000e+00,0.000000000000000000e+00,4.545454545454544193e-02,5.555555555555571901e-02,8.439306358381504225e-01,9.931740614334468864e-01,1.000000000000000000e+00,0.000000000000000000e+00,0.000000000000000000e+00,1.000000000000000000e+00,0.000000000000000000e+00,1.000000000000000000e+00,0.000000000000000000e+00,9.860400186133084777e-01,9.517453798767968598e-01,8.239700374531840066e-02,0.000000000000000000e+00,1.000000000000000000e+00,0.000000000000000000e+00,4.999999999999998890e-01,0.000000000000000000e+00,1.000000000000000000e+00,0.000000000000000000e+00,8.679245283018864887e-01,3.636363636363635909e-01,1.591760299625468722e-01,0.000000000000000000e+00,0.000000000000000000e+00,0.000000000000000000e+00,0.000000000000000000e+00,0.000000000000000000e+00,3.571428571428572063e-01,8.703703703703702388e-01,1.018518518518519295e-01,3.114035087719299044e-01,7.500000000000000000e-01,5.344827586206888359e-01,7.142857142857143016e-01,5.000000000000000000e-01,0.000000000000000000e+00,0.000000000000000000e+00,5.000000000000000000e-01,6.694214876033053319e-01,3.333333333333333703e-01,0.000000000000000000e+00,0.000000000000000000e+00,0.000000000000000000e+00,0.000000000000000000e+00,0.000000000000000000e+00
0.000000000000000000e+00,2.175572519083971423e-01,0.000000000000000000e+00,1.000000000000000000e+00,0.000000000000000000e+00,4.545454545454544193e-02,5.555555555555571901e-02,8.439306358381504225e-01,9.931740614334468864e-01,1.000000000000000000e+00,0.000000000000000000e+00,0.000000000000000000e+00,1.000000000000000000e+00,0.000000000000000000e+00,1.000000000000000000e+00,0.000000000000000000e+00,9.860400186133084777e-01,9.527720739219713852e-01,8.239700374531840066e-02,0.000000000000000000e+00,1.000000000000000000e+00,0.000000000000000000e+00,4.999999999999998890e-01,0.000000000000000000e+00,1.000000000000000000e+00,0.000000000000000000e+00,8.679245283018864887e-01,3.636363636363635909e-01,1.610486891385768393e-01,0.000000000000000000e+00,0.000000000000000000e+00,0.000000000000000000e+00,0.000000000000000000e+00,0.000000000000000000e+00,3.571428571428572063e-01,8.703703703703702388e-01,1.018518518518519295e-01,3.114035087719299044e-01,7.500000000000000000e-01,5.689655172413785600e-01,7.142857142857143016e-01,5.000000000000000000e-01,0.000000000000000000e+00,0.000000000000000000e+00,5.000000000000000000e-01,6.694214876033053319e-01,3.333333333333333703e-01,0.000000000000000000e+00,0.000000000000000000e+00,0.000000000000000000e+00,0.000000000000000000e+00,0.000000000000000000e+00
0.000000000000000000e+00,2.175572519083971423e-01,0.000000000000000000e+00,1.000000000000000000e+00,0.000000000000000000e+00,4.545454545454544193e-02,5.555555555555571901e-02,8.439306358381504225e-01,9.931740614334468864e-01,1.000000000000000000e+00,0.000000000000000000e+00,0.000000000000000000e+00,1.000000000000000000e+00,0.000000000000000000e+00,1.000000000000000000e+00,0.000000000000000000e+00,9.860400186133084777e-01,9.527720739219713852e-01,8.239700374531840066e-02,0.000000000000000000e+00,1.000000000000000000e+00,0.000000000000000000e+00,4.999999999999998890e-01,0.000000000000000000e+00,1.000000000000000000e+00,0.000000000000000000e+00,8.679245283018864887e-01,3.636363636363635909e-01,1.591760299625468722e-01,0.000000000000000000e+00,0.000000000000000000e+00,0.000000000000000000e+00,0.000000000000000000e+00,0.000000000000000000e+00,3.571428571428572063e-01,8.703703703703702388e-01,1.018518518518519295e-01,3.114035087719299044e-01,7.500000000000000000e-01,5.000000000000008882e-01,1.428571428571428770e-01,5.000000000000000000e-01,0.000000000000000000e+00,0.000000000000000000e+00,5.000000000000000000e-01,6.694214876033053319e-01,3.333333333333333703e-01,0.000000000000000000e+00,0.000000000000000000e+00,0.000000000000000000e+00,0.000000000000000000e+00,0.000000000000000000e+00
0.000000000000000000e+00,2.175572519083971423e-01,0.000000000000000000e+00,1.000000000000000000e+00,0.000000000000000000e+00,4.545454545454544193e-02,5.555555555555571901e-02,8.439306358381504225e-01,9.931740614334468864e-01,1.000000000000000000e+00,0.000000000000000000e+00,0.000000000000000000e+00,1.000000000000000000e+00,0.000000000000000000e+00,1.000000000000000000e+00,0.000000000000000000e+00,9.860400186133084777e-01,9.527720739219713852e-01,8.614232209737833490e-02,0.000000000000000000e+00,1.000000000000000000e+00,0.000000000000000000e+00,4.999999999999998890e-01,0.000000000000000000e+00,1.000000000000000000e+00,0.000000000000000000e+00,8.679245283018864887e-01,3.636363636363635909e-01,1.591760299625468722e-01,0.000000000000000000e+00,0.000000000000000000e+00,0.000000000000000000e+00,0.000000000000000000e+00,0.000000000000000000e+00,3.571428571428572063e-01,8.703703703703702388e-01,1.018518518518519295e-01,3.114035087719299044e-01,7.500000000000000000e-01,4.827586206896560816e-01,1.428571428571428770e-01,3.333333333333333148e-01,0.000000000000000000e+00,0.000000000000000000e+00,5.000000000000000000e-01,6.694214876033053319e-01,3.333333333333333703e-01,0.000000000000000000e+00,0.000000000000000000e+00,0.000000000000000000e+00,0.000000000000000000e+00,0.000000000000000000e+00
0.000000000000000000e+00,2.137404580152673372e-01,0.000000000000000000e+00,1.000000000000000000e+00,0.000000000000000000e+00,4.545454545454544193e-02,5.555555555555571901e-02,8.439306358381504225e-01,9.931740614334468864e-01,1.000000000000000000e+00,0.000000000000000000e+00,0.000000000000000000e+00,1.000000000000000000e+00,0.000000000000000000e+00,1.000000000000000000e+00,0.000000000000000000e+00,9.860400186133084777e-01,9.527720739219713852e-01,8.614232209737833490e-02,0.000000000000000000e+00,1.000000000000000000e+00,0.000000000000000000e+00,4.999999999999998890e-01,0.000000000000000000e+00,1.000000000000000000e+00,0.000000000000000000e+00,8.679245283018864887e-01,3.636363636363635909e-01,1.610486891385768393e-01,0.000000000000000000e+00,0.000000000000000000e+00,0.000000000000000000e+00,0.000000000000000000e+00,0.000000000000000000e+00,3.571428571428572063e-01,8.703703703703702388e-01,1.018518518518519295e-01,3.114035087719299044e-01,7.500000000000000000e-01,5.517241379310335869e-01,1.428571428571428770e-01,3.333333333333333148e-01,0.000000000000000000e+00,0.000000000000000000e+00,5.000000000000000000e-01,6.694214876033053319e-01,3.333333333333333703e-01,0.000000000000000000e+00,0.000000000000000000e+00,0.000000000000000000e+00,0.000000000000000000e+00,0.000000000000000000e+00
0.000000000000000000e+00,2.099236641221375321e-01,0.000000000000000000e+00,1.000000000000000000e+00,0.000000000000000000e+00,4.545454545454544193e-02,5.555555555555571901e-02,8.439306358381504225e-01,9.931740614334468864e-01,1.000000000000000000e+00,0.000000000000000000e+00,0.000000000000000000e+00,1.000000000000000000e+00,0.000000000000000000e+00,1.000000000000000000e+00,0.000000000000000000e+00,9.837133550488598166e-01,9.537987679671459107e-01,8.614232209737833490e-02,0.000000000000000000e+00,1.000000000000000000e+00,0.000000000000000000e+00,4.999999999999998890e-01,0.000000000000000000e+00,1.000000000000000000e+00,0.000000000000000000e+00,8.679245283018864887e-01,3.636363636363635909e-01,1.610486891385768393e-01,0.000000000000000000e+00,0.000000000000000000e+00,0.000000000000000000e+00,0.000000000000000000e+00,0.000000000000000000e+00,3.571428571428572063e-01,8.703703703703702388e-01,1.018518518518519295e-01,3.114035087719299044e-01,7.500000000000000000e-01,5.344827586206888359e-01,1.428571428571428770e-01,6.666666666666667407e-01,0.000000000000000000e+00,0.000000000000000000e+00,5.000000000000000000e-01,6.694214876033053319e-01,3.333333333333333703e-01,0.000000000000000000e+00,0.000000000000000000e+00,0.000000000000000000e+00,0.000000000000000000e+00,0.000000000000000000e+00
0.000000000000000000e+00,2.061068702290078103e-01,0.000000000000000000e+00,1.000000000000000000e+00,0.000000000000000000e+00,4.545454545454544193e-02,5.555555555555571901e-02,8.439306358381504225e-01,9.931740614334468864e-01,1.000000000000000000e+00,0.000000000000000000e+00,0.000000000000000000e+00,1.000000000000000000e+00,0.000000000000000000e+00,1.000000000000000000e+00,0.000000000000000000e+00,9.837133550488598166e-01,9.537987679671459107e-01,8.988764044943828302e-02,0.000000000000000000e+00,1.000000000000000000e+00,0.000000000000000000e+00,4.999999999999998890e-01,0.000000000000000000e+00,1.000000000000000000e+00,0.000000000000000000e+00,8.679245283018864887e-01,5.454545454545454142e-01,1.610486891385768393e-01,0.000000000000000000e+00,0.000000000000000000e+00,0.000000000000000000e+00,0.000000000000000000e+00,0.000000000000000000e+00,3.571428571428572063e-01,8.703703703703702388e-01,1.018518518518519295e-01,3.114035087719299044e-01,7.500000000000000000e-01,5.689655172413785600e-01,1.428571428571428770e-01,6.666666666666667407e-01,0.000000000000000000e+00,0.000000000000000000e+00,5.000000000000000000e-01,6.694214876033053319e-01,5.000000000000001110e-01,0.000000000000000000e+00,0.000000000000000000e+00,0.000000000000000000e+00,0.000000000000000000e+00,0.000000000000000000e+00
0.000000000000000000e+00,2.061068702290078103e-01,0.000000000000000000e+00,1.000000000000000000e+00,0.000000000000000000e+00,4.545454545454544193e-02,5.555555555555571901e-02,8.439306358381504225e-01,9.920364050056881267e-01,1.000000000000000000e+00,0.000000000000000000e+00,0.000000000000000000e+00,1.000000000000000000e+00,0.000000000000000000e+00,1.000000000000000000e+00,0.000000000000000000e+00,9.813866914844112666e-01,9.537987679671459107e-01,8.614232209737833490e-02,0.000000000000000000e+00,1.000000000000000000e+00,0.000000000000000000e+00,4.999999999999998890e-01,0.000000000000000000e+00,1.000000000000000000e+00,0.000000000000000000e+00,8.679245283018864887e-01,5.454545454545454142e-01,1.610486891385768393e-01,0.000000000000000000e+00,0.000000000000000000e+00,0.000000000000000000e+00,0.000000000000000000e+00,0.000000000000000000e+00,3.571428571428572063e-01,8.703703703703702388e-01,1.018518518518519295e-01,3.114035087719299044e-01,5.000000000000000000e-01,4.655172413793112196e-01,1.428571428571428770e-01,6.666666666666667407e-01,0.000000000000000000e+00,0.000000000000000000e+00,5.000000000000000000e-01,6.694214876033053319e-01,5.000000000000001110e-01,0.000000000000000000e+00,0.000000000000000000e+00,0.000000000000000000e+00,0.000000000000000000e+00,0.000000000000000000e+00
0.000000000000000000e+00,2.061068702290078103e-01,0.000000000000000000e+00,1.000000000000000000e+00,0.000000000000000000e+00,4.545454545454544193e-02,5.555555555555571901e-02,8.439306358381504225e-01,9.920364050056881267e-01,1.000000000000000000e+00,0.000000000000000000e+00,0.000000000000000000e+00,1.000000000000000000e+00,0.000000000000000000e+00,1.000000000000000000e+00,0.000000000000000000e+00,9.813866914844112666e-01,9.527720739219713852e-01,8.988764044943828302e-02,0.000000000000000000e+00,1.000000000000000000e+00,0.000000000000000000e+00,4.999999999999998890e-01,0.000000000000000000e+00,1.000000000000000000e+00,0.000000000000000000e+00,8.679245283018864887e-01,5.454545454545454142e-01,1.610486891385768393e-01,0.000000000000000000e+00,0.000000000000000000e+00,0.000000000000000000e+00,0.000000000000000000e+00,0.000000000000000000e+00,3.571428571428572063e-01,8.703703703703702388e-01,1.018518518518519295e-01,3.114035087719299044e-01,5.000000000000000000e-01,2.758620689655177372e-01,1.428571428571428770e-01,3.333333333333333148e-01,0.000000000000000000e+00,0.000000000000000000e+00,5.000000000000000000e-01,6.694214876033053319e-01,5.000000000000001110e-01,0.000000000000000000e+00,0.000000000000000000e+00,0.000000000000000000e+00,0.000000000000000000e+00,0.000000000000000000e+00
0.000000000000000000e+00,2.022900763358780052e-01,0.000000000000000000e+00,1.000000000000000000e+00,0.000000000000000000e+00,4.545454545454544193e-02,5.555555555555571901e-02,8.439306358381504225e-01,9.931740614334468864e-01,1.000000000000000000e+00,0.000000000000000000e+00,0.000000000000000000e+00,1.000000000000000000e+00,0.000000000000000000e+00,1.000000000000000000e+00,0.000000000000000000e+00,9.860400186133084777e-01,9.527720739219713852e-01,8.988764044943828302e-02,0.000000000000000000e+00,1.000000000000000000e+00,0.000000000000000000e+00,4.999999999999998890e-01,0.000000000000000000e+00,1.000000000000000000e+00,0.000000000000000000e+00,8.679245283018864887e-01,8.181818181818181213e-01,1.610486891385768393e-01,0.000000000000000000e+00,0.000000000000000000e+00,0.000000000000000000e+00,0.000000000000000000e+00,0.000000000000000000e+00,3.571428571428572063e-01,8.703703703703702388e-01,9.722222222222223764e-02,3.114035087719299044e-01,5.000000000000000000e-01,2.586206896551728751e-01,1.428571428571428770e-01,5.833333333333333703e-01,0.000000000000000000e+00,0.000000000000000000e+00,5.000000000000000000e-01,6.694214876033053319e-01,5.000000000000001110e-01,0.000000000000000000e+00,0.000000000000000000e+00,0.000000000000000000e+00,0.000000000000000000e+00,0.000000000000000000e+00
0.000000000000000000e+00,2.022900763358780052e-01,0.000000000000000000e+00,1.000000000000000000e+00,0.000000000000000000e+00,4.545454545454544193e-02,5.555555555555571901e-02,8.439306358381504225e-01,9.931740614334468864e-01,1.000000000000000000e+00,0.000000000000000000e+00,0.000000000000000000e+00,1.000000000000000000e+00,0.000000000000000000e+00,1.000000000000000000e+00,0.000000000000000000e+00,9.906933457422055778e-01,9.527720739219713852e-01,8.988764044943828302e-02,0.000000000000000000e+00,1.000000000000000000e+00,0.000000000000000000e+00,4.999999999999998890e-01,0.000000000000000000e+00,1.000000000000000000e+00,0.000000000000000000e+00,8.679245283018864887e-01,9.090909090909090606e-01,1.629213483146068064e-01,0.000000000000000000e+00,0.000000000000000000e+00,0.000000000000000000e+00,0.000000000000000000e+00,0.000000000000000000e+00,3.571428571428572063e-01,8.703703703703702388e-01,9.722222222222223764e-02,3.114035087719299044e-01,5.000000000000000000e-01,2.586206896551728751e-01,1.428571428571428770e-01,7.500000000000000000e-01,0.000000000000000000e+00,0.000000000000000000e+00,5.000000000000000000e-01,6.694214876033053319e-01,5.000000000000001110e-01,0.000000000000000000e+00,0.000000000000000000e+00,0.000000000000000000e+00,0.000000000000000000e+00,0.000000000000000000e+00
0.000000000000000000e+00,1.984732824427482833e-01,0.000000000000000000e+00,1.000000000000000000e+00,0.000000000000000000e+00,4.545454545454544193e-02,5.555555555555571901e-02,8.439306358381504225e-01,9.931740614334468864e-01,1.000000000000000000e+00,0.000000000000000000e+00,0.000000000000000000e+00,1.000000000000000000e+00,0.000000000000000000e+00,1.000000000000000000e+00,0.000000000000000000e+00,9.906933457422055778e-01,9.527720739219713852e-01,9.363295880149821726e-02,0.000000000000000000e+00,1.000000000000000000e+00,0.000000000000000000e+00,4.999999999999998890e-01,0.000000000000000000e+00,1.000000000000000000e+00,0.000000000000000000e+00,8.679245283018864887e-01,1.000000000000000000e+00,1.629213483146068064e-01,0.000000000000000000e+00,0.000000000000000000e+00,0.000000000000000000e+00,0.000000000000000000e+00,0.000000000000000000e+00,3.571428571428572063e-01,8.703703703703702388e-01,9.722222222222223764e-02,3.114035087719299044e-01,5.000000000000000000e-01,2.586206896551728751e-01,1.428571428571428770e-01,7.500000000000000000e-01,0.000000000000000000e+00,0.000000000000000000e+00,5.000000000000000000e-01,6.694214876033053319e-01,3.333333333333333703e-01,0.000000000000000000e+00,0.000000000000000000e+00,0.000000000000000000e+00,0.000000000000000000e+00,0.000000000000000000e+00
0.000000000000000000e+00,1.946564885496184782e-01,0.000000000000000000e+00,1.000000000000000000e+00,0.000000000000000000e+00,4.545454545454544193e-02,5.555555555555571901e-02,8.439306358381504225e-01,9.920364050056881267e-01,1.000000000000000000e+00,0.000000000000000000e+00,0.000000000000000000e+00,1.000000000000000000e+00,0.000000000000000000e+00,1.000000000000000000e+00,0.000000000000000000e+00,9.906933457422055778e-01,9.517453798767968598e-01,9.363295880149821726e-02,0.000000000000000000e+00,1.000000000000000000e+00,0.000000000000000000e+00,4.999999999999998890e-01,0.000000000000000000e+00,1.000000000000000000e+00,0.000000000000000000e+00,8.679245283018864887e-01,1.000000000000000000e+00,1.629213483146068064e-01,0.000000000000000000e+00,0.000000000000000000e+00,0.000000000000000000e+00,0.000000000000000000e+00,0.000000000000000000e+00,3.571428571428572063e-01,8.703703703703702388e-01,9.722222222222223764e-02,3.114035087719299044e-01,5.000000000000000000e-01,4.137931034482766335e-01,1.428571428571428770e-01,7.500000000000000000e-01,0.000000000000000000e+00,0.000000000000000000e+00,5.000000000000000000e-01,6.694214876033053319e-01,3.333333333333333703e-01,0.000000000000000000e+00,0.000000000000000000e+00,0.000000000000000000e+00,0.000000000000000000e+00,0.000000000000000000e+00
0.000000000000000000e+00,1.946564885496184782e-01,0.000000000000000000e+00,1.000000000000000000e+00,0.000000000000000000e+00,4.545454545454544193e-02,5.555555555555571901e-02,8.439306358381504225e-01,9.920364050056881267e-01,1.000000000000000000e+00,0.000000000000000000e+00,0.000000000000000000e+00,1.000000000000000000e+00,0.000000000000000000e+00,1.000000000000000000e+00,0.000000000000000000e+00,9.906933457422055778e-01,9.517453798767968598e-01,9.363295880149821726e-02,0.000000000000000000e+00,1.000000000000000000e+00,0.000000000000000000e+00,4.999999999999998890e-01,0.000000000000000000e+00,1.000000000000000000e+00,0.000000000000000000e+00,9.245283018867921365e-01,1.000000000000000000e+00,1.629213483146068064e-01,0.000000000000000000e+00,0.000000000000000000e+00,0.000000000000000000e+00,0.000000000000000000e+00,0.000000000000000000e+00,3.571428571428572063e-01,8.703703703703702388e-01,9.722222222222223764e-02,3.114035087719299044e-01,5.000000000000000000e-01,4.827586206896560816e-01,1.428571428571428770e-01,7.500000000000000000e-01,0.000000000000000000e+00,0.000000000000000000e+00,5.000000000000000000e-01,6.694214876033053319e-01,3.333333333333333703e-01,0.000000000000000000e+00,0.000000000000000000e+00,0.000000000000000000e+00,0.000000000000000000e+00,0.000000000000000000e+00
0.000000000000000000e+00,1.908396946564887287e-01,0.000000000000000000e+00,1.000000000000000000e+00,0.000000000000000000e+00,4.545454545454544193e-02,5.555555555555571901e-02,8.439306358381504225e-01,9.920364050056881267e-01,1.000000000000000000e+00,0.000000000000000000e+00,0.000000000000000000e+00,1.000000000000000000e+00,0.000000000000000000e+00,1.000000000000000000e+00,0.000000000000000000e+00,9.883666821777570277e-01,9.517453798767968598e-01,9.363295880149821726e-02,0.000000000000000000e+00,1.000000000000000000e+00,0.000000000000000000e+00,4.999999999999998890e-01,0.000000000000000000e+00,1.000000000000000000e+00,0.000000000000000000e+00,9.245283018867921365e-01,8.181818181818181213e-01,1.629213483146068064e-01,0.000000000000000000e+00,0.000000000000000000e+00,0.000000000000000000e+00,0.000000000000000000e+00,0.000000000000000000e+00,3.571428571428572063e-01,8.703703703703702388e-01,9.722222222222223764e-02,3.114035087719299044e-01,5.000000000000000000e-01,5.689655172413785600e-01,1.428571428571428770e-01,7.500000000000000000e-01,0.000000000000000000e+00,0.000000000000000000e+00,5.000000000000000000e-01,6.694214876033053319e-01,3.333333333333333703e-01,0.000000000000000000e+00,0.000000000000000000e+00,0.000000000000000000e+00,0.000000000000000000e+00,0.000000000000000000e+00
0.000000000000000000e+00,1.870229007633589235e-01,0.000000000000000000e+00,1.000000000000000000e+00,0.000000000000000000e+00,4.545454545454544193e-02,5.555555555555571901e-02,8.439306358381504225e-01,9.920364050056881267e-01,1.000000000000000000e+00,0.000000000000000000e+00,0.000000000000000000e+00,1.000000000000000000e+00,0.000000000000000000e+00,1.000000000000000000e+00,0.000000000000000000e+00,9.883666821777570277e-01,9.517453798767968598e-01,9.363295880149821726e-02,0.000000000000000000e+00,1.000000000000000000e+00,0.000000000000000000e+00,4.999999999999998890e-01,0.000000000000000000e+00,1.000000000000000000e+00,0.000000000000000000e+00,9.245283018867921365e-01,8.181818181818181213e-01,1.629213483146068064e-01,0.000000000000000000e+00,0.000000000000000000e+00,0.000000000000000000e+00,0.000000000000000000e+00,0.000000000000000000e+00,3.571428571428572063e-01,8.703703703703702388e-01,9.722222222222223764e-02,3.114035087719299044e-01,5.000000000000000000e-01,6.206896551724130351e-01,1.428571428571428770e-01,7.500000000000000000e-01,0.000000000000000000e+00,0.000000000000000000e+00,5.000000000000000000e-01,6.694214876033053319e-01,3.333333333333333703e-01,0.000000000000000000e+00,0.000000000000000000e+00,0.000000000000000000e+00,0.000000000000000000e+00,0.000000000000000000e+00
0.000000000000000000e+00,1.832061068702291184e-01,0.000000000000000000e+00,1.000000000000000000e+00,0.000000000000000000e+00,4.545454545454544193e-02,5.555555555555571901e-02,8.439306358381504225e-01,9.920364050056881267e-01,1.000000000000000000e+00,0.000000000000000000e+00,0.000000000000000000e+00,1.000000000000000000e+00,0.000000000000000000e+00,1.000000000000000000e+00,0.000000000000000000e+00,9.860400186133084777e-01,9.517453798767968598e-01,9.737827715355812375e-02,0.000000000000000000e+00,1.000000000000000000e+00,0.000000000000000000e+00,4.999999999999998890e-01,0.000000000000000000e+00,1.000000000000000000e+00,0.000000000000000000e+00,9.245283018867921365e-01,8.181818181818181213e-01,1.629213483146068064e-01,0.000000000000000000e+00,0.000000000000000000e+00,0.000000000000000000e+00,0.000000000000000000e+00,0.000000000000000000e+00,3.571428571428572063e-01,8.703703703703702388e-01,9.722222222222223764e-02,3.114035087719299044e-01,5.000000000000000000e-01,7.241379310344822073e-01,1.428571428571428770e-01,5.833333333333333703e-01,0.000000000000000000e+00,0.000000000000000000e+00,5.000000000000000000e-01,6.694214876033053319e-01,3.333333333333333703e-01,0.000000000000000000e+00,0.000000000000000000e+00,0.000000000000000000e+00,0.000000000000000000e+00,0.000000000000000000e+00
0.000000000000000000e+00,1.832061068702291184e-01,0.000000000000000000e+00,1.000000000000000000e+00,0.000000000000000000e+00,4.545454545454544193e-02,5.555555555555571901e-02,8.439306358381504225e-01,9.920364050056881267e-01,1.000000000000000000e+00,0.000000000000000000e+00,0.000000000000000000e+00,1.000000000000000000e+00,0.000000000000000000e+00,1.000000000000000000e+00,0.000000000000000000e+00,9.837133550488598166e-01,9.517453798767968598e-01,9.363295880149821726e-02,0.000000000000000000e+00,1.000000000000000000e+00,0.000000000000000000e+00,4.999999999999998890e-01,0.000000000000000000e+00,1.000000000000000000e+00,0.000000000000000000e+00,9.245283018867921365e-01,7.272727272727271819e-01,1.647940074906367736e-01,0.000000000000000000e+00,0.000000000000000000e+00,0.000000000000000000e+00,0.000000000000000000e+00,0.000000000000000000e+00,3.571428571428572063e-01,8.703703703703702388e-01,9.722222222222223764e-02,3.114035087719299044e-01,3.750000000000000000e-01,6.034482758620682841e-01,5.714285714285715079e-01,5.833333333333333703e-01,0.000000000000000000e+00,0.000000000000000000e+00,2.500000000000000555e-01,6.694214876033053319e-01,3.333333333333333703e-01,0.000000000000000000e+00,0.000000000000000000e+00,0.000000000000000000e+00,0.000000000000000000e+00,0.000000000000000000e+00
0.000000000000000000e+00,1.832061068702291184e-01,0.000000000000000000e+00,1.000000000000000000e+00,0.000000000000000000e+00,4.545454545454544193e-02,5.555555555555571901e-02,8.439306358381504225e-01,9.920364050056881267e-01,1.000000000000000000e+00,0.000000000000000000e+00,0.000000000000000000e+00,1.000000000000000000e+00,0.000000000000000000e+00,1.000000000000000000e+00,0.000000000000000000e+00,9.790600279199626055e-01,9.527720739219713852e-01,9.737827715355812375e-02,0.000000000000000000e+00,1.000000000000000000e+00,0.000000000000000000e+00,4.999999999999998890e-01,0.000000000000000000e+00,1.000000000000000000e+00,0.000000000000000000e+00,9.245283018867921365e-01,7.272727272727271819e-01,1.647940074906367736e-01,0.000000000000000000e+00,0.000000000000000000e+00,0.000000000000000000e+00,0.000000000000000000e+00,0.000000000000000000e+00,3.571428571428572063e-01,8.703703703703702388e-01,9.722222222222223764e-02,3.114035087719299044e-01,3.750000000000000000e-01,5.000000000000008882e-01,5.714285714285715079e-01,5.833333333333333703e-01,0.000000000000000000e+00,0.000000000000000000e+00,2.500000000000000555e-01,3.305785123966935024e-01,3.333333333333333703e-01,0.000000000000000000e+00,0.000000000000000000e+00,0.000000000000000000e+00,0.000000000000000000e+00,0.000000000000000000e+00
0.000000000000000000e+00,1.793893129770993966e-01,0.000000000000000000e+00,1.000000000000000000e+00,0.000000000000000000e+00,4.545454545454544193e-02,8.333333333333363402e-02,8.439306358381504225e-01,9.908987485779293669e-01,1.000000000000000000e+00,0.000000000000000000e+00,0.000000000000000000e+00,1.000000000000000000e+00,0.000000000000000000e+00,1.000000000000000000e+00,0.000000000000000000e+00,9.790600279199626055e-01,9.537987679671459107e-01,9.363295880149821726e-02,0.000000000000000000e+00,1.000000000000000000e+00,0.000000000000000000e+00,4.999999999999998890e-01,0.000000000000000000e+00,1.000000000000000000e+00,0.000000000000000000e+00,8.679245283018864887e-01,7.272727272727271819e-01,1.629213483146068064e-01,0.000000000000000000e+00,0.000000000000000000e+00,0.000000000000000000e+00,0.000000000000000000e+00,0.000000000000000000e+00,3.571428571428572063e-01,8.703703703703702388e-01,9.722222222222223764e-02,3.114035087719299044e-01,3.750000000000000000e-01,4.827586206896560816e-01,5.714285714285715079e-01,6.666666666666667407e-01,0.000000000000000000e+00,0.000000000000000000e+00,2.500000000000000555e-01,3.305785123966935024e-01,3.333333333333333703e-01,0.000000000000000000e+00,0.000000000000000000e+00,0.000000000000000000e+00,0.000000000000000000e+00,0.000000000000000000e+00
0.000000000000000000e+00,1.755725190839695915e-01,0.000000000000000000e+00,1.000000000000000000e+00,0.000000000000000000e+00,4.545454545454544193e-02,8.333333333333363402e-02,8.439306358381504225e-01,9.908987485779293669e-01,1.000000000000000000e+00,0.000000000000000000e+00,0.000000000000000000e+00,1.000000000000000000e+00,0.000000000000000000e+00,1.000000000000000000e+00,0.000000000000000000e+00,9.790600279199626055e-01,9.537987679671459107e-01,9.737827715355812375e-02,0.000000000000000000e+00,1.000000000000000000e+00,0.000000000000000000e+00,4.999999999999998890e-01,0.000000000000000000e+00,1.000000000000000000e+00,0.000000000000000000e+00,8.679245283018864887e-01,7.272727272727271819e-01,1.647940074906367736e-01,0.000000000000000000e+00,0.000000000000000000e+00,0.000000000000000000e+00,0.000000000000000000e+00,0.000000000000000000e+00,3.571428571428572063e-01,8.703703703703702388e-01,9.722222222222223764e-02,3.114035087719299044e-01,5.000000000000000000e-01,4.827586206896560816e-01,5.714285714285715079e-01,7.500000000000000000e-01,0.000000000000000000e+00,0.000000000000000000e+00,2.500000000000000555e-01,3.305785123966935024e-01,3.333333333333333703e-01,0.000000000000000000e+00,0.000000000000000000e+00,0.000000000000000000e+00,0.000000000000000000e+00,0.000000000000000000e+00
0.000000000000000000e+00,1.755725190839695915e-01,0.000000000000000000e+00,1.000000000000000000e+00,0.000000000000000000e+00,4.545454545454544193e-02,8.333333333333363402e-02,8.439306358381504225e-01,9.908987485779293669e-01,1.000000000000000000e+00,0.000000000000000000e+00,0.000000000000000000e+00,1.000000000000000000e+00,0.000000000000000000e+00,1.000000000000000000e+00,0.000000000000000000e+00,9.813866914844112666e-01,9.537987679671459107e-01,9.737827715355812375e-02,0.000000000000000000e+00,1.000000000000000000e+00,0.000000000000000000e+00,4.999999999999998890e-01,0.000000000000000000e+00,1.000000000000000000e+00,0.000000000000000000e+00,8.679245283018864887e-01,6.363636363636363535e-01,1.647940074906367736e-01,0.000000000000000000e+00,0.000000000000000000e+00,0.000000000000000000e+00,0.000000000000000000e+00,0.000000000000000000e+00,3.571428571428572063e-01,8.703703703703702388e-01,9.722222222222223764e-02,3.114035087719299044e-01,6.249999999999998890e-01,4.827586206896560816e-01,5.714285714285715079e-01,7.500000000000000000e-01,0.000000000000000000e+00,0.000000000000000000e+00,2.500000000000000555e-01,3.305785123966935024e-01,1.666666666666666574e-01,0.000000000000000000e+00,0.000000000000000000e+00,0.000000000000000000e+00,0.000000000000000000e+00,0.000000000000000000e+00
0.000000000000000000e+00,1.717557251908398419e-01,0.000000000000000000e+00,1.000000000000000000e+00,0.000000000000000000e+00,4.545454545454544193e-02,8.333333333333363402e-02,8.439306358381504225e-01,9.908987485779293669e-01,1.000000000000000000e+00,0.000000000000000000e+00,0.000000000000000000e+00,1.000000000000000000e+00,0.000000000000000000e+00,1.000000000000000000e+00,0.000000000000000000e+00,9.813866914844112666e-01,9.537987679671459107e-01,9.363295880149821726e-02,0.000000000000000000e+00,1.000000000000000000e+00,0.000000000000000000e+00,4.999999999999998890e-01,0.000000000000000000e+00,1.000000000000000000e+00,0.000000000000000000e+00,8.679245283018864887e-01,5.454545454545454142e-01,1.647940074906367736e-01,0.000000000000000000e+00,0.000000000000000000e+00,0.000000000000000000e+00,0.000000000000000000e+00,0.000000000000000000e+00,3.571428571428572063e-01,8.703703703703702388e-01,9.722222222222223764e-02,3.114035087719299044e-01,6.249999999999998890e-01,7.241379310344822073e-01,5.714285714285715079e-01,7.500000000000000000e-01,0.000000000000000000e+00,0.000000000000000000e+00,2.500000000000000555e-01,3.305785123966935024e-01,1.666666666666666574e-01,0.000000000000000000e+00,0.000000000000000000e+00,0.000000000000000000e+00,0.000000000000000000e+00,0.000000000000000000e+00
0.000000000000000000e+00,1.717557251908398419e-01,0.000000000000000000e+00,1.000000000000000000e+00,0.000000000000000000e+00,4.545454545454544193e-02,8.333333333333363402e-02,8.439306358381504225e-01,9.908987485779293669e-01,1.000000000000000000e+00,0.000000000000000000e+00,0.000000000000000000e+00,1.000000000000000000e+00,0.000000000000000000e+00,1.000000000000000000e+00,0.000000000000000000e+00,9.837133550488598166e-01,9.527720739219713852e-01,9.363295880149821726e-02,0.000000000000000000e+00,1.000000000000000000e+00,0.000000000000000000e+00,4.999999999999998890e-01,0.000000000000000000e+00,1.000000000000000000e+00,0.000000000000000000e+00,9.245283018867921365e-01,4.545454545454545303e-01,1.666666666666667407e-01,0.000000000000000000e+00,0.000000000000000000e+00,0.000000000000000000e+00,0.000000000000000000e+00,0.000000000000000000e+00,3.571428571428572063e-01,8.703703703703702388e-01,9.722222222222223764e-02,3.114035087719299044e-01,6.249999999999998890e-01,7.413793103448269584e-01,5.714285714285715079e-01,7.500000000000000000e-01,0.000000000000000000e+00,0.000000000000000000e+00,2.500000000000000555e-01,3.305785123966935024e-01,1.666666666666666574e-01,0.000000000000000000e+00,0.000000000000000000e+00,0.000000000000000000e+00,0.000000000000000000e+00,0.000000000000000000e+00
0.000000000000000000e+00,1.679389312977101201e-01,0.000000000000000000e+00,1.000000000000000000e+00,0.000000000000000000e+00,4.545454545454544193e-02,8.333333333333363402e-02,8.439306358381504225e-01,9.897610921501706072e-01,1.000000000000000000e+00,0.000000000000000000e+00,0.000000000000000000e+00,1.000000000000000000e+00,0.000000000000000000e+00,1.000000000000000000e+00,0.000000000000000000e+00,9.860400186133084777e-01,9.527720739219713852e-01,9.363295880149821726e-02,0.000000000000000000e+00,1.000000000000000000e+00,0.000000000000000000e+00,4.999999999999998890e-01,0.000000000000000000e+00,1.000000000000000000e+00,0.000000000000000000e+00,9.245283018867921365e-01,4.545454545454545303e-01,1.666666666666667407e-01,0.000000000000000000e+00,0.000000000000000000e+00,0.000000000000000000e+00,0.000000000000000000e+00,0.000000000000000000e+00,3.571428571428572063e-01,8.703703703703702388e-01,9.259259259259261521e-02,3.114035087719299044e-01,6.249999999999998890e-01,7.413793103448269584e-01,5.714285714285715079e-01,7.500000000000000000e-01,0.000000000000000000e+00,0.000000000000000000e+00,2.500000000000000555e-01,3.305785123966935024e-01,1.666666666666666574e-01,0.000000000000000000e+00,0.000000000000000000e+00,0.000000000000000000e+00,0.000000000000000000e+00,0.000000000000000000e+00
0.000000000000000000e+00,1.641221374045802317e-01,0.000000000000000000e+00,1.000000000000000000e+00,0.000000000000000000e+00,4.545454545454544193e-02,8.333333333333363402e-02,8.381502890173412323e-01,9.897610921501706072e-01,1.000000000000000000e+00,0.000000000000000000e+00,0.000000000000000000e+00,1.000000000000000000e+00,0.000000000000000000e+00,1.000000000000000000e+00,0.000000000000000000e+00,9.860400186133084777e-01,9.517453798767968598e-01,9.363295880149821726e-02,0.000000000000000000e+00,1.000000000000000000e+00,0.000000000000000000e+00,4.999999999999998890e-01,0.000000000000000000e+00,1.000000000000000000e+00,0.000000000000000000e+00,9.245283018867921365e-01,4.545454545454545303e-01,1.666666666666667407e-01,0.000000000000000000e+00,0.000000000000000000e+00,0.000000000000000000e+00,0.000000000000000000e+00,0.000000000000000000e+00,3.571428571428572063e-01,8.703703703703702388e-01,9.259259259259261521e-02,3.114035087719299044e-01,6.249999999999998890e-01,6.896551724137924833e-01,5.714285714285715079e-01,7.500000000000000000e-01,0.000000000000000000e+00,0.000000000000000000e+00,0.000000000000000000e+00,3.305785123966935024e-01,1.666666666666666574e-01,0.000000000000000000e+00,0.000000000000000000e+00,0.000000000000000000e+00,0.000000000000000000e+00,0.000000000000000000e+00
0.000000000000000000e+00,1.603053435114505099e-01,0.000000000000000000e+00,1.000000000000000000e+00,0.000000000000000000e+00,4.545454545454544193e-02,8.333333333333363402e-02,8.381502890173412323e-01,9.908987485779293669e-01,1.000000000000000000e+00,0.000000000000000000e+00,0.000000000000000000e+00,1.000000000000000000e+00,0.000000000000000000e+00,1.000000000000000000e+00,0.000000000000000000e+00,9.860400186133084777e-01,9.517453798767968598e-01,9.363295880149821726e-02,0.000000000000000000e+00,1.000000000000000000e+00,0.000000000000000000e+00,4.999999999999998890e-01,0.000000000000000000e+00,1.000000000000000000e+00,1.000000000000000000e+00,9.245283018867921365e-01,4.545454545454545303e-01,1.666666666666667407e-01,0.000000000000000000e+00,0.000000000000000000e+00,0.000000000000000000e+00,0.000000000000000000e+00,0.000000000000000000e+00,3.571428571428572063e-01,8.703703703703702388e-01,6.944444444444444753e-02,3.114035087719299044e-01,6.249999999999998890e-01,4.827586206896560816e-01,5.714285714285715079e-01,5.833333333333333703e-01,0.000000000000000000e+00,0.000000000000000000e+00,0.000000000000000000e+00,3.305785123966935024e-01,1.666666666666666574e-01,0.000000000000000000e+00,0.000000000000000000e+00,0.000000000000000000e+00,0.000000000000000000e+00,0.000000000000000000e+00
0.000000000000000000e+00,1.603053435114505099e-01,0.000000000000000000e+00,1.000000000000000000e+00,0.000000000000000000e+00,4.545454545454544193e-02,8.333333333333363402e-02,8.381502890173412323e-01,9.908987485779293669e-01,1.000000000000000000e+00,0.000000000000000000e+00,0.000000000000000000e+00,1.000000000000000000e+00,0.000000000000000000e+00,1.000000000000000000e+00,0.000000000000000000e+00,9.860400186133084777e-01,9.517453798767968598e-01,9.363295880149821726e-02,0.000000000000000000e+00,1.000000000000000000e+00,0.000000000000000000e+00,4.999999999999998890e-01,0.000000000000000000e+00,1.000000000000000000e+00,1.000000000000000000e+00,9.245283018867921365e-01,4.545454545454545303e-01,1.666666666666667407e-01,0.000000000000000000e+00,0.000000000000000000e+00,0.000000000000000000e+00,0.000000000000000000e+00,0.000000000000000000e+00,3.571428571428572063e-01,8.703703703703702388e-01,6.944444444444444753e-02,3.114035087719299044e-01,6.249999999999998890e-01,3.620689655172420474e-01,5.714285714285715079e-01,5.833333333333333703e-01,0.000000000000000000e+00,0.000000000000000000e+00,0.000000000000000000e+00,3.305785123966935024e-01,1.666666666666666574e-01,0.000000000000000000e+00,0.000000000000000000e+00,0.000000000000000000e+00,0.000000000000000000e+00,0.000000000000000000e+00
0.000000000000000000e+00,1.526717557251908997e-01,0.000000000000000000e+00,1.000000000000000000e+00,0.000000000000000000e+00,4.545454545454544193e-02,8.333333333333363402e-02,8.381502890173412323e-01,9.908987485779293669e-01,1.000000000000000000e+00,0.000000000000000000e+00,0.000000000000000000e+00,1.000000000000000000e+00,0.000000000000000000e+00,1.000000000000000000e+00,0.000000000000000000e+00,9.883666821777570277e-01,9.507186858316222233e-01,9.363295880149821726e-02,0.000000000000000000e+00,1.000000000000000000e+00,0.000000000000000000e+00,4.999999999999998890e-01,0.000000000000000000e+00,1.000000000000000000e+00,1.000000000000000000e+00,9.245283018867921365e-01,4.545454545454545303e-01,1.666666666666667407e-01,0.000000000000000000e+00,0.000000000000000000e+00,0.000000000000000000e+00,0.000000000000000000e+00,0.000000000000000000e+00,3.571428571428572063e-01,8.703703703703702388e-01,6.944444444444444753e-02,3.114035087719299044e-01,6.249999999999998890e-01,3.965517241379317714e-01,5.714285714285715079e-01,5.833333333333333703e-01,0.000000000000000000e+00,0.000000000000000000e+00,0.000000000000000000e+00,3.305785123966935024e-01,1.666666666666666574e-01,0.000000000000000000e+00,0.000000000000000000e+00,0.000000000000000000e+00,0.000000000000000000e+00,0.000000000000000000e+00
0.000000000000000000e+00,1.488549618320611778e-01,0.000000000000000000e+00,1.000000000000000000e+00,0.000000000000000000e+00,4.545454545454544193e-02,8.333333333333363402e-02,8.381502890173412323e-01,9.908987485779293669e-01,1.000000000000000000e+00,0.000000000000000000e+00,0.000000000000000000e+00,1.000000000000000000e+00,0.000000000000000000e+00,1.000000000000000000e+00,0.000000000000000000e+00,9.883666821777570277e-01,9.507186858316222233e-01,9.363295880149821726e-02,0.000000000000000000e+00,1.000000000000000000e+00,0.000000000000000000e+00,4.999999999999998890e-01,0.000000000000000000e+00,1.000000000000000000e+00,1.000000000000000000e+00,9.245283018867921365e-01,4.545454545454545303e-01,1.666666666666667407e-01,0.000000000000000000e+00,0.000000000000000000e+00,0.000000000000000000e+00,0.000000000000000000e+00,0.000000000000000000e+00,3.571428571428572063e-01,8.703703703703702388e-01,6.944444444444444753e-02,3.114035087719299044e-01,6.249999999999998890e-01,4.310344827586214955e-01,5.714285714285715079e-01,5.833333333333333703e-01,0.000000000000000000e+00,0.000000000000000000e+00,2.500000000000000555e-01,3.305785123966935024e-01,1.666666666666666574e-01,0.000000000000000000e+00,0.000000000000000000e+00,0.000000000000000000e+00,0.000000000000000000e+00,0.000000000000000000e+00
0.000000000000000000e+00,1.488549618320611778e-01,0.000000000000000000e+00,1.000000000000000000e+00,0.000000000000000000e+00,4.545454545454544193e-02,8.333333333333363402e-02,8.381502890173412323e-01,9.908987485779293669e-01,1.000000000000000000e+00,0.000000000000000000e+00,0.000000000000000000e+00,1.000000000000000000e+00,0.000000000000000000e+00,1.000000000000000000e+00,0.000000000000000000e+00,9.906933457422055778e-01,9.507186858316222233e-01,9.363295880149821726e-02,0.000000000000000000e+00,1.000000000000000000e+00,0.000000000000000000e+00,4.999999999999998890e-01,0.000000000000000000e+00,1.000000000000000000e+00,1.000000000000000000e+00,9.245283018867921365e-01,5.454545454545454142e-01,1.666666666666667407e-01,0.000000000000000000e+00,0.000000000000000000e+00,0.000000000000000000e+00,0.000000000000000000e+00,0.000000000000000000e+00,3.571428571428572063e-01,8.703703703703702388e-01,6.944444444444444753e-02,3.114035087719299044e-01,6.249999999999998890e-01,3.620689655172420474e-01,5.714285714285715079e-01,5.833333333333333703e-01,0.000000000000000000e+00,0.000000000000000000e+00,2.500000000000000555e-01,3.305785123966935024e-01,1.666666666666666574e-01,0.000000000000000000e+00,0.000000000000000000e+00,0.000000000000000000e+00,0.000000000000000000e+00,0.000000000000000000e+00
0.000000000000000000e+00,1.450381679389314282e-01,0.000000000000000000e+00,1.000000000000000000e+00,0.000000000000000000e+00,4.545454545454544193e-02,8.333333333333363402e-02,8.381502890173412323e-01,9.908987485779293669e-01,1.000000000000000000e+00,0.000000000000000000e+00,0.000000000000000000e+00,1.000000000000000000e+00,0.000000000000000000e+00,1.000000000000000000e+00,0.000000000000000000e+00,9.883666821777570277e-01,9.517453798767968598e-01,9.363295880149821726e-02,0.000000000000000000e+00,1.000000000000000000e+00,0.000000000000000000e+00,4.999999999999998890e-01,0.000000000000000000e+00,1.000000000000000000e+00,1.000000000000000000e+00,9.245283018867921365e-01,7.272727272727271819e-01,1.666666666666667407e-01,0.000000000000000000e+00,0.000000000000000000e+00,0.000000000000000000e+00,0.000000000000000000e+00,0.000000000000000000e+00,3.571428571428572063e-01,8.703703703703702388e-01,6.944444444444444753e-02,3.114035087719299044e-01,6.249999999999998890e-01,3.620689655172420474e-01,5.714285714285715079e-01,5.833333333333333703e-01,0.000000000000000000e+00,0.000000000000000000e+00,2.500000000000000555e-01,3.305785123966935024e-01,1.666666666666666574e-01,0.000000000000000000e+00,0.000000000000000000e+00,0.000000000000000000e+00,0.000000000000000000e+00,0.000000000000000000e+00
0.000000000000000000e+00,1.374045801526718180e-01,0.000000000000000000e+00,1.000000000000000000e+00,0.000000000000000000e+00,4.545454545454544193e-02,8.333333333333363402e-02,8.381502890173412323e-01,9.908987485779293669e-01,1.000000000000000000e+00,0.000000000000000000e+00,0.000000000000000000e+00,1.000000000000000000e+00,0.000000000000000000e+00,1.000000000000000000e+00,0.000000000000000000e+00,9.860400186133084777e-01,9.517453798767968598e-01,9.363295880149821726e-02,0.000000000000000000e+00,1.000000000000000000e+00,0.000000000000000000e+00,4.999999999999998890e-01,0.000000000000000000e+00,1.000000000000000000e+00,1.000000000000000000e+00,9.245283018867921365e-01,7.272727272727271819e-01,1.685393258426967078e-01,0.000000000000000000e+00,0.000000000000000000e+00,0.000000000000000000e+00,0.000000000000000000e+00,0.000000000000000000e+00,3.571428571428572063e-01,9.222222222222221655e-01,6.944444444444444753e-02,3.114035087719299044e-01,6.249999999999998890e-01,3.620689655172420474e-01,5.714285714285715079e-01,5.833333333333333703e-01,0.000000000000000000e+00,0.000000000000000000e+00,2.500000000000000555e-01,3.305785123966935024e-01,3.333333333333333703e-01,0.000000000000000000e+00,0.000000000000000000e+00,0.000000000000000000e+00,0.000000000000000000e+00,0.000000000000000000e+00
0.000000000000000000e+00,1.335877862595420962e-01,0.000000000000000000e+00,1.000000000000000000e+00,0.000000000000000000e+00,4.545454545454544193e-02,8.333333333333363402e-02,8.381502890173412323e-01,9.908987485779293669e-01,1.000000000000000000e+00,0.000000000000000000e+00,0.000000000000000000e+00,1.000000000000000000e+00,0.000000000000000000e+00,1.000000000000000000e+00,0.000000000000000000e+00,9.837133550488598166e-01,9.517453798767968598e-01,9.363295880149821726e-02,0.000000000000000000e+00,1.000000000000000000e+00,0.000000000000000000e+00,4.999999999999998890e-01,0.000000000000000000e+00,1.000000000000000000e+00,1.000000000000000000e+00,9.245283018867921365e-01,7.272727272727271819e-01,1.685393258426967078e-01,0.000000000000000000e+00,0.000000000000000000e+00,0.000000000000000000e+00,0.000000000000000000e+00,0.000000000000000000e+00,3.571428571428572063e-01,9.222222222222221655e-01,6.944444444444444753e-02,3.114035087719299044e-01,8.749999999999998890e-01,3.965517241379317714e-01,5.714285714285715079e-01,5.833333333333333703e-01,0.000000000000000000e+00,0.000000000000000000e+00,5.000000000000000000e-01,3.305785123966935024e-01,5.000000000000001110e-01,0.000000000000000000e+00,0.000000000000000000e+00,0.000000000000000000e+00,0.000000000000000000e+00,0.000000000000000000e+00
0.000000000000000000e+00,1.297709923664123466e-01,0.000000000000000000e+00,1.000000000000000000e+00,0.000000000000000000e+00,4.545454545454544193e-02,8.333333333333363402e-02,8.381502890173412323e-01,9.908987485779293669e-01,1.000000000000000000e+00,0.000000000000000000e+00,0.000000000000000000e+00,1.000000000000000000e+00,0.000000000000000000e+00,1.000000000000000000e+00,0.000000000000000000e+00,9.837133550488598166e-01,9.517453798767968598e-01,9.363295880149821726e-02,0.000000000000000000e+00,1.000000000000000000e+00,0.000000000000000000e+00,4.999999999999998890e-01,0.000000000000000000e+00,1.000000000000000000e+00,1.000000000000000000e+00,9.245283018867921365e-01,8.181818181818181213e-01,1.685393258426967078e-01,0.000000000000000000e+00,0.000000000000000000e+00,0.000000000000000000e+00,0.000000000000000000e+00,0.000000000000000000e+00,3.571428571428572063e-01,9.222222222222221655e-01,6.944444444444444753e-02,3.114035087719299044e-01,8.749999999999998890e-01,4.827586206896560816e-01,5.714285714285715079e-01,5.833333333333333703e-01,0.000000000000000000e+00,0.000000000000000000e+00,5.000000000000000000e-01,3.305785123966935024e-01,5.000000000000001110e-01,0.000000000000000000e+00,0.000000000000000000e+00,0.000000000000000000e+00,0.000000000000000000e+00,0.000000000000000000e+00
0.000000000000000000e+00,1.259541984732824860e-01,0.000000000000000000e+00,1.000000000000000000e+00,0.000000000000000000e+00,4.545454545454544193e-02,8.333333333333363402e-02,8.381502890173412323e-01,9.908987485779293669e-01,1.000000000000000000e+00,0.000000000000000000e+00,0.000000000000000000e+00,1.000000000000000000e+00,0.000000000000000000e+00,1.000000000000000000e+00,0.000000000000000000e+00,9.837133550488598166e-01,9.517453798767968598e-01,9.363295880149821726e-02,0.000000000000000000e+00,1.000000000000000000e+00,0.000000000000000000e+00,4.999999999999998890e-01,0.000000000000000000e+00,1.000000000000000000e+00,1.000000000000000000e+00,9.245283018867921365e-01,8.181818181818181213e-01,1.685393258426967078e-01,0.000000000000000000e+00,0.000000000000000000e+00,0.000000000000000000e+00,0.000000000000000000e+00,0.000000000000000000e+00,3.571428571428572063e-01,9.222222222222221655e-01,6.944444444444444753e-02,3.114035087719299044e-01,8.749999999999998890e-01,4.827586206896560816e-01,5.714285714285715079e-01,7.500000000000000000e-01,0.000000000000000000e+00,0.000000000000000000e+00,5.000000000000000000e-01,3.305785123966935024e-01,5.000000000000001110e-01,0.000000000000000000e+00,0.000000000000000000e+00,0.000000000000000000e+00,0.000000000000000000e+00,0.000000000000000000e+00
0.000000000000000000e+00,1.221374045801527503e-01,0.000000000000000000e+00,1.000000000000000000e+00,0.000000000000000000e+00,4.545454545454544193e-02,8.333333333333363402e-02,8.381502890173412323e-01,9.908987485779293669e-01,1.000000000000000000e+00,0.000000000000000000e+00,0.000000000000000000e+00,1.000000000000000000e+00,0.000000000000000000e+00,1.000000000000000000e+00,0.000000000000000000e+00,9.837133550488598166e-01,9.517453798767968598e-01,9.737827715355812375e-02,0.000000000000000000e+00,1.000000000000000000e+00,0.000000000000000000e+00,4.999999999999998890e-01,0.000000000000000000e+00,1.000000000000000000e+00,1.000000000000000000e+00,9.339622641509434109e-01,8.181818181818181213e-01,1.685393258426967078e-01,0.000000000000000000e+00,0.000000000000000000e+00,0.000000000000000000e+00,0.000000000000000000e+00,0.000000000000000000e+00,3.571428571428572063e-01,9.222222222222221655e-01,6.944444444444444753e-02,3.114035087719299044e-01,7.500000000000000000e-01,4.827586206896560816e-01,5.714285714285715079e-01,7.500000000000000000e-01,0.000000000000000000e+00,0.000000000000000000e+00,5.000000000000000000e-01,3.305785123966935024e-01,5.000000000000001110e-01,0.000000000000000000e+00,0.000000000000000000e+00,0.000000000000000000e+00,0.000000000000000000e+00,0.000000000000000000e+00
0.000000000000000000e+00,1.183206106870230145e-01,0.000000000000000000e+00,1.000000000000000000e+00,0.000000000000000000e+00,4.545454545454544193e-02,8.333333333333363402e-02,8.381502890173412323e-01,9.920364050056881267e-01,1.000000000000000000e+00,0.000000000000000000e+00,0.000000000000000000e+00,1.000000000000000000e+00,0.000000000000000000e+00,1.000000000000000000e+00,0.000000000000000000e+00,9.837133550488598166e-01,9.517453798767968598e-01,9.363295880149821726e-02,0.000000000000000000e+00,1.000000000000000000e+00,0.000000000000000000e+00,4.999999999999998890e-01,0.000000000000000000e+00,1.000000000000000000e+00,1.000000000000000000e+00,9.339622641509434109e-01,9.090909090909090606e-01,1.685393258426967078e-01,0.000000000000000000e+00,0.000000000000000000e+00,0.000000000000000000e+00,0.000000000000000000e+00,0.000000000000000000e+00,3.571428571428572063e-01,9.222222222222221655e-01,6.944444444444444753e-02,3.114035087719299044e-01,7.500000000000000000e-01,6.034482758620682841e-01,5.714285714285715079e-01,7.500000000000000000e-01,0.000000000000000000e+00,0.000000000000000000e+00,5.000000000000000000e-01,3.305785123966935024e-01,6.666666666666667407e-01,0.000000000000000000e+00,0.000000000000000000e+00,0.000000000000000000e+00,0.000000000000000000e+00,0.000000000000000000e+00
0.000000000000000000e+00,1.183206106870230145e-01,0.000000000000000000e+00,1.000000000000000000e+00,0.000000000000000000e+00,4.545454545454544193e-02,8.333333333333363402e-02,8.381502890173412323e-01,9.920364050056881267e-01,1.000000000000000000e+00,0.000000000000000000e+00,0.000000000000000000e+00,1.000000000000000000e+00,0.000000000000000000e+00,1.000000000000000000e+00,0.000000000000000000e+00,9.860400186133084777e-01,9.517453798767968598e-01,9.363295880149821726e-02,0.000000000000000000e+00,1.000000000000000000e+00,0.000000000000000000e+00,4.999999999999998890e-01,0.000000000000000000e+00,1.000000000000000000e+00,1.000000000000000000e+00,9.339622641509434109e-01,9.090909090909090606e-01,1.685393258426967078e-01,0.000000000000000000e+00,0.000000000000000000e+00,0.000000000000000000e+00,0.000000000000000000e+00,0.000000000000000000e+00,3.571428571428572063e-01,9.222222222222221655e-01,6.944444444444444753e-02,3.114035087719299044e-01,6.249999999999998890e-01,6.034482758620682841e-01,5.714285714285715079e-01,7.500000000000000000e-01,0.000000000000000000e+00,0.000000000000000000e+00,5.000000000000000000e-01,3.305785123966935024e-01,6.666666666666667407e-01,0.000000000000000000e+00,0.000000000000000000e+00,0.000000000000000000e+00,0.000000000000000000e+00,0.000000000000000000e+00
0.000000000000000000e+00,1.145038167938932788e-01,0.000000000000000000e+00,1.000000000000000000e+00,0.000000000000000000e+00,4.545454545454544193e-02,8.333333333333363402e-02,8.381502890173412323e-01,9.920364050056881267e-01,1.000000000000000000e+00,0.000000000000000000e+00,0.000000000000000000e+00,1.000000000000000000e+00,0.000000000000000000e+00,1.000000000000000000e+00,0.000000000000000000e+00,9.883666821777570277e-01,9.517453798767968598e-01,9.737827715355812375e-02,0.000000000000000000e+00,1.000000000000000000e+00,0.000000000000000000e+00,4.999999999999998890e-01,0.000000000000000000e+00,1.000000000000000000e+00,1.000000000000000000e+00,9.339622641509434109e-01,8.181818181818181213e-01,1.666666666666667407e-01,0.000000000000000000e+00,0.000000000000000000e+00,0.000000000000000000e+00,0.000000000000000000e+00,0.000000000000000000e+00,3.571428571428572063e-01,9.222222222222221655e-01,6.944444444444444753e-02,3.114035087719299044e-01,6.249999999999998890e-01,7.241379310344822073e-01,5.714285714285715079e-01,7.500000000000000000e-01,0.000000000000000000e+00,0.000000000000000000e+00,5.000000000000000000e-01,3.305785123966935024e-01,6.666666666666667407e-01,0.000000000000000000e+00,0.000000000000000000e+00,0.000000000000000000e+00,0.000000000000000000e+00,0.000000000000000000e+00
0.000000000000000000e+00,1.106870229007634043e-01,0.000000000000000000e+00,1.000000000000000000e+00,0.000000000000000000e+00,4.545454545454544193e-02,5.555555555555571901e-02,8.381502890173412323e-01,9.920364050056881267e-01,1.000000000000000000e+00,0.000000000000000000e+00,0.000000000000000000e+00,1.000000000000000000e+00,0.000000000000000000e+00,1.000000000000000000e+00,0.000000000000000000e+00,9.883666821777570277e-01,9.527720739219713852e-01,9.737827715355812375e-02,0.000000000000000000e+00,1.000000000000000000e+00,0.000000000000000000e+00,4.999999999999998890e-01,0.000000000000000000e+00,1.000000000000000000e+00,1.000000000000000000e+00,9.339622641509434109e-01,7.272727272727271819e-01,1.666666666666667407e-01,0.000000000000000000e+00,0.000000000000000000e+00,0.000000000000000000e+00,0.000000000000000000e+00,0.000000000000000000e+00,3.571428571428572063e-01,9.222222222222221655e-01,6.018518518518520960e-02,3.114035087719299044e-01,6.249999999999998890e-01,7.068965517241374563e-01,5.714285714285715079e-01,7.500000000000000000e-01,0.000000000000000000e+00,0.000000000000000000e+00,5.000000000000000000e-01,3.305785123966935024e-01,5.000000000000001110e-01,0.000000000000000000e+00,0.000000000000000000e+00,0.000000000000000000e+00,0.000000000000000000e+00,0.000000000000000000e+00
0.000000000000000000e+00,1.106870229007634043e-01,0.000000000000000000e+00,1.000000000000000000e+00,0.000000000000000000e+00,4.545454545454544193e-02,5.555555555555571901e-02,8.381502890173412323e-01,9.920364050056881267e-01,1.000000000000000000e+00,0.000000000000000000e+00,0.000000000000000000e+00,1.000000000000000000e+00,0.000000000000000000e+00,1.000000000000000000e+00,0.000000000000000000e+00,9.883666821777570277e-01,9.527720739219713852e-01,9.737827715355812375e-02,0.000000000000000000e+00,1.000000000000000000e+00,0.000000000000000000e+00,4.999999999999998890e-01,0.000000000000000000e+00,1.000000000000000000e+00,1.000000000000000000e+00,9.339622641509434109e-01,7.272727272727271819e-01,1.666666666666667407e-01,0.000000000000000000e+00,0.000000000000000000e+00,0.000000000000000000e+00,0.000000000000000000e+00,0.000000000000000000e+00,3.571428571428572063e-01,9.222222222222221655e-01,6.018518518518520960e-02,3.114035087719299044e-01,6.249999999999998890e-01,7.068965517241374563e-01,5.714285714285715079e-01,7.500000000000000000e-01,0.000000000000000000e+00,0.000000000000000000e+00,5.000000000000000000e-01,3.305785123966935024e-01,5.000000000000001110e-01,0.000000000000000000e+00,0.000000000000000000e+00,0.000000000000000000e+00,0.000000000000000000e+00,0.000000000000000000e+00
0.000000000000000000e+00,1.106870229007634043e-01,0.000000000000000000e+00,1.000000000000000000e+00,0.000000000000000000e+00,4.545454545454544193e-02,5.555555555555571901e-02,8.381502890173412323e-01,9.920364050056881267e-01,1.000000000000000000e+00,0.000000000000000000e+00,0.000000000000000000e+00,1.000000000000000000e+00,0.000000000000000000e+00,1.000000000000000000e+00,0.000000000000000000e+00,9.883666821777570277e-01,9.527720739219713852e-01,9.737827715355812375e-02,0.000000000000000000e+00,1.000000000000000000e+00,0.000000000000000000e+00,4.999999999999998890e-01,0.000000000000000000e+00,1.000000000000000000e+00,1.000000000000000000e+00,9.339622641509434109e-01,7.272727272727271819e-01,1.666666666666667407e-01,0.000000000000000000e+00,0.000000000000000000e+00,0.000000000000000000e+00,0.000000000000000000e+00,0.000000000000000000e+00,3.571428571428572063e-01,9.222222222222221655e-01,5.555555555555558717e-02,3.114035087719299044e-01,6.249999999999998890e-01,6.034482758620682841e-01,5.714285714285715079e-01,7.500000000000000000e-01,0.000000000000000000e+00,0.000000000000000000e+00,5.000000000000000000e-01,5.371900826446276422e-01,5.000000000000001110e-01,0.000000000000000000e+00,0.000000000000000000e+00,0.000000000000000000e+00,0.000000000000000000e+00,0.000000000000000000e+00
0.000000000000000000e+00,1.068702290076336686e-01,0.000000000000000000e+00,1.000000000000000000e+00,0.000000000000000000e+00,4.545454545454544193e-02,5.555555555555571901e-02,8.381502890173412323e-01,9.920364050056881267e-01,1.000000000000000000e+00,0.000000000000000000e+00,0.000000000000000000e+00,1.000000000000000000e+00,0.000000000000000000e+00,1.000000000000000000e+00,0.000000000000000000e+00,9.883666821777570277e-01,9.527720739219713852e-01,9.737827715355812375e-02,0.000000000000000000e+00,1.000000000000000000e+00,0.000000000000000000e+00,4.999999999999998890e-01,0.000000000000000000e+00,1.000000000000000000e+00,1.000000000000000000e+00,9.339622641509434109e-01,7.272727272727271819e-01,1.666666666666667407e-01,0.000000000000000000e+00,0.000000000000000000e+00,0.000000000000000000e+00,0.000000000000000000e+00,0.000000000000000000e+00,3.571428571428572063e-01,9.222222222222221655e-01,5.555555555555558717e-02,3.114035087719299044e-01,6.249999999999998890e-01,6.034482758620682841e-01,5.714285714285715079e-01,7.500000000000000000e-01,0.000000000000000000e+00,0.000000000000000000e+00,5.000000000000000000e-01,8.016528925619833545e-01,5.000000000000001110e-01,0.000000000000000000e+00,0.000000000000000000e+00,0.000000000000000000e+00,0.000000000000000000e+00,0.000000000000000000e+00
0.000000000000000000e+00,1.068702290076336686e-01,0.000000000000000000e+00,1.000000000000000000e+00,0.000000000000000000e+00,4.545454545454544193e-02,5.555555555555571901e-02,8.381502890173412323e-01,9.897610921501706072e-01,1.000000000000000000e+00,0.000000000000000000e+00,0.000000000000000000e+00,1.000000000000000000e+00,0.000000000000000000e+00,1.000000000000000000e+00,0.000000000000000000e+00,9.883666821777570277e-01,9.517453798767968598e-01,9.737827715355812375e-02,0.000000000000000000e+00,1.000000000000000000e+00,0.000000000000000000e+00,4.999999999999998890e-01,0.000000000000000000e+00,1.000000000000000000e+00,1.000000000000000000e+00,9.339622641509434109e-01,7.272727272727271819e-01,1.666666666666667407e-01,0.000000000000000000e+00,0.000000000000000000e+00,0.000000000000000000e+00,0.000000000000000000e+00,0.000000000000000000e+00,3.571428571428572063e-01,9.222222222222221655e-01,5.555555555555558717e-02,2.324561403508774993e-01,6.249999999999998890e-01,4.827586206896560816e-01,5.714285714285715079e-01,7.500000000000000000e-01,0.000000000000000000e+00,0.000000000000000000e+00,5.000000000000000000e-01,8.016528925619833545e-01,5.000000000000001110e-01,0.000000000000000000e+00,0.000000000000000000e+00,0.000000000000000000e+00,0.000000000000000000e+00,0.000000000000000000e+00
0.000000000000000000e+00,1.030534351145039329e-01,0.000000000000000000e+00,1.000000000000000000e+00,0.000000000000000000e+00,4.545454545454544193e-02,5.555555555555571901e-02,8.381502890173412323e-01,9.897610921501706072e-01,1.000000000000000000e+00,0.000000000000000000e+00,0.000000000000000000e+00,1.000000000000000000e+00,0.000000000000000000e+00,1.000000000000000000e+00,0.000000000000000000e+00,9.883666821777570277e-01,9.517453798767968598e-01,9.737827715355812375e-02,0.000000000000000000e+00,1.000000000000000000e+00,0.000000000000000000e+00,4.999999999999998890e-01,0.000000000000000000e+00,1.000000000000000000e+00,1.000000000000000000e+00,9.339622641509434109e-01,7.272727272727271819e-01,1.666666666666667407e-01,0.000000000000000000e+00,0.000000000000000000e+00,0.000000000000000000e+00,0.000000000000000000e+00,0.000000000000000000e+00,3.571428571428572063e-01,9.222222222222221655e-01,5.555555555555558717e-02,0.000000000000000000e+00,8.749999999999998890e-01,4.655172413793112196e-01,4.285714285714285476e-01,7.500000000000000000e-01,0.000000000000000000e+00,0.000000000000000000e+00,5.000000000000000000e-01,8.016528925619833545e-01,5.000000000000001110e-01,0.000000000000000000e+00,0.000000000000000000e+00,0.000000000000000000e+00,0.000000000000000000e+00,0.000000000000000000e+00
0.000000000000000000e+00,9.923664122137407229e-02,0.000000000000000000e+00,1.000000000000000000e+00,0.000000000000000000e+00,4.545454545454544193e-02,5.555555555555571901e-02,8.381502890173412323e-01,9.897610921501706072e-01,1.000000000000000000e+00,0.000000000000000000e+00,0.000000000000000000e+00,1.000000000000000000e+00,0.000000000000000000e+00,1.000000000000000000e+00,0.000000000000000000e+00,9.883666821777570277e-01,9.517453798767968598e-01,9.737827715355812375e-02,0.000000000000000000e+00,1.000000000000000000e+00,0.000000000000000000e+00,4.999999999999998890e-01,0.000000000000000000e+00,1.000000000000000000e+00,1.000000000000000000e+00,9.339622641509434109e-01,7.272727272727271819e-01,1.647940074906367736e-01,0.000000000000000000e+00,0.000000000000000000e+00,0.000000000000000000e+00,0.000000000000000000e+00,0.000000000000000000e+00,3.571428571428572063e-01,9.222222222222221655e-01,5.555555555555558717e-02,0.000000000000000000e+00,8.749999999999998890e-01,3.448275862068971853e-01,4.285714285714285476e-01,7.500000000000000000e-01,0.000000000000000000e+00,0.000000000000000000e+00,5.000000000000000000e-01,8.016528925619833545e-01,5.000000000000001110e-01,0.000000000000000000e+00,0.000000000000000000e+00,0.000000000000000000e+00,0.000000000000000000e+00,0.000000000000000000e+00
0.000000000000000000e+00,1.030534351145039329e-01,0.000000000000000000e+00,1.000000000000000000e+00,0.000000000000000000e+00,4.545454545454544193e-02,5.555555555555571901e-02,8.381502890173412323e-01,9.897610921501706072e-01,1.000000000000000000e+00,0.000000000000000000e+00,0.000000000000000000e+00,1.000000000000000000e+00,0.000000000000000000e+00,1.000000000000000000e+00,0.000000000000000000e+00,9.883666821777570277e-01,9.527720739219713852e-01,9.737827715355812375e-02,0.000000000000000000e+00,1.000000000000000000e+00,0.000000000000000000e+00,4.999999999999998890e-01,0.000000000000000000e+00,1.000000000000000000e+00,1.000000000000000000e+00,9.339622641509434109e-01,8.181818181818181213e-01,1.666666666666667407e-01,0.000000000000000000e+00,0.000000000000000000e+00,0.000000000000000000e+00,0.000000000000000000e+00,0.000000000000000000e+00,3.571428571428572063e-01,9.222222222222221655e-01,5.555555555555558717e-02,0.000000000000000000e+00,8.749999999999998890e-01,3.448275862068971853e-01,1.428571428571428770e-01,7.500000000000000000e-01,0.000000000000000000e+00,0.000000000000000000e+00,5.000000000000000000e-01,8.016528925619833545e-01,5.000000000000001110e-01,0.000000000000000000e+00,0.000000000000000000e+00,0.000000000000000000e+00,0.000000000000000000e+00,0.000000000000000000e+00
0.000000000000000000e+00,1.030534351145039329e-01,0.000000000000000000e+00,1.000000000000000000e+00,0.000000000000000000e+00,4.545454545454544193e-02,8.333333333333363402e-02,8.381502890173412323e-01,9.897610921501706072e-01,1.000000000000000000e+00,0.000000000000000000e+00,0.000000000000000000e+00,1.000000000000000000e+00,0.000000000000000000e+00,1.000000000000000000e+00,0.000000000000000000e+00,9.837133550488598166e-01,9.527720739219713852e-01,1.011235955056180580e-01,0.000000000000000000e+00,1.000000000000000000e+00,0.000000000000000000e+00,4.999999999999998890e-01,0.000000000000000000e+00,1.000000000000000000e+00,1.000000000000000000e+00,9.339622641509434109e-01,8.181818181818181213e-01,1.685393258426967078e-01,0.000000000000000000e+00,0.000000000000000000e+00,0.000000000000000000e+00,0.000000000000000000e+00,0.000000000000000000e+00,3.571428571428572063e-01,8.962962962962960356e-01,5.555555555555558717e-02,0.000000000000000000e+00,8.749999999999998890e-01,3.448275862068971853e-01,1.428571428571428770e-01,7.500000000000000000e-01,0.000000000000000000e+00,0.000000000000000000e+00,5.000000000000000000e-01,8.016528925619833545e-01,5.000000000000001110e-01,0.000000000000000000e+00,0.000000000000000000e+00,0.000000000000000000e+00,0.000000000000000000e+00,0.000000000000000000e+00
0.000000000000000000e+00,9.541984732824433657e-02,0.000000000000000000e+00,1.000000000000000000e+00,0.000000000000000000e+00,4.545454545454544193e-02,8.333333333333363402e-02,8.381502890173412323e-01,9.897610921501706072e-01,1.000000000000000000e+00,0.000000000000000000e+00,0.000000000000000000e+00,1.000000000000000000e+00,0.000000000000000000e+00,1.000000000000000000e+00,0.000000000000000000e+00,9.813866914844112666e-01,9.527720739219713852e-01,1.011235955056180580e-01,0.000000000000000000e+00,1.000000000000000000e+00,0.000000000000000000e+00,4.999999999999998890e-01,0.000000000000000000e+00,1.000000000000000000e+00,1.000000000000000000e+00,9.339622641509434109e-01,7.272727272727271819e-01,1.685393258426967078e-01,0.000000000000000000e+00,0.000000000000000000e+00,0.000000000000000000e+00,0.000000000000000000e+00,0.000000000000000000e+00,3.571428571428572063e-01,8.814814814814813104e-01,5.555555555555558717e-02,0.000000000000000000e+00,8.749999999999998890e-01,3.448275862068971853e-01,1.428571428571428770e-01,7.500000000000000000e-01,0.000000000000000000e+00,0.000000000000000000e+00,5.000000000000000000e-01,8.016528925619833545e-01,5.000000000000001110e-01,0.000000000000000000e+00,0.000000000000000000e+00,0.000000000000000000e+00,0.000000000000000000e+00,0.000000000000000000e+00
0.000000000000000000e+00,9.541984732824433657e-02,0.000000000000000000e+00,1.000000000000000000e+00,0.000000000000000000e+00,4.545454545454544193e-02,8.333333333333363402e-02,8.381502890173412323e-01,9.897610921501706072e-01,1.000000000000000000e+00,0.000000000000000000e+00,0.000000000000000000e+00,1.000000000000000000e+00,0.000000000000000000e+00,1.000000000000000000e+00,0.000000000000000000e+00,9.813866914844112666e-01,9.527720739219713852e-01,1.011235955056180580e-01,0.000000000000000000e+00,1.000000000000000000e+00,0.000000000000000000e+00,4.999999999999998890e-01,0.000000000000000000e+00,1.000000000000000000e+00,1.000000000000000000e+00,9.339622641509434109e-01,6.363636363636363535e-01,1.685393258426967078e-01,0.000000000000000000e+00,0.000000000000000000e+00,0.000000000000000000e+00,0.000000000000000000e+00,0.000000000000000000e+00,3.571428571428572063e-01,8.814814814814813104e-01,5.555555555555558717e-02,1.140350877192988915e-01,8.749999999999998890e-01,2.758620689655177372e-01,1.428571428571428770e-01,7.500000000000000000e-01,0.000000000000000000e+00,0.000000000000000000e+00,5.000000000000000000e-01,8.016528925619833545e-01,5.000000000000001110e-01,0.000000000000000000e+00,0.000000000000000000e+00,0.000000000000000000e+00,0.000000000000000000e+00,0.000000000000000000e+00
0.000000000000000000e+00,9.541984732824433657e-02,0.000000000000000000e+00,1.000000000000000000e+00,0.000000000000000000e+00,4.545454545454544193e-02,8.333333333333363402e-02,8.265895953757227410e-01,9.897610921501706072e-01,1.000000000000000000e+00,0.000000000000000000e+00,0.000000000000000000e+00,1.000000000000000000e+00,0.000000000000000000e+00,1.000000000000000000e+00,0.000000000000000000e+00,9.860400186133084777e-01,9.527720739219713852e-01,1.011235955056180580e-01,0.000000000000000000e+00,1.000000000000000000e+00,0.000000000000000000e+00,4.999999999999998890e-01,0.000000000000000000e+00,1.000000000000000000e+00,1.000000000000000000e+00,9.339622641509434109e-01,6.363636363636363535e-01,1.685393258426967078e-01,0.000000000000000000e+00,0.000000000000000000e+00,0.000000000000000000e+00,0.000000000000000000e+00,0.000000000000000000e+00,3.571428571428572063e-01,8.814814814814813104e-01,5.555555555555558717e-02,1.535087719298250941e-01,8.749999999999998890e-01,3.103448275862074612e-01,1.428571428571428770e-01,7.500000000000000000e-01,0.000000000000000000e+00,0.000000000000000000e+00,5.000000000000000000e-01,6.694214876033053319e-01,5.000000000000001110e-01,0.000000000000000000e+00,0.000000000000000000e+00,0.000000000000000000e+00,0.000000000000000000e+00,0.000000000000000000e+00
0.000000000000000000e+00,9.160305343511460086e-02,0.000000000000000000e+00,1.000000000000000000e+00,0.000000000000000000e+00,4.545454545454544193e-02,8.333333333333363402e-02,8.265895953757227410e-01,9.897610921501706072e-01,1.000000000000000000e+00,0.000000000000000000e+00,0.000000000000000000e+00,1.000000000000000000e+00,0.000000000000000000e+00,1.000000000000000000e+00,0.000000000000000000e+00,9.860400186133084777e-01,9.527720739219713852e-01,1.011235955056180580e-01,0.000000000000000000e+00,1.000000000000000000e+00,0.000000000000000000e+00,4.999999999999998890e-01,0.000000000000000000e+00,1.000000000000000000e+00,1.000000000000000000e+00,9.339622641509434109e-01,6.363636363636363535e-01,1.704119850187266472e-01,0.000000000000000000e+00,0.000000000000000000e+00,0.000000000000000000e+00,0.000000000000000000e+00,0.000000000000000000e+00,3.571428571428572063e-01,8.814814814814813104e-01,5.555555555555558717e-02,2.324561403508774993e-01,7.500000000000000000e-01,3.620689655172420474e-01,1.428571428571428770e-01,6.666666666666667407e-01,0.000000000000000000e+00,0.000000000000000000e+00,5.000000000000000000e-01,6.694214876033053319e-01,5.000000000000001110e-01,0.000000000000000000e+00,0.000000000000000000e+00,0.000000000000000000e+00,0.000000000000000000e+00,0.000000000000000000e+00
0.000000000000000000e+00,9.160305343511460086e-02,0.000000000000000000e+00,1.000000000000000000e+00,0.000000000000000000e+00,4.545454545454544193e-02,8.333333333333363402e-02,8.265895953757227410e-01,9.908987485779293669e-01,1.000000000000000000e+00,0.000000000000000000e+00,0.000000000000000000e+00,1.000000000000000000e+00,0.000000000000000000e+00,1.000000000000000000e+00,0.000000000000000000e+00,9.860400186133084777e-01,9.527720739219713852e-01,1.011235955056180580e-01,0.000000000000000000e+00,1.000000000000000000e+00,0.000000000000000000e+00,4.999999999999998890e-01,0.000000000000000000e+00,1.000000000000000000e+00,1.000000000000000000e+00,9.339622641509434109e-01,6.363636363636363535e-01,1.685393258426967078e-01,0.000000000000000000e+00,0.000000000000000000e+00,0.000000000000000000e+00,0.000000000000000000e+00,0.000000000000000000e+00,3.571428571428572063e-01,8.814814814814813104e-01,5.555555555555558717e-02,2.324561403508774993e-01,7.500000000000000000e-01,3.620689655172420474e-01,1.428571428571428770e-01,3.333333333333333148e-01,0.000000000000000000e+00,0.000000000000000000e+00,5.000000000000000000e-01,6.694214876033053319e-01,3.333333333333333703e-01,0.000000000000000000e+00,0.000000000000000000e+00,0.000000000000000000e+00,0.000000000000000000e+00,0.000000000000000000e+00
0.000000000000000000e+00,8.778625954198486514e-02,0.000000000000000000e+00,1.000000000000000000e+00,0.000000000000000000e+00,4.545454545454544193e-02,8.333333333333363402e-02,8.265895953757227410e-01,9.908987485779293669e-01,1.000000000000000000e+00,0.000000000000000000e+00,0.000000000000000000e+00,1.000000000000000000e+00,0.000000000000000000e+00,1.000000000000000000e+00,0.000000000000000000e+00,9.883666821777570277e-01,9.537987679671459107e-01,1.011235955056180580e-01,0.000000000000000000e+00,1.000000000000000000e+00,0.000000000000000000e+00,4.999999999999998890e-01,0.000000000000000000e+00,1.000000000000000000e+00,1.000000000000000000e+00,9.339622641509434109e-01,6.363636363636363535e-01,1.704119850187266472e-01,0.000000000000000000e+00,0.000000000000000000e+00,0.000000000000000000e+00,0.000000000000000000e+00,0.000000000000000000e+00,3.571428571428572063e-01,8.555555555555556246e-01,5.555555555555558717e-02,2.324561403508774993e-01,7.500000000000000000e-01,3.620689655172420474e-01,1.428571428571428770e-01,2.499999999999999722e-01,0.000000000000000000e+00,0.000000000000000000e+00,5.000000000000000000e-01,6.694214876033053319e-01,3.333333333333333703e-01,0.000000000000000000e+00,0.000000000000000000e+00,0.000000000000000000e+00,0.000000000000000000e+00,0.000000000000000000e+00
0.000000000000000000e+00,8.396946564885499065e-02,0.000000000000000000e+00,1.000000000000000000e+00,0.000000000000000000e+00,4.545454545454544193e-02,8.333333333333363402e-02,8.265895953757227410e-01,9.908987485779293669e-01,1.000000000000000000e+00,0.000000000000000000e+00,0.000000000000000000e+00,1.000000000000000000e+00,0.000000000000000000e+00,1.000000000000000000e+00,0.000000000000000000e+00,9.883666821777570277e-01,9.537987679671459107e-01,1.011235955056180580e-01,0.000000000000000000e+00,1.000000000000000000e+00,0.000000000000000000e+00,4.999999999999998890e-01,0.000000000000000000e+00,1.000000000000000000e+00,1.000000000000000000e+00,9.339622641509434109e-01,5.454545454545454142e-01,1.704119850187266472e-01,0.000000000000000000e+00,0.000000000000000000e+00,0.000000000000000000e+00,0.000000000000000000e+00,0.000000000000000000e+00,3.571428571428572063e-01,8.481481481481480955e-01,5.555555555555558717e-02,2.324561403508774993e-01,7.500000000000000000e-01,3.620689655172420474e-01,1.428571428571428770e-01,5.833333333333333703e-01,0.000000000000000000e+00,0.000000000000000000e+00,5.000000000000000000e-01,6.694214876033053319e-01,3.333333333333333703e-01,0.000000000000000000e+00,0.000000000000000000e+00,0.000000000000000000e+00,0.000000000000000000e+00,0.000000000000000000e+00
0.000000000000000000e+00,8.396946564885499065e-02,0.000000000000000000e+00,1.000000000000000000e+00,0.000000000000000000e+00,4.545454545454544193e-02,8.333333333333363402e-02,8.265895953757227410e-01,9.908987485779293669e-01,1.000000000000000000e+00,0.000000000000000000e+00,0.000000000000000000e+00,1.000000000000000000e+00,0.000000000000000000e+00,1.000000000000000000e+00,0.000000000000000000e+00,9.906933457422055778e-01,9.537987679671459107e-01,1.011235955056180580e-01,0.000000000000000000e+00,1.000000000000000000e+00,0.000000000000000000e+00,4.999999999999998890e-01,0.000000000000000000e+00,1.000000000000000000e+00,1.000000000000000000e+00,9.339622641509434109e-01,5.454545454545454142e-01,1.704119850187266472e-01,0.000000000000000000e+00,0.000000000000000000e+00,0.000000000000000000e+00,0.000000000000000000e+00,0.000000000000000000e+00,3.571428571428572063e-01,8.370370370370371349e-01,5.092592592592596473e-02,2.324561403508774993e-01,7.500000000000000000e-01,4.655172413793112196e-01,1.428571428571428770e-01,7.500000000000000000e-01,0.000000000000000000e+00,0.000000000000000000e+00,5.000000000000000000e-01,6.694214876033053319e-01,3.333333333333333703e-01,0.000000000000000000e+00,0.000000000000000000e+00,0.000000000000000000e+00,0.000000000000000000e+00,0.000000000000000000e+00
0.000000000000000000e+00,8.015267175572525493e-02,0.000000000000000000e+00,1.000000000000000000e+00,0.000000000000000000e+00,4.545454545454544193e-02,1.111111111111114380e-01,8.265895953757227410e-01,9.897610921501706072e-01,1.000000000000000000e+00,0.000000000000000000e+00,0.000000000000000000e+00,1.000000000000000000e+00,0.000000000000000000e+00,1.000000000000000000e+00,0.000000000000000000e+00,9.906933457422055778e-01,9.527720739219713852e-01,1.011235955056180580e-01,0.000000000000000000e+00,1.000000000000000000e+00,0.000000000000000000e+00,4.999999999999998890e-01,0.000000000000000000e+00,1.000000000000000000e+00,1.000000000000000000e+00,9.339622641509434109e-01,5.454545454545454142e-01,1.704119850187266472e-01,0.000000000000000000e+00,0.000000000000000000e+00,0.000000000000000000e+00,0.000000000000000000e+00,0.000000000000000000e+00,3.571428571428572063e-01,8.370370370370371349e-01,4.166666666666665741e-02,2.324561403508774993e-01,7.500000000000000000e-01,4.137931034482766335e-01,1.428571428571428770e-01,7.500000000000000000e-01,0.000000000000000000e+00,0.000000000000000000e+00,5.000000000000000000e-01,6.694214876033053319e-01,3.333333333333333703e-01,0.000000000000000000e+00,0.000000000000000000e+00,0.000000000000000000e+00,0.000000000000000000e+00,0.000000000000000000e+00
0.000000000000000000e+00,7.633587786259551922e-02,0.000000000000000000e+00,1.000000000000000000e+00,0.000000000000000000e+00,4.545454545454544193e-02,1.111111111111114380e-01,8.265895953757227410e-01,9.897610921501706072e-01,1.000000000000000000e+00,0.000000000000000000e+00,0.000000000000000000e+00,1.000000000000000000e+00,0.000000000000000000e+00,1.000000000000000000e+00,0.000000000000000000e+00,9.883666821777570277e-01,9.527720739219713852e-01,1.011235955056180580e-01,0.000000000000000000e+00,1.000000000000000000e+00,0.000000000000000000e+00,4.999999999999998890e-01,0.000000000000000000e+00,1.000000000000000000e+00,1.000000000000000000e+00,9.339622641509434109e-01,6.363636363636363535e-01,1.704119850187266472e-01,0.000000000000000000e+00,0.000000000000000000e+00,0.000000000000000000e+00,0.000000000000000000e+00,0.000000000000000000e+00,3.571428571428572063e-01,8.370370370370371349e-01,4.166666666666665741e-02,2.324561403508774993e-01,8.749999999999998890e-01,3.620689655172420474e-01,1.428571428571428770e-01,7.500000000000000000e-01,0.000000000000000000e+00,0.000000000000000000e+00,7.500000000000000000e-01,6.694214876033053319e-01,5.000000000000001110e-01,0.000000000000000000e+00,0.000000000000000000e+00,0.000000000000000000e+00,0.000000000000000000e+00,0.000000000000000000e+00
0.000000000000000000e+00,7.633587786259551922e-02,0.000000000000000000e+00,1.000000000000000000e+00,0.000000000000000000e+00,4.545454545454544193e-02,1.111111111111114380e-01,8.265895953757227410e-01,9.897610921501706072e-01,1.000000000000000000e+00,0.000000000000000000e+00,0.000000000000000000e+00,1.000000000000000000e+00,0.000000000000000000e+00,1.000000000000000000e+00,0.000000000000000000e+00,9.860400186133084777e-01,9.527720739219713852e-01,1.011235955056180580e-01,0.000000000000000000e+00,1.000000000000000000e+00,0.000000000000000000e+00,4.999999999999998890e-01,0.000000000000000000e+00,1.000000000000000000e+00,1.000000000000000000e+00,1.000000000000000000e+00,7.272727272727271819e-01,1.722846441947566420e-01,0.000000000000000000e+00,0.000000000000000000e+00,0.000000000000000000e+00,0.000000000000000000e+00,0.000000000000000000e+00,3.571428571428572063e-01,8.370370370370371349e-01,4.166666666666665741e-02,2.324561403508774993e-01,8.749999999999998890e-01,2.413793103448280408e-01,1.428571428571428770e-01,7.500000000000000000e-01,0.000000000000000000e+00,0.000000000000000000e+00,7.500000000000000000e-01,6.694214876033053319e-01,5.000000000000001110e-01,0.000000000000000000e+00,0.000000000000000000e+00,0.000000000000000000e+00,0.000000000000000000e+00,0.000000000000000000e+00
0.000000000000000000e+00,7.251908396946564472e-02,0.000000000000000000e+00,1.000000000000000000e+00,0.000000000000000000e+00,4.545454545454544193e-02,1.111111111111114380e-01,8.265895953757227410e-01,9.897610921501706072e-01,1.000000000000000000e+00,0.000000000000000000e+00,0.000000000000000000e+00,1.000000000000000000e+00,0.000000000000000000e+00,1.000000000000000000e+00,0.000000000000000000e+00,9.837133550488598166e-01,9.527720739219713852e-01,1.011235955056180580e-01,0.000000000000000000e+00,1.000000000000000000e+00,0.000000000000000000e+00,4.999999999999998890e-01,0.000000000000000000e+00,1.000000000000000000e+00,1.000000000000000000e+00,1.000000000000000000e+00,7.272727272727271819e-01,1.722846441947566420e-01,0.000000000000000000e+00,0.000000000000000000e+00,0.000000000000000000e+00,0.000000000000000000e+00,0.000000000000000000e+00,2.857142857142857539e-01,8.370370370370371349e-01,4.166666666666665741e-02,2.324561403508774993e-01,8.749999999999998890e-01,1.379310344827588963e-01,1.428571428571428770e-01,7.500000000000000000e-01,0.000000000000000000e+00,0.000000000000000000e+00,7.500000000000000000e-01,6.694214876033053319e-01,5.000000000000001110e-01,0.000000000000000000e+00,0.000000000000000000e+00,0.000000000000000000e+00,0.000000000000000000e+00,0.000000000000000000e+00
0.000000000000000000e+00,7.251908396946564472e-02,0.000000000000000000e+00,1.000000000000000000e+00,0.000000000000000000e+00,4.545454545454544193e-02,8.333333333333363402e-02,8.265895953757227410e-01,9.897610921501706072e-01,1.000000000000000000e+00,0.000000000000000000e+00,0.000000000000000000e+00,1.000000000000000000e+00,0.000000000000000000e+00,1.000000000000000000e+00,0.000000000000000000e+00,9.837133550488598166e-01,9.527720739219713852e-01,9.737827715355812375e-02,0.000000000000000000e+00,1.000000000000000000e+00,0.000000000000000000e+00,4.999999999999998890e-01,0.000000000000000000e+00,1.000000000000000000e+00,1.000000000000000000e+00,1.000000000000000000e+00,7.272727272727271819e-01,1.722846441947566420e-01,0.000000000000000000e+00,0.000000000000000000e+00,0.000000000000000000e+00,0.000000000000000000e+00,0.000000000000000000e+00,2.142857142857143293e-01,8.370370370370371349e-01,4.166666666666665741e-02,2.324561403508774993e-01,8.749999999999998890e-01,1.379310344827588963e-01,1.428571428571428770e-01,3.333333333333333148e-01,0.000000000000000000e+00,0.000000000000000000e+00,7.500000000000000000e-01,6.694214876033053319e-01,5.000000000000001110e-01,0.000000000000000000e+00,0.000000000000000000e+00,0.000000000000000000e+00,0.000000000000000000e+00,0.000000000000000000e+00
0.000000000000000000e+00,6.870229007633590901e-02,0.000000000000000000e+00,1.000000000000000000e+00,0.000000000000000000e+00,4.545454545454544193e-02,8.333333333333363402e-02,8.265895953757227410e-01,9.897610921501706072e-01,1.000000000000000000e+00,0.000000000000000000e+00,0.000000000000000000e+00,1.000000000000000000e+00,0.000000000000000000e+00,1.000000000000000000e+00,0.000000000000000000e+00,9.837133550488598166e-01,9.527720739219713852e-01,1.011235955056180580e-01,0.000000000000000000e+00,1.000000000000000000e+00,0.000000000000000000e+00,4.999999999999998890e-01,0.000000000000000000e+00,1.000000000000000000e+00,1.000000000000000000e+00,9.433962264150943522e-01,6.363636363636363535e-01,1.741573033707865814e-01,0.000000000000000000e+00,0.000000000000000000e+00,0.000000000000000000e+00,0.000000000000000000e+00,0.000000000000000000e+00,2.142857142857143293e-01,8.370370370370371349e-01,4.166666666666665741e-02,2.324561403508774993e-01,1.000000000000000000e+00,2.413793103448280408e-01,1.428571428571428770e-01,1.666666666666666574e-01,0.000000000000000000e+00,0.000000000000000000e+00,7.500000000000000000e-01,6.694214876033053319e-01,5.000000000000001110e-01,0.000000000000000000e+00,0.000000000000000000e+00,0.000000000000000000e+00,0.000000000000000000e+00,0.000000000000000000e+00
0.000000000000000000e+00,6.870229007633590901e-02,0.000000000000000000e+00,1.000000000000000000e+00,0.000000000000000000e+00,4.545454545454544193e-02,8.333333333333363402e-02,8.265895953757227410e-01,9.897610921501706072e-01,1.000000000000000000e+00,0.000000000000000000e+00,0.000000000000000000e+00,1.000000000000000000e+00,0.000000000000000000e+00,1.000000000000000000e+00,0.000000000000000000e+00,9.837133550488598166e-01,9.517453798767968598e-01,9.737827715355812375e-02,0.000000000000000000e+00,1.000000000000000000e+00,0.000000000000000000e+00,4.999999999999998890e-01,0.000000000000000000e+00,1.000000000000000000e+00,1.000000000000000000e+00,9.433962264150943522e-01,6.363636363636363535e-01,1.722846441947566420e-01,0.000000000000000000e+00,0.000000000000000000e+00,0.000000000000000000e+00,0.000000000000000000e+00,0.000000000000000000e+00,2.142857142857143293e-01,8.370370370370371349e-01,4.166666666666665741e-02,2.324561403508774993e-01,1.000000000000000000e+00,2.586206896551728751e-01,1.428571428571428770e-01,8.333333333333332871e-02,0.000000000000000000e+00,0.000000000000000000e+00,7.500000000000000000e-01,6.694214876033053319e-01,5.000000000000001110e-01,0.000000000000000000e+00,0.000000000000000000e+00,0.000000000000000000e+00,0.000000000000000000e+00,0.000000000000000000e+00
0.000000000000000000e+00,6.488549618320617329e-02,0.000000000000000000e+00,1.000000000000000000e+00,0.000000000000000000e+00,4.545454545454544193e-02,8.333333333333363402e-02,8.265895953757227410e-01,9.897610921501706072e-01,1.000000000000000000e+00,0.000000000000000000e+00,0.000000000000000000e+00,1.000000000000000000e+00,0.000000000000000000e+00,1.000000000000000000e+00,0.000000000000000000e+00,9.860400186133084777e-01,9.517453798767968598e-01,9.737827715355812375e-02,0.000000000000000000e+00,1.000000000000000000e+00,0.000000000000000000e+00,4.999999999999998890e-01,0.000000000000000000e+00,1.000000000000000000e+00,0.000000000000000000e+00,9.433962264150943522e-01,5.454545454545454142e-01,1.722846441947566420e-01,0.000000000000000000e+00,0.000000000000000000e+00,0.000000000000000000e+00,0.000000000000000000e+00,0.000000000000000000e+00,2.142857142857143293e-01,8.370370370370371349e-01,4.166666666666665741e-02,2.324561403508774993e-01,1.000000000000000000e+00,2.586206896551728751e-01,1.428571428571428770e-01,8.333333333333332871e-02,0.000000000000000000e+00,0.000000000000000000e+00,7.500000000000000000e-01,6.694214876033053319e-01,5.000000000000001110e-01,0.000000000000000000e+00,0.000000000000000000e+00,0.000000000000000000e+00,0.000000000000000000e+00,0.000000000000000000e+00
0.000000000000000000e+00,6.488549618320617329e-02,0.000000000000000000e+00,1.000000000000000000e+00,0.000000000000000000e+00,4.545454545454544193e-02,5.555555555555571901e-02,8.265895953757227410e-01,9.897610921501706072e-01,1.000000000000000000e+00,0.000000000000000000e+00,0.000000000000000000e+00,1.000000000000000000e+00,0.000000000000000000e+00,1.000000000000000000e+00,0.000000000000000000e+00,9.860400186133084777e-01,9.517453798767968598e-01,9.737827715355812375e-02,0.000000000000000000e+00,1.000000000000000000e+00,0.000000000000000000e+00,4.999999999999998890e-01,0.000000000000000000e+00,1.000000000000000000e+00,0.000000000000000000e+00,9.433962264150943522e-01,5.454545454545454142e-01,1.722846441947566420e-01,0.000000000000000000e+00,0.000000000000000000e+00,0.000000000000000000e+00,0.000000000000000000e+00,0.000000000000000000e+00,2.142857142857143293e-01,8.370370370370371349e-01,4.166666666666665741e-02,2.324561403508774993e-01,8.749999999999998890e-01,2.586206896551728751e-01,1.428571428571428770e-01,8.333333333333332871e-02,0.000000000000000000e+00,0.000000000000000000e+00,5.000000000000000000e-01,6.694214876033053319e-01,5.000000000000001110e-01,0.000000000000000000e+00,0.000000000000000000e+00,0.000000000000000000e+00,0.000000000000000000e+00,0.000000000000000000e+00
0.000000000000000000e+00,6.106870229007644452e-02,0.000000000000000000e+00,1.000000000000000000e+00,0.000000000000000000e+00,4.545454545454544193e-02,5.555555555555571901e-02,8.323699421965320422e-01,9.897610921501706072e-01,1.000000000000000000e+00,0.000000000000000000e+00,0.000000000000000000e+00,1.000000000000000000e+00,0.000000000000000000e+00,1.000000000000000000e+00,0.000000000000000000e+00,9.860400186133084777e-01,9.517453798767968598e-01,9.737827715355812375e-02,0.000000000000000000e+00,1.000000000000000000e+00,0.000000000000000000e+00,4.999999999999998890e-01,0.000000000000000000e+00,1.000000000000000000e+00,0.000000000000000000e+00,9.433962264150943522e-01,5.454545454545454142e-01,1.722846441947566420e-01,0.000000000000000000e+00,0.000000000000000000e+00,0.000000000000000000e+00,0.000000000000000000e+00,0.000000000000000000e+00,2.142857142857143293e-01,8.370370370370371349e-01,4.166666666666665741e-02,2.324561403508774993e-01,8.749999999999998890e-01,2.586206896551728751e-01,1.428571428571428770e-01,8.333333333333332871e-02,0.000000000000000000e+00,0.000000000000000000e+00,5.000000000000000000e-01,6.694214876033053319e-01,5.000000000000001110e-01,0.000000000000000000e+00,0.000000000000000000e+00,0.000000000000000000e+00,0.000000000000000000e+00,0.000000000000000000e+00
0.000000000000000000e+00,5.725190839694657002e-02,0.000000000000000000e+00,1.000000000000000000e+00,0.000000000000000000e+00,4.545454545454544193e-02,5.555555555555571901e-02,8.381502890173412323e-01,9.897610921501706072e-01,1.000000000000000000e+00,0.000000000000000000e+00,0.000000000000000000e+00,1.000000000000000000e+00,0.000000000000000000e+00,1.000000000000000000e+00,0.000000000000000000e+00,9.860400186133084777e-01,9.527720739219713852e-01,1.011235955056180580e-01,0.000000000000000000e+00,1.000000000000000000e+00,0.000000000000000000e+00,4.999999999999998890e-01,0.000000000000000000e+00,1.000000000000000000e+00,0.000000000000000000e+00,9.433962264150943522e-01,5.454545454545454142e-01,1.722846441947566420e-01,0.000000000000000000e+00,0.000000000000000000e+00,0.000000000000000000e+00,0.000000000000000000e+00,0.000000000000000000e+00,2.142857142857143293e-01,8.962962962962960356e-01,4.166666666666665741e-02,2.324561403508774993e-01,8.749999999999998890e-01,3.793103448275869649e-01,1.428571428571428770e-01,4.166666666666666852e-01,0.000000000000000000e+00,0.000000000000000000e+00,5.000000000000000000e-01,6.694214876033053319e-01,5.000000000000001110e-01,0.000000000000000000e+00,0.000000000000000000e+00,0.000000000000000000e+00,0.000000000000000000e+00,0.000000000000000000e+00
0.000000000000000000e+00,5.725190839694657002e-02,0.000000000000000000e+00,1.000000000000000000e+00,0.000000000000000000e+00,4.545454545454544193e-02,5.555555555555571901e-02,8.381502890173412323e-01,9.897610921501706072e-01,1.000000000000000000e+00,0.000000000000000000e+00,0.000000000000000000e+00,1.000000000000000000e+00,0.000000000000000000e+00,1.000000000000000000e+00,0.000000000000000000e+00,9.860400186133084777e-01,9.537987679671459107e-01,1.011235955056180580e-01,0.000000000000000000e+00,1.000000000000000000e+00,0.000000000000000000e+00,4.999999999999998890e-01,0.000000000000000000e+00,1.000000000000000000e+00,0.000000000000000000e+00,9.433962264150943522e-01,5.454545454545454142e-01,1.741573033707865814e-01,0.000000000000000000e+00,0.000000000000000000e+00,0.000000000000000000e+00,0.000000000000000000e+00,0.000000000000000000e+00,2.142857142857143293e-01,8.962962962962960356e-01,4.166666666666665741e-02,2.324561403508774993e-01,7.500000000000000000e-01,4.827586206896560816e-01,1.428571428571428770e-01,5.000000000000000000e-01,0.000000000000000000e+00,0.000000000000000000e+00,5.000000000000000000e-01,6.033057851239664870e-01,5.000000000000001110e-01,0.000000000000000000e+00,0.000000000000000000e+00,0.000000000000000000e+00,0.000000000000000000e+00,0.000000000000000000e+00
0.000000000000000000e+00,5.343511450381683431e-02,0.000000000000000000e+00,1.000000000000000000e+00,0.000000000000000000e+00,4.545454545454544193e-02,5.555555555555571901e-02,8.381502890173412323e-01,9.897610921501706072e-01,1.000000000000000000e+00,0.000000000000000000e+00,0.000000000000000000e+00,1.000000000000000000e+00,0.000000000000000000e+00,1.000000000000000000e+00,0.000000000000000000e+00,9.883666821777570277e-01,9.537987679671459107e-01,1.011235955056180580e-01,0.000000000000000000e+00,1.000000000000000000e+00,0.000000000000000000e+00,4.999999999999998890e-01,0.000000000000000000e+00,1.000000000000000000e+00,0.000000000000000000e+00,9.433962264150943522e-01,5.454545454545454142e-01,1.722846441947566420e-01,0.000000000000000000e+00,0.000000000000000000e+00,0.000000000000000000e+00,0.000000000000000000e+00,0.000000000000000000e+00,2.142857142857143293e-01,8.962962962962960356e-01,4.166666666666665741e-02,2.324561403508774993e-01,7.500000000000000000e-01,5.172413793103457502e-01,1.428571428571428770e-01,6.666666666666667407e-01,0.000000000000000000e+00,0.000000000000000000e+00,5.000000000000000000e-01,6.033057851239664870e-01,3.333333333333333703e-01,0.000000000000000000e+00,0.000000000000000000e+00,0.000000000000000000e+00,0.000000000000000000e+00,0.000000000000000000e+00
0.000000000000000000e+00,4.961832061068709859e-02,0.000000000000000000e+00,1.000000000000000000e+00,0.000000000000000000e+00,4.545454545454544193e-02,5.555555555555571901e-02,8.381502890173412323e-01,9.897610921501706072e-01,1.000000000000000000e+00,0.000000000000000000e+00,0.000000000000000000e+00,1.000000000000000000e+00,0.000000000000000000e+00,1.000000000000000000e+00,0.000000000000000000e+00,9.883666821777570277e-01,9.537987679671459107e-01,1.011235955056180580e-01,0.000000000000000000e+00,1.000000000000000000e+00,0.000000000000000000e+00,4.999999999999998890e-01,0.000000000000000000e+00,1.000000000000000000e+00,0.000000000000000000e+00,9.433962264150943522e-01,7.272727272727271819e-01,1.741573033707865814e-01,0.000000000000000000e+00,0.000000000000000000e+00,0.000000000000000000e+00,0.000000000000000000e+00,0.000000000000000000e+00,2.142857142857143293e-01,8.962962962962960356e-01,4.166666666666665741e-02,2.324561403508774993e-01,5.000000000000000000e-01,5.862068965517233110e-01,1.428571428571428770e-01,7.500000000000000000e-01,0.000000000000000000e+00,0.000000000000000000e+00,5.000000000000000000e-01,6.033057851239664870e-01,3.333333333333333703e-01,0.000000000000000000e+00,0.000000000000000000e+00,0.000000000000000000e+00,0.000000000000000000e+00,0.000000000000000000e+00
0.000000000000000000e+00,4.580152671755723104e-02,0.000000000000000000e+00,1.000000000000000000e+00,0.000000000000000000e+00,4.545454545454544193e-02,5.555555555555571901e-02,8.381502890173412323e-01,9.908987485779293669e-01,1.000000000000000000e+00,0.000000000000000000e+00,0.000000000000000000e+00,1.000000000000000000e+00,0.000000000000000000e+00,1.000000000000000000e+00,0.000000000000000000e+00,9.883666821777570277e-01,9.537987679671459107e-01,1.011235955056180580e-01,0.000000000000000000e+00,1.000000000000000000e+00,0.000000000000000000e+00,4.999999999999998890e-01,0.000000000000000000e+00,1.000000000000000000e+00,0.000000000000000000e+00,9.433962264150943522e-01,7.272727272727271819e-01,1.741573033707865814e-01,0.000000000000000000e+00,0.000000000000000000e+00,0.000000000000000000e+00,0.000000000000000000e+00,0.000000000000000000e+00,2.142857142857143293e-01,8.962962962962960356e-01,4.166666666666665741e-02,2.324561403508774993e-01,5.000000000000000000e-01,5.172413793103457502e-01,1.428571428571428770e-01,7.500000000000000000e-01,0.000000000000000000e+00,0.000000000000000000e+00,5.000000000000000000e-01,6.033057851239664870e-01,3.333333333333333703e-01,0.000000000000000000e+00,0.000000000000000000e+00,0.000000000000000000e+00,0.000000000000000000e+00,0.000000000000000000e+00
0.000000000000000000e+00,4.198473282442749532e-02,0.000000000000000000e+00,1.000000000000000000e+00,0.000000000000000000e+00,4.545454545454544193e-02,5.555555555555571901e-02,8.381502890173412323e-01,9.908987485779293669e-01,1.000000000000000000e+00,0.000000000000000000e+00,0.000000000000000000e+00,1.000000000000000000e+00,0.000000000000000000e+00,1.000000000000000000e+00,0.000000000000000000e+00,9.860400186133084777e-01,9.537987679671459107e-01,1.011235955056180580e-01,0.000000000000000000e+00,1.000000000000000000e+00,0.000000000000000000e+00,4.999999999999998890e-01,0.000000000000000000e+00,1.000000000000000000e+00,0.000000000000000000e+00,9.433962264150943522e-01,7.272727272727271819e-01,1.741573033707865814e-01,0.000000000000000000e+00,0.000000000000000000e+00,0.000000000000000000e+00,0.000000000000000000e+00,0.000000000000000000e+00,2.142857142857143293e-01,8.962962962962960356e-01,4.166666666666665741e-02,2.324561403508774993e-01,5.000000000000000000e-01,4.655172413793112196e-01,7.142857142857143016e-01,7.500000000000000000e-01,0.000000000000000000e+00,0.000000000000000000e+00,2.500000000000000555e-01,6.033057851239664870e-01,3.333333333333333703e-01,0.000000000000000000e+00,0.000000000000000000e+00,0.000000000000000000e+00,0.000000000000000000e+00,0.000000000000000000e+00
0.000000000000000000e+00,3.435114503816802389e-02,0.000000000000000000e+00,1.000000000000000000e+00,0.000000000000000000e+00,4.545454545454544193e-02,5.555555555555571901e-02,8.381502890173412323e-01,9.908987485779293669e-01,1.000000000000000000e+00,0.000000000000000000e+00,0.000000000000000000e+00,1.000000000000000000e+00,0.000000000000000000e+00,1.000000000000000000e+00,0.000000000000000000e+00,9.837133550488598166e-01,9.537987679671459107e-01,1.011235955056180580e-01,0.000000000000000000e+00,1.000000000000000000e+00,0.000000000000000000e+00,4.999999999999998890e-01,0.000000000000000000e+00,1.000000000000000000e+00,0.000000000000000000e+00,9.433962264150943522e-01,6.363636363636363535e-01,1.741573033707865814e-01,0.000000000000000000e+00,0.000000000000000000e+00,0.000000000000000000e+00,0.000000000000000000e+00,0.000000000000000000e+00,2.142857142857143293e-01,8.962962962962960356e-01,2.314814814814810176e-02,2.324561403508774993e-01,5.000000000000000000e-01,6.206896551724130351e-01,7.142857142857143016e-01,6.666666666666667407e-01,0.000000000000000000e+00,0.000000000000000000e+00,2.500000000000000555e-01,6.033057851239664870e-01,3.333333333333333703e-01,0.000000000000000000e+00,0.000000000000000000e+00,0.000000000000000000e+00,0.000000000000000000e+00,0.000000000000000000e+00
0.000000000000000000e+00,3.053435114503815287e-02,0.000000000000000000e+00,1.000000000000000000e+00,0.000000000000000000e+00,4.545454545454544193e-02,5.555555555555571901e-02,8.381502890173412323e-01,9.908987485779293669e-01,1.000000000000000000e+00,0.000000000000000000e+00,0.000000000000000000e+00,1.000000000000000000e+00,0.000000000000000000e+00,1.000000000000000000e+00,0.000000000000000000e+00,9.837133550488598166e-01,9.537987679671459107e-01,1.048689138576779922e-01,0.000000000000000000e+00,1.000000000000000000e+00,0.000000000000000000e+00,4.999999999999998890e-01,0.000000000000000000e+00,1.000000000000000000e+00,0.000000000000000000e+00,9.433962264150943522e-01,6.363636363636363535e-01,1.760299625468165763e-01,0.000000000000000000e+00,0.000000000000000000e+00,0.000000000000000000e+00,0.000000000000000000e+00,0.000000000000000000e+00,2.142857142857143293e-01,8.962962962962960356e-01,2.314814814814810176e-02,2.324561403508774993e-01,5.000000000000000000e-01,7.413793103448269584e-01,7.142857142857143016e-01,6.666666666666667407e-01,0.000000000000000000e+00,0.000000000000000000e+00,2.500000000000000555e-01,6.033057851239664870e-01,3.333333333333333703e-01,0.000000000000000000e+00,0.000000000000000000e+00,0.000000000000000000e+00,0.000000000000000000e+00,0.000000000000000000e+00
0.000000000000000000e+00,2.671755725190841715e-02,0.000000000000000000e+00,1.000000000000000000e+00,0.000000000000000000e+00,4.545454545454544193e-02,5.555555555555571901e-02,8.381502890173412323e-01,9.908987485779293669e-01,1.000000000000000000e+00,0.000000000000000000e+00,0.000000000000000000e+00,1.000000000000000000e+00,0.000000000000000000e+00,1.000000000000000000e+00,0.000000000000000000e+00,9.883666821777570277e-01,9.527720739219713852e-01,1.048689138576779922e-01,0.000000000000000000e+00,1.000000000000000000e+00,0.000000000000000000e+00,4.999999999999998890e-01,0.000000000000000000e+00,1.000000000000000000e+00,0.000000000000000000e+00,9.150943396226413062e-01,6.363636363636363535e-01,1.760299625468165763e-01,0.000000000000000000e+00,0.000000000000000000e+00,0.000000000000000000e+00,0.000000000000000000e+00,0.000000000000000000e+00,2.142857142857143293e-01,8.962962962962960356e-01,2.314814814814810176e-02,2.324561403508774993e-01,5.000000000000000000e-01,6.206896551724130351e-01,7.142857142857143016e-01,6.666666666666667407e-01,0.000000000000000000e+00,0.000000000000000000e+00,2.500000000000000555e-01,6.033057851239664870e-01,3.333333333333333703e-01,0.000000000000000000e+00,0.000000000000000000e+00,0.000000000000000000e+00,0.000000000000000000e+00,0.000000000000000000e+00
0.000000000000000000e+00,2.290076335877868491e-02,0.000000000000000000e+00,1.000000000000000000e+00,0.000000000000000000e+00,4.545454545454544193e-02,5.555555555555571901e-02,8.381502890173412323e-01,9.908987485779293669e-01,1.000000000000000000e+00,0.000000000000000000e+00,0.000000000000000000e+00,1.000000000000000000e+00,0.000000000000000000e+00,1.000000000000000000e+00,0.000000000000000000e+00,9.883666821777570277e-01,9.527720739219713852e-01,1.048689138576779922e-01,0.000000000000000000e+00,1.000000000000000000e+00,0.000000000000000000e+00,4.999999999999998890e-01,0.000000000000000000e+00,1.000000000000000000e+00,0.000000000000000000e+00,8.962264150943395347e-01,7.272727272727271819e-01,1.741573033707865814e-01,0.000000000000000000e+00,0.000000000000000000e+00,0.000000000000000000e+00,0.000000000000000000e+00,0.000000000000000000e+00,2.142857142857143293e-01,8.962962962962960356e-01,2.314814814814810176e-02,2.324561403508774993e-01,5.000000000000000000e-01,4.310344827586214955e-01,7.142857142857143016e-01,6.666666666666667407e-01,0.000000000000000000e+00,0.000000000000000000e+00,2.500000000000000555e-01,6.033057851239664870e-01,3.333333333333333703e-01,0.000000000000000000e+00,0.000000000000000000e+00,0.000000000000000000e+00,0.000000000000000000e+00,0.000000000000000000e+00
0.000000000000000000e+00,2.290076335877868491e-02,0.000000000000000000e+00,1.000000000000000000e+00,0.000000000000000000e+00,4.545454545454544193e-02,5.555555555555571901e-02,8.381502890173412323e-01,9.908987485779293669e-01,1.000000000000000000e+00,0.000000000000000000e+00,0.000000000000000000e+00,1.000000000000000000e+00,0.000000000000000000e+00,1.000000000000000000e+00,0.000000000000000000e+00,9.883666821777570277e-01,9.527720739219713852e-01,1.048689138576779922e-01,0.000000000000000000e+00,1.000000000000000000e+00,0.000000000000000000e+00,4.999999999999998890e-01,0.000000000000000000e+00,1.000000000000000000e+00,0.000000000000000000e+00,8.962264150943395347e-01,7.272727272727271819e-01,1.760299625468165763e-01,0.000000000000000000e+00,0.000000000000000000e+00,0.000000000000000000e+00,0.000000000000000000e+00,0.000000000000000000e+00,2.142857142857143293e-01,9.037037037037035647e-01,2.314814814814810176e-02,2.324561403508774993e-01,5.000000000000000000e-01,3.448275862068971853e-01,5.714285714285715079e-01,6.666666666666667407e-01,0.000000000000000000e+00,0.000000000000000000e+00,2.500000000000000555e-01,6.033057851239664870e-01,3.333333333333333703e-01,0.000000000000000000e+00,0.000000000000000000e+00,0.000000000000000000e+00,0.000000000000000000e+00,0.000000000000000000e+00
0.000000000000000000e+00,2.290076335877868491e-02,0.000000000000000000e+00,1.000000000000000000e+00,0.000000000000000000e+00,4.545454545454544193e-02,5.555555555555571901e-02,8.381502890173412323e-01,9.908987485779293669e-01,1.000000000000000000e+00,0.000000000000000000e+00,0.000000000000000000e+00,1.000000000000000000e+00,0.000000000000000000e+00,1.000000000000000000e+00,0.000000000000000000e+00,9.883666821777570277e-01,9.527720739219713852e-01,1.086142322097378987e-01,0.000000000000000000e+00,1.000000000000000000e+00,0.000000000000000000e+00,4.999999999999998890e-01,0.000000000000000000e+00,1.000000000000000000e+00,0.000000000000000000e+00,8.962264150943395347e-01,7.272727272727271819e-01,1.760299625468165763e-01,0.000000000000000000e+00,0.000000000000000000e+00,0.000000000000000000e+00,0.000000000000000000e+00,0.000000000000000000e+00,2.142857142857143293e-01,9.037037037037035647e-01,2.314814814814810176e-02,2.324561403508774993e-01,5.000000000000000000e-01,3.448275862068971853e-01,2.857142857142857539e-01,6.666666666666667407e-01,0.000000000000000000e+00,0.000000000000000000e+00,2.500000000000000555e-01,6.033057851239664870e-01,3.333333333333333703e-01,0.000000000000000000e+00,0.000000000000000000e+00,0.000000000000000000e+00,0.000000000000000000e+00,0.000000000000000000e+00
0.000000000000000000e+00,1.908396946564881042e-02,0.000000000000000000e+00,1.000000000000000000e+00,0.000000000000000000e+00,4.545454545454544193e-02,5.555555555555571901e-02,8.381502890173412323e-01,9.908987485779293669e-01,1.000000000000000000e+00,0.000000000000000000e+00,0.000000000000000000e+00,1.000000000000000000e+00,0.000000000000000000e+00,1.000000000000000000e+00,0.000000000000000000e+00,9.883666821777570277e-01,9.527720739219713852e-01,1.086142322097378987e-01,0.000000000000000000e+00,1.000000000000000000e+00,0.000000000000000000e+00,4.999999999999998890e-01,0.000000000000000000e+00,1.000000000000000000e+00,0.000000000000000000e+00,8.962264150943395347e-01,6.363636363636363535e-01,1.760299625468165763e-01,0.000000000000000000e+00,0.000000000000000000e+00,0.000000000000000000e+00,0.000000000000000000e+00,0.000000000000000000e+00,2.142857142857143293e-01,9.037037037037035647e-01,2.314814814814810176e-02,2.324561403508774993e-01,5.000000000000000000e-01,4.655172413793112196e-01,1.428571428571428770e-01,6.666666666666667407e-01,0.000000000000000000e+00,0.000000000000000000e+00,5.000000000000000000e-01,6.033057851239664870e-01,3.333333333333333703e-01,0.000000000000000000e+00,0.000000000000000000e+00,0.000000000000000000e+00,0.000000000000000000e+00,0.000000000000000000e+00
0.000000000000000000e+00,1.526717557251907643e-02,0.000000000000000000e+00,1.000000000000000000e+00,0.000000000000000000e+00,4.545454545454544193e-02,5.555555555555571901e-02,8.323699421965320422e-01,9.897610921501706072e-01,1.000000000000000000e+00,0.000000000000000000e+00,0.000000000000000000e+00,1.000000000000000000e+00,0.000000000000000000e+00,1.000000000000000000e+00,0.000000000000000000e+00,9.883666821777570277e-01,9.527720739219713852e-01,1.086142322097378987e-01,0.000000000000000000e+00,1.000000000000000000e+00,0.000000000000000000e+00,4.999999999999998890e-01,0.000000000000000000e+00,1.000000000000000000e+00,0.000000000000000000e+00,8.962264150943395347e-01,6.363636363636363535e-01,1.760299625468165763e-01,0.000000000000000000e+00,0.000000000000000000e+00,0.000000000000000000e+00,0.000000000000000000e+00,0.000000000000000000e+00,2.142857142857143293e-01,9.037037037037035647e-01,2.314814814814810176e-02,2.324561403508774993e-01,6.249999999999998890e-01,5.689655172413785600e-01,1.428571428571428770e-01,6.666666666666667407e-01,0.000000000000000000e+00,0.000000000000000000e+00,5.000000000000000000e-01,6.033057851239664870e-01,3.333333333333333703e-01,0.000000000000000000e+00,0.000000000000000000e+00,0.000000000000000000e+00,0.000000000000000000e+00,0.000000000000000000e+00
0.000000000000000000e+00,1.526717557251907643e-02,0.000000000000000000e+00,1.000000000000000000e+00,0.000000000000000000e+00,4.545454545454544193e-02,5.555555555555571901e-02,8.265895953757227410e-01,9.897610921501706072e-01,1.000000000000000000e+00,0.000000000000000000e+00,0.000000000000000000e+00,1.000000000000000000e+00,0.000000000000000000e+00,1.000000000000000000e+00,0.000000000000000000e+00,9.883666821777570277e-01,9.527720739219713852e-01,1.086142322097378987e-01,0.000000000000000000e+00,1.000000000000000000e+00,0.000000000000000000e+00,4.999999999999998890e-01,0.000000000000000000e+00,1.000000000000000000e+00,0.000000000000000000e+00,8.962264150943395347e-01,8.181818181818181213e-01,1.779026217228465157e-01,0.000000000000000000e+00,0.000000000000000000e+00,0.000000000000000000e+00,0.000000000000000000e+00,0.000000000000000000e+00,2.142857142857143293e-01,9.037037037037035647e-01,2.314814814814810176e-02,2.324561403508774993e-01,7.500000000000000000e-01,6.206896551724130351e-01,1.428571428571428770e-01,6.666666666666667407e-01,0.000000000000000000e+00,0.000000000000000000e+00,5.000000000000000000e-01,6.033057851239664870e-01,3.333333333333333703e-01,0.000000000000000000e+00,0.000000000000000000e+00,0.000000000000000000e+00,0.000000000000000000e+00,0.000000000000000000e+00
0.000000000000000000e+00,1.145038167938934245e-02,0.000000000000000000e+00,1.000000000000000000e+00,0.000000000000000000e+00,4.545454545454544193e-02,5.555555555555571901e-02,8.265895953757227410e-01,9.897610921501706072e-01,1.000000000000000000e+00,0.000000000000000000e+00,0.000000000000000000e+00,1.000000000000000000e+00,0.000000000000000000e+00,1.000000000000000000e+00,0.000000000000000000e+00,9.883666821777570277e-01,9.527720739219713852e-01,1.086142322097378987e-01,0.000000000000000000e+00,1.000000000000000000e+00,0.000000000000000000e+00,4.999999999999998890e-01,0.000000000000000000e+00,1.000000000000000000e+00,0.000000000000000000e+00,8.962264150943395347e-01,9.090909090909090606e-01,1.760299625468165763e-01,0.000000000000000000e+00,0.000000000000000000e+00,0.000000000000000000e+00,0.000000000000000000e+00,0.000000000000000000e+00,2.142857142857143293e-01,9.037037037037035647e-01,2.314814814814810176e-02,2.324561403508774993e-01,7.500000000000000000e-01,4.827586206896560816e-01,1.428571428571428770e-01,6.666666666666667407e-01,0.000000000000000000e+00,0.000000000000000000e+00,5.000000000000000000e-01,6.033057851239664870e-01,3.333333333333333703e-01,0.000000000000000000e+00,0.000000000000000000e+00,0.000000000000000000e+00,0.000000000000000000e+00,0.000000000000000000e+00
0.000000000000000000e+00,1.145038167938934245e-02,0.000000000000000000e+00,1.000000000000000000e+00,0.000000000000000000e+00,4.545454545454544193e-02,5.555555555555571901e-02,8.265895953757227410e-01,9.908987485779293669e-01,1.000000000000000000e+00,0.000000000000000000e+00,0.000000000000000000e+00,1.000000000000000000e+00,0.000000000000000000e+00,1.000000000000000000e+00,0.000000000000000000e+00,9.883666821777570277e-01,9.527720739219713852e-01,1.086142322097378987e-01,0.000000000000000000e+00,1.000000000000000000e+00,0.000000000000000000e+00,4.999999999999998890e-01,0.000000000000000000e+00,1.000000000000000000e+00,0.000000000000000000e+00,8.962264150943395347e-01,9.090909090909090606e-01,1.760299625468165763e-01,0.000000000000000000e+00,0.000000000000000000e+00,0.000000000000000000e+00,0.000000000000000000e+00,0.000000000000000000e+00,2.142857142857143293e-01,9.037037037037035647e-01,2.314814814814810176e-02,2.324561403508774993e-01,7.500000000000000000e-01,4.827586206896560816e-01,1.428571428571428770e-01,6.666666666666667407e-01,0.000000000000000000e+00,0.000000000000000000e+00,5.000000000000000000e-01,6.033057851239664870e-01,3.333333333333333703e-01,0.000000000000000000e+00,0.000000000000000000e+00,0.000000000000000000e+00,0.000000000000000000e+00,0.000000000000000000e+00
0.000000000000000000e+00,1.145038167938934245e-02,0.000000000000000000e+00,1.000000000000000000e+00,0.000000000000000000e+00,4.545454545454544193e-02,5.555555555555571901e-02,8.265895953757227410e-01,9.908987485779293669e-01,1.000000000000000000e+00,0.000000000000000000e+00,0.000000000000000000e+00,1.000000000000000000e+00,0.000000000000000000e+00,1.000000000000000000e+00,0.000000000000000000e+00,9.906933457422055778e-01,9.527720739219713852e-01,1.086142322097378987e-01,0.000000000000000000e+00,1.000000000000000000e+00,0.000000000000000000e+00,4.999999999999998890e-01,0.000000000000000000e+00,1.000000000000000000e+00,0.000000000000000000e+00,8.962264150943395347e-01,9.090909090909090606e-01,1.779026217228465157e-01,0.000000000000000000e+00,0.000000000000000000e+00,0.000000000000000000e+00,0.000000000000000000e+00,0.000000000000000000e+00,2.142857142857143293e-01,9.555555555555552694e-01,2.314814814814810176e-02,2.324561403508774993e-01,7.500000000000000000e-01,3.793103448275869649e-01,1.428571428571428770e-01,6.666666666666667407e-01,0.000000000000000000e+00,0.000000000000000000e+00,5.000000000000000000e-01,6.033057851239664870e-01,3.333333333333333703e-01,0.000000000000000000e+00,0.000000000000000000e+00,0.000000000000000000e+00,0.000000000000000000e+00,0.000000000000000000e+00
0.000000000000000000e+00,7.633587786259606739e-03,0.000000000000000000e+00,1.000000000000000000e+00,0.000000000000000000e+00,4.545454545454544193e-02,5.555555555555571901e-02,8.265895953757227410e-01,9.908987485779293669e-01,1.000000000000000000e+00,0.000000000000000000e+00,0.000000000000000000e+00,1.000000000000000000e+00,0.000000000000000000e+00,1.000000000000000000e+00,0.000000000000000000e+00,9.906933457422055778e-01,9.527720739219713852e-01,1.086142322097378987e-01,0.000000000000000000e+00,1.000000000000000000e+00,0.000000000000000000e+00,4.999999999999998890e-01,0.000000000000000000e+00,1.000000000000000000e+00,0.000000000000000000e+00,8.962264150943395347e-01,8.181818181818181213e-01,1.760299625468165763e-01,0.000000000000000000e+00,0.000000000000000000e+00,0.000000000000000000e+00,0.000000000000000000e+00,0.000000000000000000e+00,0.000000000000000000e+00,1.000000000000000000e+00,2.314814814814810176e-02,2.324561403508774993e-01,7.500000000000000000e-01,3.620689655172420474e-01,1.428571428571428770e-01,6.666666666666667407e-01,0.000000000000000000e+00,0.000000000000000000e+00,5.000000000000000000e-01,6.033057851239664870e-01,3.333333333333333703e-01,0.000000000000000000e+00,0.000000000000000000e+00,0.000000000000000000e+00,0.000000000000000000e+00,0.000000000000000000e+00
0.000000000000000000e+00,3.816793893129734848e-03,0.000000000000000000e+00,1.000000000000000000e+00,0.000000000000000000e+00,4.545454545454544193e-02,5.555555555555571901e-02,8.265895953757227410e-01,9.908987485779293669e-01,1.000000000000000000e+00,0.000000000000000000e+00,0.000000000000000000e+00,1.000000000000000000e+00,0.000000000000000000e+00,1.000000000000000000e+00,0.000000000000000000e+00,9.906933457422055778e-01,9.527720739219713852e-01,1.048689138576779922e-01,0.000000000000000000e+00,1.000000000000000000e+00,0.000000000000000000e+00,4.999999999999998890e-01,0.000000000000000000e+00,1.000000000000000000e+00,0.000000000000000000e+00,9.339622641509434109e-01,7.272727272727271819e-01,1.779026217228465157e-01,0.000000000000000000e+00,0.000000000000000000e+00,0.000000000000000000e+00,0.000000000000000000e+00,0.000000000000000000e+00,0.000000000000000000e+00,9.555555555555552694e-01,2.314814814814810176e-02,2.324561403508774993e-01,6.249999999999998890e-01,4.655172413793112196e-01,1.428571428571428770e-01,6.666666666666667407e-01,0.000000000000000000e+00,0.000000000000000000e+00,2.500000000000000555e-01,6.033057851239664870e-01,3.333333333333333703e-01,0.000000000000000000e+00,0.000000000000000000e+00,0.000000000000000000e+00,0.000000000000000000e+00,0.000000000000000000e+00
0.000000000000000000e+00,3.816793893129734848e-03,0.000000000000000000e+00,1.000000000000000000e+00,0.000000000000000000e+00,4.545454545454544193e-02,5.555555555555571901e-02,8.265895953757227410e-01,9.908987485779293669e-01,1.000000000000000000e+00,0.000000000000000000e+00,0.000000000000000000e+00,1.000000000000000000e+00,0.000000000000000000e+00,1.000000000000000000e+00,0.000000000000000000e+00,9.883666821777570277e-01,9.537987679671459107e-01,1.086142322097378987e-01,0.000000000000000000e+00,1.000000000000000000e+00,0.000000000000000000e+00,4.999999999999998890e-01,0.000000000000000000e+00,1.000000000000000000e+00,0.000000000000000000e+00,9.339622641509434109e-01,6.363636363636363535e-01,1.779026217228465157e-01,0.000000000000000000e+00,0.000000000000000000e+00,0.000000000000000000e+00,0.000000000000000000e+00,0.000000000000000000e+00,0.000000000000000000e+00,9.555555555555552694e-01,2.314814814814810176e-02,2.324561403508774993e-01,5.000000000000000000e-01,2.758620689655177372e-01,1.428571428571428770e-01,6.666666666666667407e-01,0.000000000000000000e+00,0.000000000000000000e+00,2.500000000000000555e-01,6.033057851239664870e-01,3.333333333333333703e-01,0.000000000000000000e+00,0.000000000000000000e+00,0.000000000000000000e+00,0.000000000000000000e+00,0.000000000000000000e+00
0.000000000000000000e+00,3.816793893129734848e-03,0.000000000000000000e+00,1.000000000000000000e+00,0.000000000000000000e+00,4.545454545454544193e-02,5.555555555555571901e-02,8.265895953757227410e-01,9.908987485779293669e-01,1.000000000000000000e+00,0.000000000000000000e+00,0.000000000000000000e+00,1.000000000000000000e+00,0.000000000000000000e+00,1.000000000000000000e+00,0.000000000000000000e+00,9.883666821777570277e-01,9.537987679671459107e-01,1.048689138576779922e-01,0.000000000000000000e+00,1.000000000000000000e+00,0.000000000000000000e+00,4.999999999999998890e-01,0.000000000000000000e+00,1.000000000000000000e+00,0.000000000000000000e+00,9.339622641509434109e-01,5.454545454545454142e-01,1.779026217228465157e-01,0.000000000000000000e+00,0.000000000000000000e+00,0.000000000000000000e+00,0.000000000000000000e+00,0.000000000000000000e+00,0.000000000000000000e+00,9.555555555555552694e-01,2.314814814814810176e-02,2.324561403508774993e-01,5.000000000000000000e-01,2.758620689655177372e-01,1.428571428571428770e-01,6.666666666666667407e-01,0.000000000000000000e+00,0.000000000000000000e+00,2.500000000000000555e-01,6.033057851239664870e-01,3.333333333333333703e-01,0.000000000000000000e+00,0.000000000000000000e+00,0.000000000000000000e+00,0.000000000000000000e+00,0.000000000000000000e+00
0.000000000000000000e+00,3.816793893129734848e-03,0.000000000000000000e+00,1.000000000000000000e+00,0.000000000000000000e+00,4.545454545454544193e-02,5.555555555555571901e-02,8.265895953757227410e-01,9.908987485779293669e-01,1.000000000000000000e+00,0.000000000000000000e+00,0.000000000000000000e+00,1.000000000000000000e+00,0.000000000000000000e+00,1.000000000000000000e+00,0.000000000000000000e+00,9.883666821777570277e-01,9.537987679671459107e-01,1.048689138576779922e-01,0.000000000000000000e+00,1.000000000000000000e+00,0.000000000000000000e+00,4.999999999999998890e-01,0.000000000000000000e+00,1.000000000000000000e+00,0.000000000000000000e+00,9.339622641509434109e-01,5.454545454545454142e-01,1.797752808988765105e-01,0.000000000000000000e+00,0.000000000000000000e+00,0.000000000000000000e+00,0.000000000000000000e+00,0.000000000000000000e+00,7.142857142857143848e-02,9.555555555555552694e-01,2.314814814814810176e-02,2.324561403508774993e-01,5.000000000000000000e-01,3.103448275862074612e-01,5.714285714285715079e-01,6.666666666666667407e-01,0.000000000000000000e+00,0.000000000000000000e+00,2.500000000000000555e-01,6.033057851239664870e-01,3.333333333333333703e-01,0.000000000000000000e+00,0.000000000000000000e+00,0.000000000000000000e+00,0.000000000000000000e+00,0.000000000000000000e+00
0.000000000000000000e+00,0.000000000000000000e+00,0.000000000000000000e+00,1.000000000000000000e+00,0.000000000000000000e+00,4.545454545454544193e-02,5.555555555555571901e-02,8.265895953757227410e-01,9.908987485779293669e-01,1.000000000000000000e+00,0.000000000000000000e+00,0.000000000000000000e+00,1.000000000000000000e+00,0.000000000000000000e+00,1.000000000000000000e+00,0.000000000000000000e+00,9.883666821777570277e-01,9.537987679671459107e-01,1.048689138576779922e-01,0.000000000000000000e+00,1.000000000000000000e+00,0.000000000000000000e+00,4.999999999999998890e-01,0.000000000000000000e+00,1.000000000000000000e+00,0.000000000000000000e+00,9.150943396226413062e-01,5.454545454545454142e-01,1.797752808988765105e-01,0.000000000000000000e+00,0.000000000000000000e+00,0.000000000000000000e+00,0.000000000000000000e+00,0.000000000000000000e+00,1.428571428571428770e-01,9.555555555555552694e-01,2.314814814814810176e-02,2.324561403508774993e-01,6.249999999999998890e-01,2.413793103448280408e-01,7.142857142857143016e-01,3.333333333333333148e-01,0.000000000000000000e+00,0.000000000000000000e+00,5.000000000000000000e-01,6.033057851239664870e-01,3.333333333333333703e-01,0.000000000000000000e+00,0.000000000000000000e+00,0.000000000000000000e+00,0.000000000000000000e+00,0.000000000000000000e+00
0.000000000000000000e+00,0.000000000000000000e+00,0.000000000000000000e+00,1.000000000000000000e+00,0.000000000000000000e+00,4.545454545454544193e-02,5.555555555555571901e-02,8.265895953757227410e-01,9.908987485779293669e-01,1.000000000000000000e+00,0.000000000000000000e+00,0.000000000000000000e+00,1.000000000000000000e+00,0.000000000000000000e+00,1.000000000000000000e+00,0.000000000000000000e+00,9.883666821777570277e-01,9.537987679671459107e-01,1.048689138576779922e-01,0.000000000000000000e+00,1.000000000000000000e+00,0.000000000000000000e+00,4.999999999999998890e-01,0.000000000000000000e+00,1.000000000000000000e+00,0.000000000000000000e+00,9.150943396226413062e-01,5.454545454545454142e-01,1.797752808988765105e-01,0.000000000000000000e+00,0.000000000000000000e+00,0.000000000000000000e+00,0.000000000000000000e+00,0.000000000000000000e+00,1.428571428571428770e-01,9.555555555555552694e-01,2.314814814814810176e-02,2.324561403508774993e-01,6.249999999999998890e-01,4.482758620689663576e-01,7.142857142857143016e-01,8.333333333333332871e-02,0.000000000000000000e+00,0.000000000000000000e+00,5.000000000000000000e-01,6.033057851239664870e-01,3.333333333333333703e-01,0.000000000000000000e+00,0.000000000000000000e+00,0.000000000000000000e+00,0.000000000000000000e+00,0.000000000000000000e+00
0.000000000000000000e+00,0.000000000000000000e+00,0.000000000000000000e+00,1.000000000000000000e+00,0.000000000000000000e+00,4.545454545454544193e-02,5.555555555555571901e-02,8.265895953757227410e-01,9.908987485779293669e-01,1.000000000000000000e+00,0.000000000000000000e+00,0.000000000000000000e+00,1.000000000000000000e+00,0.000000000000000000e+00,1.000000000000000000e+00,0.000000000000000000e+00,9.883666821777570277e-01,9.537987679671459107e-01,1.048689138576779922e-01,0.000000000000000000e+00,1.000000000000000000e+00,0.000000000000000000e+00,4.999999999999998890e-01,0.000000000000000000e+00,1.000000000000000000e+00,0.000000000000000000e+00,9.150943396226413062e-01,5.454545454545454142e-01,1.779026217228465157e-01,0.000000000000000000e+00,0.000000000000000000e+00,0.000000000000000000e+00,0.000000000000000000e+00,0.000000000000000000e+00,1.428571428571428770e-01,9.555555555555552694e-01,0.000000000000000000e+00,2.324561403508774993e-01,7.500000000000000000e-01,4.827586206896560816e-01,7.142857142857143016e-01,8.333333333333332871e-02,0.000000000000000000e+00,0.000000000000000000e+00,5.000000000000000000e-01,6.033057851239664870e-01,3.333333333333333703e-01,0.000000000000000000e+00,0.000000000000000000e+00,0.000000000000000000e+00,0.000000000000000000e+00,0.000000000000000000e+00
